concept1,concept2,yes,no
vertebrate,animal,-8.7738037109375e-05,-10.87508773803711
vertebrate,vertebrate,-0.001529693603515625,-6.876529693603516
vertebrate,invertebrate,-10.062572479248047,-7.2479248046875e-05
vertebrate,mammal,-10.562545776367188,-4.57763671875e-05
vertebrate,bird,-10.000070571899414,-7.05718994140625e-05
vertebrate,reptile,-10.250057220458984,-5.7220458984375e-05
vertebrate,amphibian,-10.125062942504883,-6.29425048828125e-05
vertebrate,fish,-9.625089645385742,-8.96453857421875e-05
vertebrate,arthropod,-10.625045776367188,-4.57763671875e-05
vertebrate,insect,-10.625045776367188,-4.57763671875e-05
vertebrate,bird of prey,-10.562557220458984,-5.7220458984375e-05
vertebrate,aquatic bird,-9.312643051147461,-0.0001430511474609375
vertebrate,canine,-10.12506103515625,-6.103515625e-05
vertebrate,feline,-10.125057220458984,-5.7220458984375e-05
vertebrate,primate,-9.937570571899414,-7.05718994140625e-05
vertebrate,aquatic mammal,-8.875202178955078,-0.000202178955078125
vertebrate,rodent,-10.250053405761719,-5.340576171875e-05
vertebrate,bat,-9.562599182128906,-9.918212890625e-05
vertebrate,bear,-9.937570571899414,-7.05718994140625e-05
vertebrate,cat,-9.750082015991211,-8.20159912109375e-05
vertebrate,cheetah,-9.937570571899414,-7.05718994140625e-05
vertebrate,leopard,-9.62509536743164,-9.5367431640625e-05
vertebrate,lion,-9.687585830688477,-8.58306884765625e-05
vertebrate,panther,-9.500110626220703,-0.000110626220703125
vertebrate,tiger,-9.500102996826172,-0.000102996826171875
vertebrate,dog,-9.812578201293945,-7.82012939453125e-05
vertebrate,fox,-9.937572479248047,-7.2479248046875e-05
vertebrate,hyena,-9.62509536743164,-9.5367431640625e-05
vertebrate,wolf,-9.750085830688477,-8.58306884765625e-05
vertebrate,raccoon,-9.625091552734375,-9.1552734375e-05
vertebrate,skunk,-9.750085830688477,-8.58306884765625e-05
vertebrate,otter,-9.500102996826172,-0.000102996826171875
vertebrate,beaver,-9.625093460083008,-9.34600830078125e-05
vertebrate,chipmunk,-9.875072479248047,-7.2479248046875e-05
vertebrate,squirrel,-9.87507438659668,-7.43865966796875e-05
vertebrate,gerbil,-9.687585830688477,-8.58306884765625e-05
vertebrate,guinea_pig,-9.68758773803711,-8.7738037109375e-05
vertebrate,hamster,-9.875068664550781,-6.866455078125e-05
vertebrate,mouse,-9.62508773803711,-8.7738037109375e-05
vertebrate,porcupine,-9.625099182128906,-9.918212890625e-05
vertebrate,rat,-9.937572479248047,-7.2479248046875e-05
vertebrate,buffalo,-9.68758773803711,-8.7738037109375e-05
vertebrate,cow,-9.937570571899414,-7.05718994140625e-05
vertebrate,ox,-9.625093460083008,-9.34600830078125e-05
vertebrate,goat,-9.625093460083008,-9.34600830078125e-05
vertebrate,sheep,-9.812576293945312,-7.62939453125e-05
vertebrate,deer,-9.875076293945312,-7.62939453125e-05
vertebrate,moose,-9.500104904174805,-0.0001049041748046875
vertebrate,giraffe,-9.62509536743164,-9.5367431640625e-05
vertebrate,camel,-9.500102996826172,-0.000102996826171875
vertebrate,hippo,-9.25013542175293,-0.0001354217529296875
vertebrate,llama,-9.625089645385742,-8.96453857421875e-05
vertebrate,pig,-9.562599182128906,-9.918212890625e-05
vertebrate,donkey,-9.875078201293945,-7.82012939453125e-05
vertebrate,horse,-9.875076293945312,-7.62939453125e-05
vertebrate,pony,-9.562593460083008,-9.34600830078125e-05
vertebrate,zebra,-9.625093460083008,-9.34600830078125e-05
vertebrate,rhino,-9.687591552734375,-9.1552734375e-05
vertebrate,gorilla,-9.750082015991211,-8.20159912109375e-05
vertebrate,monkey,-10.000068664550781,-6.866455078125e-05
vertebrate,hedgehog,-9.62509536743164,-9.5367431640625e-05
vertebrate,rabbit,-9.562597274780273,-9.72747802734375e-05
vertebrate,seal,-9.625097274780273,-9.72747802734375e-05
vertebrate,walrus,-9.375118255615234,-0.000118255615234375
vertebrate,dolphin,-9.562597274780273,-9.72747802734375e-05
vertebrate,whale,-9.562601089477539,-0.0001010894775390625
vertebrate,elephant,-9.750080108642578,-8.0108642578125e-05
vertebrate,kangaroo,-9.625093460083008,-9.34600830078125e-05
vertebrate,platypus,-9.625101089477539,-0.0001010894775390625
vertebrate,crocodile,-9.875076293945312,-7.62939453125e-05
vertebrate,alligator,-10.125062942504883,-6.29425048828125e-05
vertebrate,lizard,-10.375049591064453,-4.9591064453125e-05
vertebrate,iguana,-10.000068664550781,-6.866455078125e-05
vertebrate,rattlesnake,-10.25006103515625,-6.103515625e-05
vertebrate,tortoise,-9.625093460083008,-9.34600830078125e-05
vertebrate,turtle,-9.750085830688477,-8.58306884765625e-05
vertebrate,frog,-10.18756103515625,-6.103515625e-05
vertebrate,toad,-9.93757438659668,-7.43865966796875e-05
vertebrate,budgie,-9.625091552734375,-9.1552734375e-05
vertebrate,parakeet,-9.875080108642578,-8.0108642578125e-05
vertebrate,buzzard,-10.000070571899414,-7.05718994140625e-05
vertebrate,falcon,-10.062566757202148,-6.67572021484375e-05
vertebrate,hawk,-9.875080108642578,-8.0108642578125e-05
vertebrate,eagle,-9.937572479248047,-7.2479248046875e-05
vertebrate,owl,-9.750082015991211,-8.20159912109375e-05
vertebrate,canary,-9.562599182128906,-9.918212890625e-05
vertebrate,magpie,-9.62509536743164,-9.5367431640625e-05
vertebrate,raven,-9.62509536743164,-9.5367431640625e-05
vertebrate,nightingale,-9.312620162963867,-0.0001201629638671875
vertebrate,robin,-9.562599182128906,-9.918212890625e-05
vertebrate,starling,-9.50010871887207,-0.0001087188720703125
vertebrate,sparrow,-9.812583923339844,-8.392333984375e-05
vertebrate,wren,-9.625093460083008,-9.34600830078125e-05
vertebrate,chicken,-10.000066757202148,-6.67572021484375e-05
vertebrate,cockerel,-9.375118255615234,-0.000118255615234375
vertebrate,turkey,-9.375110626220703,-0.000110626220703125
vertebrate,dove,-9.625093460083008,-9.34600830078125e-05
vertebrate,pigeon,-9.87507438659668,-7.43865966796875e-05
vertebrate,partridge,-9.562601089477539,-0.0001010894775390625
vertebrate,peacock,-9.312623977661133,-0.0001239776611328125
vertebrate,crane,-9.250131607055664,-0.0001316070556640625
vertebrate,flamingo,-9.375110626220703,-0.000110626220703125
vertebrate,heron,-9.687593460083008,-9.34600830078125e-05
vertebrate,duck,-9.68758773803711,-8.7738037109375e-05
vertebrate,goose,-9.437606811523438,-0.0001068115234375
vertebrate,pelican,-9.68758773803711,-8.7738037109375e-05
vertebrate,penguin,-9.43760871887207,-0.0001087188720703125
vertebrate,seagull,-9.750082015991211,-8.20159912109375e-05
vertebrate,swan,-9.62509536743164,-9.5367431640625e-05
vertebrate,hummingbird,-9.562599182128906,-9.918212890625e-05
vertebrate,kingfisher,-9.62509536743164,-9.5367431640625e-05
vertebrate,woodpecker,-9.62509536743164,-9.5367431640625e-05
vertebrate,emu,-9.687591552734375,-9.1552734375e-05
vertebrate,ostrich,-10.000070571899414,-7.05718994140625e-05
vertebrate,carp,-9.875076293945312,-7.62939453125e-05
vertebrate,goldfish,-9.625091552734375,-9.1552734375e-05
vertebrate,minnow,-9.875076293945312,-7.62939453125e-05
vertebrate,cod,-9.187639236450195,-0.0001392364501953125
vertebrate,herring,-9.3126220703125,-0.0001220703125
vertebrate,sardine,-9.68758773803711,-8.7738037109375e-05
vertebrate,salmon,-9.750082015991211,-8.20159912109375e-05
vertebrate,trout,-9.87507438659668,-7.43865966796875e-05
vertebrate,eel,-10.000068664550781,-6.866455078125e-05
vertebrate,flounder,-9.750083923339844,-8.392333984375e-05
vertebrate,mackerel,-9.625093460083008,-9.34600830078125e-05
vertebrate,tuna,-9.68758773803711,-8.7738037109375e-05
vertebrate,seahorse,-9.625099182128906,-9.918212890625e-05
vertebrate,shark,-9.750085830688477,-8.58306884765625e-05
vertebrate,bee,-9.937570571899414,-7.05718994140625e-05
vertebrate,hornet,-10.000070571899414,-7.05718994140625e-05
vertebrate,wasp,-10.000070571899414,-7.05718994140625e-05
vertebrate,ant,-9.937572479248047,-7.2479248046875e-05
vertebrate,beetle,-10.375051498413086,-5.14984130859375e-05
vertebrate,ladybird,-9.625093460083008,-9.34600830078125e-05
vertebrate,butterfly,-10.000070571899414,-7.05718994140625e-05
vertebrate,moth,-9.937572479248047,-7.2479248046875e-05
vertebrate,cockroach,-9.750083923339844,-8.392333984375e-05
vertebrate,cricket,-9.937570571899414,-7.05718994140625e-05
vertebrate,grasshopper,-10.125059127807617,-5.91278076171875e-05
vertebrate,locust,-9.937572479248047,-7.2479248046875e-05
vertebrate,dragonfly,-10.000068664550781,-6.866455078125e-05
vertebrate,flea,-10.12506103515625,-6.103515625e-05
vertebrate,housefly,-9.937572479248047,-7.2479248046875e-05
vertebrate,mosquito,-9.812582015991211,-8.20159912109375e-05
vertebrate,stick_insect,-9.68758773803711,-8.7738037109375e-05
vertebrate,termite,-9.937570571899414,-7.05718994140625e-05
vertebrate,centipede,-10.18756103515625,-6.103515625e-05
vertebrate,millipede,-10.000068664550781,-6.866455078125e-05
vertebrate,scorpion,-10.000070571899414,-7.05718994140625e-05
vertebrate,spider,-10.062566757202148,-6.67572021484375e-05
vertebrate,tarantula,-9.875076293945312,-7.62939453125e-05
vertebrate,crab,-9.87507438659668,-7.43865966796875e-05
vertebrate,crayfish,-9.93757438659668,-7.43865966796875e-05
vertebrate,lobster,-9.312616348266602,-0.0001163482666015625
vertebrate,prawn,-9.687583923339844,-8.392333984375e-05
vertebrate,shrimp,-9.687585830688477,-8.58306884765625e-05
vertebrate,slug,-9.750082015991211,-8.20159912109375e-05
vertebrate,snail,-9.937570571899414,-7.05718994140625e-05
vertebrate,clam,-9.687589645385742,-8.96453857421875e-05
vertebrate,mussel,-9.625091552734375,-9.1552734375e-05
vertebrate,scallop,-9.750083923339844,-8.392333984375e-05
vertebrate,oyster,-9.437604904174805,-0.0001049041748046875
vertebrate,squid,-10.000066757202148,-6.67572021484375e-05
vertebrate,octopus,-9.750082015991211,-8.20159912109375e-05
vertebrate,worm,-9.875072479248047,-7.2479248046875e-05
vertebrate,jellyfish,-9.937572479248047,-7.2479248046875e-05
invertebrate,animal,-0.0001049041748046875,-10.250104904174805
invertebrate,vertebrate,-10.625043869018555,-4.38690185546875e-05
invertebrate,invertebrate,-0.024785995483398438,-3.7747859954833984
invertebrate,mammal,-11.06253433227539,-3.4332275390625e-05
invertebrate,bird,-10.562545776367188,-4.57763671875e-05
invertebrate,reptile,-11.125032424926758,-3.24249267578125e-05
invertebrate,amphibian,-10.875041961669922,-4.1961669921875e-05
invertebrate,fish,-11.125030517578125,-3.0517578125e-05
invertebrate,arthropod,-11.062541961669922,-4.1961669921875e-05
invertebrate,insect,-11.187538146972656,-3.814697265625e-05
invertebrate,bird of prey,-10.687551498413086,-5.14984130859375e-05
invertebrate,aquatic bird,-10.562553405761719,-5.340576171875e-05
invertebrate,canine,-10.250059127807617,-5.91278076171875e-05
invertebrate,feline,-10.250057220458984,-5.7220458984375e-05
invertebrate,primate,-10.56254768371582,-4.76837158203125e-05
invertebrate,aquatic mammal,-10.750045776367188,-4.57763671875e-05
invertebrate,rodent,-10.625045776367188,-4.57763671875e-05
invertebrate,bat,-9.875082015991211,-8.20159912109375e-05
invertebrate,bear,-10.125064849853516,-6.4849853515625e-05
invertebrate,cat,-10.187559127807617,-5.91278076171875e-05
invertebrate,cheetah,-10.125066757202148,-6.67572021484375e-05
invertebrate,leopard,-9.875080108642578,-8.0108642578125e-05
invertebrate,lion,-10.125062942504883,-6.29425048828125e-05
invertebrate,panther,-9.875085830688477,-8.58306884765625e-05
invertebrate,tiger,-9.812585830688477,-8.58306884765625e-05
invertebrate,dog,-10.250057220458984,-5.7220458984375e-05
invertebrate,fox,-10.125066757202148,-6.67572021484375e-05
invertebrate,hyena,-10.062572479248047,-7.2479248046875e-05
invertebrate,wolf,-10.000072479248047,-7.2479248046875e-05
invertebrate,raccoon,-9.937582015991211,-8.20159912109375e-05
invertebrate,skunk,-10.000076293945312,-7.62939453125e-05
invertebrate,otter,-9.937576293945312,-7.62939453125e-05
invertebrate,beaver,-9.937576293945312,-7.62939453125e-05
invertebrate,chipmunk,-10.125064849853516,-6.4849853515625e-05
invertebrate,squirrel,-10.25006103515625,-6.103515625e-05
invertebrate,gerbil,-10.000072479248047,-7.2479248046875e-05
invertebrate,guinea_pig,-9.937576293945312,-7.62939453125e-05
invertebrate,hamster,-10.12506103515625,-6.103515625e-05
invertebrate,mouse,-10.12506103515625,-6.103515625e-05
invertebrate,porcupine,-9.875085830688477,-8.58306884765625e-05
invertebrate,rat,-10.375055313110352,-5.53131103515625e-05
invertebrate,buffalo,-9.875082015991211,-8.20159912109375e-05
invertebrate,cow,-10.187562942504883,-6.29425048828125e-05
invertebrate,ox,-9.625101089477539,-0.0001010894775390625
invertebrate,goat,-10.000072479248047,-7.2479248046875e-05
invertebrate,sheep,-10.062566757202148,-6.67572021484375e-05
invertebrate,deer,-10.00007438659668,-7.43865966796875e-05
invertebrate,moose,-9.937576293945312,-7.62939453125e-05
invertebrate,giraffe,-9.937576293945312,-7.62939453125e-05
invertebrate,camel,-9.812582015991211,-8.20159912109375e-05
invertebrate,hippo,-9.625099182128906,-9.918212890625e-05
invertebrate,llama,-9.875078201293945,-7.82012939453125e-05
invertebrate,pig,-10.062570571899414,-7.05718994140625e-05
invertebrate,donkey,-10.062570571899414,-7.05718994140625e-05
invertebrate,horse,-10.062568664550781,-6.866455078125e-05
invertebrate,pony,-9.87507438659668,-7.43865966796875e-05
invertebrate,zebra,-9.937576293945312,-7.62939453125e-05
invertebrate,rhino,-9.937580108642578,-8.0108642578125e-05
invertebrate,gorilla,-9.875080108642578,-8.0108642578125e-05
invertebrate,monkey,-10.312557220458984,-5.7220458984375e-05
invertebrate,hedgehog,-9.937580108642578,-8.0108642578125e-05
invertebrate,rabbit,-10.062566757202148,-6.67572021484375e-05
invertebrate,seal,-9.937576293945312,-7.62939453125e-05
invertebrate,walrus,-9.500118255615234,-0.000118255615234375
invertebrate,dolphin,-10.000072479248047,-7.2479248046875e-05
invertebrate,whale,-10.187562942504883,-6.29425048828125e-05
invertebrate,elephant,-10.000070571899414,-7.05718994140625e-05
invertebrate,kangaroo,-9.937576293945312,-7.62939453125e-05
invertebrate,platypus,-10.000080108642578,-8.0108642578125e-05
invertebrate,crocodile,-10.312557220458984,-5.7220458984375e-05
invertebrate,alligator,-10.25006103515625,-6.103515625e-05
invertebrate,lizard,-10.812540054321289,-4.00543212890625e-05
invertebrate,iguana,-10.25006103515625,-6.103515625e-05
invertebrate,rattlesnake,-10.250062942504883,-6.29425048828125e-05
invertebrate,tortoise,-10.125064849853516,-6.4849853515625e-05
invertebrate,turtle,-10.125066757202148,-6.67572021484375e-05
invertebrate,frog,-10.500049591064453,-4.9591064453125e-05
invertebrate,toad,-10.375053405761719,-5.340576171875e-05
invertebrate,budgie,-9.62509536743164,-9.5367431640625e-05
invertebrate,parakeet,-10.125072479248047,-7.2479248046875e-05
invertebrate,buzzard,-10.187568664550781,-6.866455078125e-05
invertebrate,falcon,-10.00007438659668,-7.43865966796875e-05
invertebrate,hawk,-10.125068664550781,-6.866455078125e-05
invertebrate,eagle,-10.125066757202148,-6.67572021484375e-05
invertebrate,owl,-9.812583923339844,-8.392333984375e-05
invertebrate,canary,-9.68759536743164,-9.5367431640625e-05
invertebrate,magpie,-10.062568664550781,-6.866455078125e-05
invertebrate,raven,-9.875085830688477,-8.58306884765625e-05
invertebrate,nightingale,-9.562599182128906,-9.918212890625e-05
invertebrate,robin,-9.750089645385742,-8.96453857421875e-05
invertebrate,starling,-9.875083923339844,-8.392333984375e-05
invertebrate,sparrow,-10.125068664550781,-6.866455078125e-05
invertebrate,wren,-10.000072479248047,-7.2479248046875e-05
invertebrate,chicken,-10.18756103515625,-6.103515625e-05
invertebrate,cockerel,-9.81258773803711,-8.7738037109375e-05
invertebrate,turkey,-9.750083923339844,-8.392333984375e-05
invertebrate,dove,-9.875082015991211,-8.20159912109375e-05
invertebrate,pigeon,-10.062568664550781,-6.866455078125e-05
invertebrate,partridge,-9.812585830688477,-8.58306884765625e-05
invertebrate,peacock,-9.437618255615234,-0.000118255615234375
invertebrate,crane,-9.687593460083008,-9.34600830078125e-05
invertebrate,flamingo,-9.312623977661133,-0.0001239776611328125
invertebrate,heron,-9.875085830688477,-8.58306884765625e-05
invertebrate,duck,-10.062568664550781,-6.866455078125e-05
invertebrate,goose,-9.93757438659668,-7.43865966796875e-05
invertebrate,pelican,-9.875082015991211,-8.20159912109375e-05
invertebrate,penguin,-9.93757438659668,-7.43865966796875e-05
invertebrate,seagull,-10.125064849853516,-6.4849853515625e-05
invertebrate,swan,-9.812585830688477,-8.58306884765625e-05
invertebrate,hummingbird,-9.750089645385742,-8.96453857421875e-05
invertebrate,kingfisher,-9.812589645385742,-8.96453857421875e-05
invertebrate,woodpecker,-9.875080108642578,-8.0108642578125e-05
invertebrate,emu,-9.875085830688477,-8.58306884765625e-05
invertebrate,ostrich,-10.125062942504883,-6.29425048828125e-05
invertebrate,carp,-10.250059127807617,-5.91278076171875e-05
invertebrate,goldfish,-10.000072479248047,-7.2479248046875e-05
invertebrate,minnow,-10.375057220458984,-5.7220458984375e-05
invertebrate,cod,-9.75008773803711,-8.7738037109375e-05
invertebrate,herring,-9.937576293945312,-7.62939453125e-05
invertebrate,sardine,-10.000072479248047,-7.2479248046875e-05
invertebrate,salmon,-9.93757438659668,-7.43865966796875e-05
invertebrate,trout,-10.12506103515625,-6.103515625e-05
invertebrate,eel,-10.56254768371582,-4.76837158203125e-05
invertebrate,flounder,-10.125070571899414,-7.05718994140625e-05
invertebrate,mackerel,-10.000072479248047,-7.2479248046875e-05
invertebrate,tuna,-10.000070571899414,-7.05718994140625e-05
invertebrate,seahorse,-9.875093460083008,-9.34600830078125e-05
invertebrate,shark,-10.125066757202148,-6.67572021484375e-05
invertebrate,bee,-10.312559127807617,-5.91278076171875e-05
invertebrate,hornet,-10.437557220458984,-5.7220458984375e-05
invertebrate,wasp,-10.937541961669922,-4.1961669921875e-05
invertebrate,ant,-10.125070571899414,-7.05718994140625e-05
invertebrate,beetle,-11.125036239624023,-3.62396240234375e-05
invertebrate,ladybird,-10.125070571899414,-7.05718994140625e-05
invertebrate,butterfly,-10.187566757202148,-6.67572021484375e-05
invertebrate,moth,-10.437559127807617,-5.91278076171875e-05
invertebrate,cockroach,-10.500055313110352,-5.53131103515625e-05
invertebrate,cricket,-10.312562942504883,-6.29425048828125e-05
invertebrate,grasshopper,-10.62504768371582,-4.76837158203125e-05
invertebrate,locust,-10.000082015991211,-8.20159912109375e-05
invertebrate,dragonfly,-10.375059127807617,-5.91278076171875e-05
invertebrate,flea,-10.625051498413086,-5.14984130859375e-05
invertebrate,housefly,-10.125072479248047,-7.2479248046875e-05
invertebrate,mosquito,-9.93758773803711,-8.7738037109375e-05
invertebrate,stick_insect,-10.562553405761719,-5.340576171875e-05
invertebrate,termite,-10.312562942504883,-6.29425048828125e-05
invertebrate,centipede,-10.81254768371582,-4.76837158203125e-05
invertebrate,millipede,-10.437557220458984,-5.7220458984375e-05
invertebrate,scorpion,-10.562553405761719,-5.340576171875e-05
invertebrate,spider,-10.562551498413086,-5.14984130859375e-05
invertebrate,tarantula,-10.000082015991211,-8.20159912109375e-05
invertebrate,crab,-10.37506103515625,-6.103515625e-05
invertebrate,crayfish,-9.937589645385742,-8.96453857421875e-05
invertebrate,lobster,-9.500114440917969,-0.00011444091796875
invertebrate,prawn,-10.00007438659668,-7.43865966796875e-05
invertebrate,shrimp,-10.250064849853516,-6.4849853515625e-05
invertebrate,slug,-10.437555313110352,-5.53131103515625e-05
invertebrate,snail,-10.625049591064453,-4.9591064453125e-05
invertebrate,clam,-10.375059127807617,-5.91278076171875e-05
invertebrate,mussel,-10.37506103515625,-6.103515625e-05
invertebrate,scallop,-10.187572479248047,-7.2479248046875e-05
invertebrate,oyster,-9.937580108642578,-8.0108642578125e-05
invertebrate,squid,-10.437555313110352,-5.53131103515625e-05
invertebrate,octopus,-9.812593460083008,-9.34600830078125e-05
invertebrate,worm,-10.812540054321289,-4.00543212890625e-05
invertebrate,jellyfish,-10.500055313110352,-5.53131103515625e-05
mammal,animal,-5.340576171875e-05,-11.625053405761719
mammal,vertebrate,-4.76837158203125e-05,-11.81254768371582
mammal,invertebrate,-10.375051498413086,-5.14984130859375e-05
mammal,mammal,-0.0011768341064453125,-7.313676834106445
mammal,bird,-10.312551498413086,-5.14984130859375e-05
mammal,reptile,-10.250053405761719,-5.340576171875e-05
mammal,amphibian,-10.375049591064453,-4.9591064453125e-05
mammal,fish,-10.37504768371582,-4.76837158203125e-05
mammal,arthropod,-10.687543869018555,-4.38690185546875e-05
mammal,insect,-10.687541961669922,-4.1961669921875e-05
mammal,bird of prey,-10.25006103515625,-6.103515625e-05
mammal,aquatic bird,-10.25006103515625,-6.103515625e-05
mammal,canine,-10.125062942504883,-6.29425048828125e-05
mammal,feline,-10.000064849853516,-6.4849853515625e-05
mammal,primate,-9.250125885009766,-0.000125885009765625
mammal,aquatic mammal,-8.313175201416016,-0.000675201416015625
mammal,rodent,-10.12506103515625,-6.103515625e-05
mammal,bat,-9.437616348266602,-0.0001163482666015625
mammal,bear,-9.875078201293945,-7.82012939453125e-05
mammal,cat,-9.937570571899414,-7.05718994140625e-05
mammal,cheetah,-9.93757438659668,-7.43865966796875e-05
mammal,leopard,-9.62509536743164,-9.5367431640625e-05
mammal,lion,-9.750085830688477,-8.58306884765625e-05
mammal,panther,-9.437614440917969,-0.00011444091796875
mammal,tiger,-9.625093460083008,-9.34600830078125e-05
mammal,dog,-10.000066757202148,-6.67572021484375e-05
mammal,fox,-9.812582015991211,-8.20159912109375e-05
mammal,hyena,-9.375120162963867,-0.0001201629638671875
mammal,wolf,-9.625091552734375,-9.1552734375e-05
mammal,raccoon,-9.62509536743164,-9.5367431640625e-05
mammal,skunk,-9.75008773803711,-8.7738037109375e-05
mammal,otter,-9.375116348266602,-0.0001163482666015625
mammal,beaver,-9.562602996826172,-0.000102996826171875
mammal,chipmunk,-10.000068664550781,-6.866455078125e-05
mammal,squirrel,-9.62509536743164,-9.5367431640625e-05
mammal,gerbil,-9.56259536743164,-9.5367431640625e-05
mammal,guinea_pig,-9.687589645385742,-8.96453857421875e-05
mammal,hamster,-9.687585830688477,-8.58306884765625e-05
mammal,mouse,-9.500102996826172,-0.000102996826171875
mammal,porcupine,-9.562606811523438,-0.0001068115234375
mammal,rat,-9.68758773803711,-8.7738037109375e-05
mammal,buffalo,-9.375118255615234,-0.000118255615234375
mammal,cow,-9.875076293945312,-7.62939453125e-05
mammal,ox,-9.312616348266602,-0.0001163482666015625
mammal,goat,-9.500101089477539,-0.0001010894775390625
mammal,sheep,-9.750083923339844,-8.392333984375e-05
mammal,deer,-9.875078201293945,-7.82012939453125e-05
mammal,moose,-9.500106811523438,-0.0001068115234375
mammal,giraffe,-9.687591552734375,-9.1552734375e-05
mammal,camel,-9.500104904174805,-0.0001049041748046875
mammal,hippo,-9.187641143798828,-0.000141143798828125
mammal,llama,-9.437606811523438,-0.0001068115234375
mammal,pig,-9.250129699707031,-0.00012969970703125
mammal,donkey,-9.812585830688477,-8.58306884765625e-05
mammal,horse,-9.812585830688477,-8.58306884765625e-05
mammal,pony,-9.437606811523438,-0.0001068115234375
mammal,zebra,-9.812580108642578,-8.0108642578125e-05
mammal,rhino,-9.625099182128906,-9.918212890625e-05
mammal,gorilla,-9.687585830688477,-8.58306884765625e-05
mammal,monkey,-9.68758773803711,-8.7738037109375e-05
mammal,hedgehog,-9.562602996826172,-0.000102996826171875
mammal,rabbit,-9.812582015991211,-8.20159912109375e-05
mammal,seal,-9.375123977661133,-0.0001239776611328125
mammal,walrus,-9.187641143798828,-0.000141143798828125
mammal,dolphin,-9.375118255615234,-0.000118255615234375
mammal,whale,-9.25013542175293,-0.0001354217529296875
mammal,elephant,-9.687589645385742,-8.96453857421875e-05
mammal,kangaroo,-9.687591552734375,-9.1552734375e-05
mammal,platypus,-9.250139236450195,-0.0001392364501953125
mammal,crocodile,-9.750083923339844,-8.392333984375e-05
mammal,alligator,-10.000068664550781,-6.866455078125e-05
mammal,lizard,-10.37504768371582,-4.76837158203125e-05
mammal,iguana,-9.93757438659668,-7.43865966796875e-05
mammal,rattlesnake,-10.000076293945312,-7.62939453125e-05
mammal,tortoise,-9.87507438659668,-7.43865966796875e-05
mammal,turtle,-9.750082015991211,-8.20159912109375e-05
mammal,frog,-10.12506103515625,-6.103515625e-05
mammal,toad,-10.000068664550781,-6.866455078125e-05
mammal,budgie,-9.625093460083008,-9.34600830078125e-05
mammal,parakeet,-9.937582015991211,-8.20159912109375e-05
mammal,buzzard,-9.937578201293945,-7.82012939453125e-05
mammal,falcon,-9.937578201293945,-7.82012939453125e-05
mammal,hawk,-10.000070571899414,-7.05718994140625e-05
mammal,eagle,-10.000070571899414,-7.05718994140625e-05
mammal,owl,-9.68758773803711,-8.7738037109375e-05
mammal,canary,-9.625089645385742,-8.96453857421875e-05
mammal,magpie,-9.625091552734375,-9.1552734375e-05
mammal,raven,-9.562601089477539,-0.0001010894775390625
mammal,nightingale,-9.187633514404297,-0.000133514404296875
mammal,robin,-9.625091552734375,-9.1552734375e-05
mammal,starling,-9.500106811523438,-0.0001068115234375
mammal,sparrow,-9.812582015991211,-8.20159912109375e-05
mammal,wren,-9.562597274780273,-9.72747802734375e-05
mammal,chicken,-10.062564849853516,-6.4849853515625e-05
mammal,cockerel,-9.562601089477539,-0.0001010894775390625
mammal,turkey,-9.56259536743164,-9.5367431640625e-05
mammal,dove,-9.62509536743164,-9.5367431640625e-05
mammal,pigeon,-9.937570571899414,-7.05718994140625e-05
mammal,partridge,-9.625093460083008,-9.34600830078125e-05
mammal,peacock,-9.562597274780273,-9.72747802734375e-05
mammal,crane,-9.625091552734375,-9.1552734375e-05
mammal,flamingo,-9.500099182128906,-9.918212890625e-05
mammal,heron,-9.937578201293945,-7.82012939453125e-05
mammal,duck,-10.000066757202148,-6.67572021484375e-05
mammal,goose,-9.625091552734375,-9.1552734375e-05
mammal,pelican,-9.500102996826172,-0.000102996826171875
mammal,penguin,-9.375110626220703,-0.000110626220703125
mammal,seagull,-9.687589645385742,-8.96453857421875e-05
mammal,swan,-9.562599182128906,-9.918212890625e-05
mammal,hummingbird,-9.500101089477539,-0.0001010894775390625
mammal,kingfisher,-9.625093460083008,-9.34600830078125e-05
mammal,woodpecker,-9.437606811523438,-0.0001068115234375
mammal,emu,-9.50010871887207,-0.0001087188720703125
mammal,ostrich,-9.687589645385742,-8.96453857421875e-05
mammal,carp,-9.750083923339844,-8.392333984375e-05
mammal,goldfish,-9.750082015991211,-8.20159912109375e-05
mammal,minnow,-9.625093460083008,-9.34600830078125e-05
mammal,cod,-9.250125885009766,-0.000125885009765625
mammal,herring,-9.43760871887207,-0.0001087188720703125
mammal,sardine,-9.687585830688477,-8.58306884765625e-05
mammal,salmon,-9.750080108642578,-8.0108642578125e-05
mammal,trout,-9.750078201293945,-7.82012939453125e-05
mammal,eel,-10.000066757202148,-6.67572021484375e-05
mammal,flounder,-9.625091552734375,-9.1552734375e-05
mammal,mackerel,-9.375114440917969,-0.00011444091796875
mammal,tuna,-9.56259536743164,-9.5367431640625e-05
mammal,seahorse,-9.3126220703125,-0.0001220703125
mammal,shark,-10.000066757202148,-6.67572021484375e-05
mammal,bee,-10.000068664550781,-6.866455078125e-05
mammal,hornet,-10.000070571899414,-7.05718994140625e-05
mammal,wasp,-10.125064849853516,-6.4849853515625e-05
mammal,ant,-10.000066757202148,-6.67572021484375e-05
mammal,beetle,-10.375049591064453,-4.9591064453125e-05
mammal,ladybird,-9.625091552734375,-9.1552734375e-05
mammal,butterfly,-10.062566757202148,-6.67572021484375e-05
mammal,moth,-9.812580108642578,-8.0108642578125e-05
mammal,cockroach,-10.000066757202148,-6.67572021484375e-05
mammal,cricket,-10.000068664550781,-6.866455078125e-05
mammal,grasshopper,-10.250057220458984,-5.7220458984375e-05
mammal,locust,-10.062564849853516,-6.4849853515625e-05
mammal,dragonfly,-10.062566757202148,-6.67572021484375e-05
mammal,flea,-9.93757438659668,-7.43865966796875e-05
mammal,housefly,-10.000070571899414,-7.05718994140625e-05
mammal,mosquito,-9.93757438659668,-7.43865966796875e-05
mammal,stick_insect,-9.687585830688477,-8.58306884765625e-05
mammal,termite,-9.87507438659668,-7.43865966796875e-05
mammal,centipede,-10.18756103515625,-6.103515625e-05
mammal,millipede,-10.000068664550781,-6.866455078125e-05
mammal,scorpion,-10.062566757202148,-6.67572021484375e-05
mammal,spider,-10.125064849853516,-6.4849853515625e-05
mammal,tarantula,-9.687591552734375,-9.1552734375e-05
mammal,crab,-9.937572479248047,-7.2479248046875e-05
mammal,crayfish,-9.93757438659668,-7.43865966796875e-05
mammal,lobster,-9.625089645385742,-8.96453857421875e-05
mammal,prawn,-9.875072479248047,-7.2479248046875e-05
mammal,shrimp,-9.750082015991211,-8.20159912109375e-05
mammal,slug,-9.812580108642578,-8.0108642578125e-05
mammal,snail,-9.937570571899414,-7.05718994140625e-05
mammal,clam,-9.687589645385742,-8.96453857421875e-05
mammal,mussel,-9.562599182128906,-9.918212890625e-05
mammal,scallop,-9.750083923339844,-8.392333984375e-05
mammal,oyster,-9.312618255615234,-0.000118255615234375
mammal,squid,-10.062562942504883,-6.29425048828125e-05
mammal,octopus,-9.750080108642578,-8.0108642578125e-05
mammal,worm,-10.312551498413086,-5.14984130859375e-05
mammal,jellyfish,-10.187557220458984,-5.7220458984375e-05
bird,animal,-4.9591064453125e-05,-11.750049591064453
bird,vertebrate,-4.1961669921875e-05,-11.812541961669922
bird,invertebrate,-10.12506103515625,-6.103515625e-05
bird,mammal,-10.81253433227539,-3.4332275390625e-05
bird,bird,-0.00022125244140625,-9.312721252441406
bird,reptile,-7.625551223754883,-0.0005512237548828125
bird,amphibian,-10.43754768371582,-4.76837158203125e-05
bird,fish,-10.187555313110352,-5.53131103515625e-05
bird,arthropod,-10.500051498413086,-5.14984130859375e-05
bird,insect,-10.500045776367188,-4.57763671875e-05
bird,bird of prey,-8.687871932983398,-0.0003719329833984375
bird,aquatic bird,-7.9385528564453125,-0.0010528564453125
bird,canine,-10.125062942504883,-6.29425048828125e-05
bird,feline,-9.937570571899414,-7.05718994140625e-05
bird,primate,-10.187559127807617,-5.91278076171875e-05
bird,aquatic mammal,-10.25006103515625,-6.103515625e-05
bird,rodent,-10.312551498413086,-5.14984130859375e-05
bird,bat,-9.937572479248047,-7.2479248046875e-05
bird,bear,-9.812580108642578,-8.0108642578125e-05
bird,cat,-9.87507438659668,-7.43865966796875e-05
bird,cheetah,-10.000070571899414,-7.05718994140625e-05
bird,leopard,-9.750091552734375,-9.1552734375e-05
bird,lion,-9.812583923339844,-8.392333984375e-05
bird,panther,-9.750089645385742,-8.96453857421875e-05
bird,tiger,-9.812583923339844,-8.392333984375e-05
bird,dog,-10.187559127807617,-5.91278076171875e-05
bird,fox,-9.937572479248047,-7.2479248046875e-05
bird,hyena,-9.750089645385742,-8.96453857421875e-05
bird,wolf,-9.875078201293945,-7.82012939453125e-05
bird,raccoon,-9.500106811523438,-0.0001068115234375
bird,skunk,-9.62509536743164,-9.5367431640625e-05
bird,otter,-9.625091552734375,-9.1552734375e-05
bird,beaver,-9.750082015991211,-8.20159912109375e-05
bird,chipmunk,-9.812582015991211,-8.20159912109375e-05
bird,squirrel,-10.000066757202148,-6.67572021484375e-05
bird,gerbil,-9.562599182128906,-9.918212890625e-05
bird,guinea_pig,-9.687591552734375,-9.1552734375e-05
bird,hamster,-10.06256103515625,-6.103515625e-05
bird,mouse,-10.000062942504883,-6.29425048828125e-05
bird,porcupine,-9.500110626220703,-0.000110626220703125
bird,rat,-9.937568664550781,-6.866455078125e-05
bird,buffalo,-9.62509536743164,-9.5367431640625e-05
bird,cow,-10.000066757202148,-6.67572021484375e-05
bird,ox,-9.562599182128906,-9.918212890625e-05
bird,goat,-9.750085830688477,-8.58306884765625e-05
bird,sheep,-10.000066757202148,-6.67572021484375e-05
bird,deer,-10.000068664550781,-6.866455078125e-05
bird,moose,-9.750085830688477,-8.58306884765625e-05
bird,giraffe,-9.562599182128906,-9.918212890625e-05
bird,camel,-9.437610626220703,-0.000110626220703125
bird,hippo,-9.562601089477539,-0.0001010894775390625
bird,llama,-9.56259536743164,-9.5367431640625e-05
bird,pig,-9.750083923339844,-8.392333984375e-05
bird,donkey,-9.812582015991211,-8.20159912109375e-05
bird,horse,-9.937572479248047,-7.2479248046875e-05
bird,pony,-9.687585830688477,-8.58306884765625e-05
bird,zebra,-9.812582015991211,-8.20159912109375e-05
bird,rhino,-9.750083923339844,-8.392333984375e-05
bird,gorilla,-9.562597274780273,-9.72747802734375e-05
bird,monkey,-9.93757438659668,-7.43865966796875e-05
bird,hedgehog,-9.687591552734375,-9.1552734375e-05
bird,rabbit,-9.937570571899414,-7.05718994140625e-05
bird,seal,-9.750085830688477,-8.58306884765625e-05
bird,walrus,-9.437612533569336,-0.0001125335693359375
bird,dolphin,-9.937572479248047,-7.2479248046875e-05
bird,whale,-9.937570571899414,-7.05718994140625e-05
bird,elephant,-9.937572479248047,-7.2479248046875e-05
bird,kangaroo,-9.875076293945312,-7.62939453125e-05
bird,platypus,-9.750089645385742,-8.96453857421875e-05
bird,crocodile,-9.125143051147461,-0.0001430511474609375
bird,alligator,-9.750089645385742,-8.96453857421875e-05
bird,lizard,-9.937568664550781,-6.866455078125e-05
bird,iguana,-9.937570571899414,-7.05718994140625e-05
bird,rattlesnake,-9.875082015991211,-8.20159912109375e-05
bird,tortoise,-9.875076293945312,-7.62939453125e-05
bird,turtle,-9.812578201293945,-7.82012939453125e-05
bird,frog,-10.125062942504883,-6.29425048828125e-05
bird,toad,-9.875078201293945,-7.82012939453125e-05
bird,budgie,-9.250139236450195,-0.0001392364501953125
bird,parakeet,-9.25014877319336,-0.000148773193359375
bird,buzzard,-9.625102996826172,-0.000102996826171875
bird,falcon,-9.875083923339844,-8.392333984375e-05
bird,hawk,-9.875083923339844,-8.392333984375e-05
bird,eagle,-9.875082015991211,-8.20159912109375e-05
bird,owl,-9.75008773803711,-8.7738037109375e-05
bird,canary,-9.437625885009766,-0.000125885009765625
bird,magpie,-9.937585830688477,-8.58306884765625e-05
bird,raven,-9.875083923339844,-8.392333984375e-05
bird,nightingale,-9.375127792358398,-0.0001277923583984375
bird,robin,-10.000078201293945,-7.82012939453125e-05
bird,starling,-9.687606811523438,-0.0001068115234375
bird,sparrow,-9.687610626220703,-0.000110626220703125
bird,wren,-9.937585830688477,-8.58306884765625e-05
bird,chicken,-9.812580108642578,-8.0108642578125e-05
bird,cockerel,-8.937688827514648,-0.0001888275146484375
bird,turkey,-9.375123977661133,-0.0001239776611328125
bird,dove,-9.437620162963867,-0.0001201629638671875
bird,pigeon,-9.687591552734375,-9.1552734375e-05
bird,partridge,-9.187643051147461,-0.0001430511474609375
bird,peacock,-9.375123977661133,-0.0001239776611328125
bird,crane,-9.12515640258789,-0.000156402587890625
bird,flamingo,-9.375123977661133,-0.0001239776611328125
bird,heron,-9.812597274780273,-9.72747802734375e-05
bird,duck,-9.875076293945312,-7.62939453125e-05
bird,goose,-9.500101089477539,-0.0001010894775390625
bird,pelican,-9.687593460083008,-9.34600830078125e-05
bird,penguin,-9.3126220703125,-0.0001220703125
bird,seagull,-9.81258773803711,-8.7738037109375e-05
bird,swan,-9.68759536743164,-9.5367431640625e-05
bird,hummingbird,-9.875089645385742,-8.96453857421875e-05
bird,kingfisher,-9.812593460083008,-9.34600830078125e-05
bird,woodpecker,-9.937585830688477,-8.58306884765625e-05
bird,emu,-9.625104904174805,-0.0001049041748046875
bird,ostrich,-9.81259536743164,-9.5367431640625e-05
bird,carp,-9.562597274780273,-9.72747802734375e-05
bird,goldfish,-9.687591552734375,-9.1552734375e-05
bird,minnow,-9.75008773803711,-8.7738037109375e-05
bird,cod,-9.125141143798828,-0.000141143798828125
bird,herring,-9.187637329101562,-0.0001373291015625
bird,sardine,-9.625091552734375,-9.1552734375e-05
bird,salmon,-9.62508773803711,-8.7738037109375e-05
bird,trout,-9.625089645385742,-8.96453857421875e-05
bird,eel,-10.000066757202148,-6.67572021484375e-05
bird,flounder,-9.500102996826172,-0.000102996826171875
bird,mackerel,-9.250127792358398,-0.0001277923583984375
bird,tuna,-9.500101089477539,-0.0001010894775390625
bird,seahorse,-9.50010871887207,-0.0001087188720703125
bird,shark,-9.875078201293945,-7.82012939453125e-05
bird,bee,-10.000068664550781,-6.866455078125e-05
bird,hornet,-9.937576293945312,-7.62939453125e-05
bird,wasp,-9.875078201293945,-7.82012939453125e-05
bird,ant,-9.812580108642578,-8.0108642578125e-05
bird,beetle,-10.250055313110352,-5.53131103515625e-05
bird,ladybird,-9.06264877319336,-0.000148773193359375
bird,butterfly,-10.000068664550781,-6.866455078125e-05
bird,moth,-9.625093460083008,-9.34600830078125e-05
bird,cockroach,-9.500101089477539,-0.0001010894775390625
bird,cricket,-9.750083923339844,-8.392333984375e-05
bird,grasshopper,-10.000066757202148,-6.67572021484375e-05
bird,locust,-9.750083923339844,-8.392333984375e-05
bird,dragonfly,-9.875076293945312,-7.62939453125e-05
bird,flea,-10.000068664550781,-6.866455078125e-05
bird,housefly,-9.812582015991211,-8.20159912109375e-05
bird,mosquito,-9.687591552734375,-9.1552734375e-05
bird,stick_insect,-9.500101089477539,-0.0001010894775390625
bird,termite,-9.812578201293945,-7.82012939453125e-05
bird,centipede,-9.875083923339844,-8.392333984375e-05
bird,millipede,-9.687591552734375,-9.1552734375e-05
bird,scorpion,-9.937576293945312,-7.62939453125e-05
bird,spider,-10.062566757202148,-6.67572021484375e-05
bird,tarantula,-9.81258773803711,-8.7738037109375e-05
bird,crab,-9.750085830688477,-8.58306884765625e-05
bird,crayfish,-9.750085830688477,-8.58306884765625e-05
bird,lobster,-9.43760871887207,-0.0001087188720703125
bird,prawn,-9.625089645385742,-8.96453857421875e-05
bird,shrimp,-9.625091552734375,-9.1552734375e-05
bird,slug,-9.812580108642578,-8.0108642578125e-05
bird,snail,-9.937568664550781,-6.866455078125e-05
bird,clam,-9.625093460083008,-9.34600830078125e-05
bird,mussel,-9.500106811523438,-0.0001068115234375
bird,scallop,-9.375118255615234,-0.000118255615234375
bird,oyster,-9.125141143798828,-0.000141143798828125
bird,squid,-9.937570571899414,-7.05718994140625e-05
bird,octopus,-9.750085830688477,-8.58306884765625e-05
bird,worm,-10.062562942504883,-6.29425048828125e-05
bird,jellyfish,-10.000070571899414,-7.05718994140625e-05
reptile,animal,-5.14984130859375e-05,-12.000051498413086
reptile,vertebrate,-4.38690185546875e-05,-11.937543869018555
reptile,invertebrate,-10.625043869018555,-4.38690185546875e-05
reptile,mammal,-11.125028610229492,-2.86102294921875e-05
reptile,bird,-10.000066757202148,-6.67572021484375e-05
reptile,reptile,-0.0013446807861328125,-7.251344680786133
reptile,amphibian,-10.750038146972656,-3.814697265625e-05
reptile,fish,-10.37504768371582,-4.76837158203125e-05
reptile,arthropod,-11.06253433227539,-3.4332275390625e-05
reptile,insect,-11.062532424926758,-3.24249267578125e-05
reptile,bird of prey,-10.37506103515625,-6.103515625e-05
reptile,aquatic bird,-10.437551498413086,-5.14984130859375e-05
reptile,canine,-10.500045776367188,-4.57763671875e-05
reptile,feline,-10.375049591064453,-4.9591064453125e-05
reptile,primate,-10.750040054321289,-4.00543212890625e-05
reptile,aquatic mammal,-10.875040054321289,-4.00543212890625e-05
reptile,rodent,-10.687540054321289,-4.00543212890625e-05
reptile,bat,-10.125068664550781,-6.866455078125e-05
reptile,bear,-10.250055313110352,-5.53131103515625e-05
reptile,cat,-10.250053405761719,-5.340576171875e-05
reptile,cheetah,-10.125064849853516,-6.4849853515625e-05
reptile,leopard,-9.812585830688477,-8.58306884765625e-05
reptile,lion,-10.125062942504883,-6.29425048828125e-05
reptile,panther,-9.81258773803711,-8.7738037109375e-05
reptile,tiger,-9.875078201293945,-7.82012939453125e-05
reptile,dog,-10.500045776367188,-4.57763671875e-05
reptile,fox,-10.125062942504883,-6.29425048828125e-05
reptile,hyena,-9.937578201293945,-7.82012939453125e-05
reptile,wolf,-10.125062942504883,-6.29425048828125e-05
reptile,raccoon,-9.875080108642578,-8.0108642578125e-05
reptile,skunk,-9.937578201293945,-7.82012939453125e-05
reptile,otter,-9.875078201293945,-7.82012939453125e-05
reptile,beaver,-9.812582015991211,-8.20159912109375e-05
reptile,chipmunk,-10.062566757202148,-6.67572021484375e-05
reptile,squirrel,-10.187559127807617,-5.91278076171875e-05
reptile,gerbil,-9.937572479248047,-7.2479248046875e-05
reptile,guinea_pig,-9.93757438659668,-7.43865966796875e-05
reptile,hamster,-10.125057220458984,-5.7220458984375e-05
reptile,mouse,-10.125059127807617,-5.91278076171875e-05
reptile,porcupine,-9.750093460083008,-9.34600830078125e-05
reptile,rat,-10.062568664550781,-6.866455078125e-05
reptile,buffalo,-9.812583923339844,-8.392333984375e-05
reptile,cow,-10.187559127807617,-5.91278076171875e-05
reptile,ox,-9.750085830688477,-8.58306884765625e-05
reptile,goat,-9.937572479248047,-7.2479248046875e-05
reptile,sheep,-10.250057220458984,-5.7220458984375e-05
reptile,deer,-10.125062942504883,-6.29425048828125e-05
reptile,moose,-9.875080108642578,-8.0108642578125e-05
reptile,giraffe,-9.750085830688477,-8.58306884765625e-05
reptile,camel,-9.750085830688477,-8.58306884765625e-05
reptile,hippo,-9.50010871887207,-0.0001087188720703125
reptile,llama,-9.937572479248047,-7.2479248046875e-05
reptile,pig,-10.062564849853516,-6.4849853515625e-05
reptile,donkey,-10.00007438659668,-7.43865966796875e-05
reptile,horse,-10.125064849853516,-6.4849853515625e-05
reptile,pony,-10.062564849853516,-6.4849853515625e-05
reptile,zebra,-10.000068664550781,-6.866455078125e-05
reptile,rhino,-9.937576293945312,-7.62939453125e-05
reptile,gorilla,-9.875076293945312,-7.62939453125e-05
reptile,monkey,-10.500049591064453,-4.9591064453125e-05
reptile,hedgehog,-9.812582015991211,-8.20159912109375e-05
reptile,rabbit,-10.12506103515625,-6.103515625e-05
reptile,seal,-9.93757438659668,-7.43865966796875e-05
reptile,walrus,-9.500110626220703,-0.000110626220703125
reptile,dolphin,-10.12506103515625,-6.103515625e-05
reptile,whale,-10.125062942504883,-6.29425048828125e-05
reptile,elephant,-10.062562942504883,-6.29425048828125e-05
reptile,kangaroo,-10.000066757202148,-6.67572021484375e-05
reptile,platypus,-9.875083923339844,-8.392333984375e-05
reptile,crocodile,-10.250068664550781,-6.866455078125e-05
reptile,alligator,-10.37506103515625,-6.103515625e-05
reptile,lizard,-10.375057220458984,-5.7220458984375e-05
reptile,iguana,-10.375059127807617,-5.91278076171875e-05
reptile,rattlesnake,-10.375066757202148,-6.67572021484375e-05
reptile,tortoise,-9.875082015991211,-8.20159912109375e-05
reptile,turtle,-9.875085830688477,-8.58306884765625e-05
reptile,frog,-10.500045776367188,-4.57763671875e-05
reptile,toad,-10.250057220458984,-5.7220458984375e-05
reptile,budgie,-9.875076293945312,-7.62939453125e-05
reptile,parakeet,-10.12507438659668,-7.43865966796875e-05
reptile,buzzard,-10.062572479248047,-7.2479248046875e-05
reptile,falcon,-10.062568664550781,-6.866455078125e-05
reptile,hawk,-10.125066757202148,-6.67572021484375e-05
reptile,eagle,-10.062568664550781,-6.866455078125e-05
reptile,owl,-10.000068664550781,-6.866455078125e-05
reptile,canary,-9.875078201293945,-7.82012939453125e-05
reptile,magpie,-9.875076293945312,-7.62939453125e-05
reptile,raven,-9.750093460083008,-9.34600830078125e-05
reptile,nightingale,-9.750085830688477,-8.58306884765625e-05
reptile,robin,-9.750089645385742,-8.96453857421875e-05
reptile,starling,-9.750089645385742,-8.96453857421875e-05
reptile,sparrow,-10.062566757202148,-6.67572021484375e-05
reptile,wren,-9.812583923339844,-8.392333984375e-05
reptile,chicken,-10.000064849853516,-6.4849853515625e-05
reptile,cockerel,-9.68759536743164,-9.5367431640625e-05
reptile,turkey,-9.687583923339844,-8.392333984375e-05
reptile,dove,-9.937572479248047,-7.2479248046875e-05
reptile,pigeon,-10.000066757202148,-6.67572021484375e-05
reptile,partridge,-9.687593460083008,-9.34600830078125e-05
reptile,peacock,-9.62509536743164,-9.5367431640625e-05
reptile,crane,-9.875076293945312,-7.62939453125e-05
reptile,flamingo,-9.500101089477539,-0.0001010894775390625
reptile,heron,-9.937580108642578,-8.0108642578125e-05
reptile,duck,-10.12506103515625,-6.103515625e-05
reptile,goose,-9.937568664550781,-6.866455078125e-05
reptile,pelican,-9.75008773803711,-8.7738037109375e-05
reptile,penguin,-9.68758773803711,-8.7738037109375e-05
reptile,seagull,-10.000070571899414,-7.05718994140625e-05
reptile,swan,-9.93757438659668,-7.43865966796875e-05
reptile,hummingbird,-9.812582015991211,-8.20159912109375e-05
reptile,kingfisher,-9.625102996826172,-0.000102996826171875
reptile,woodpecker,-9.812582015991211,-8.20159912109375e-05
reptile,emu,-9.875082015991211,-8.20159912109375e-05
reptile,ostrich,-10.000072479248047,-7.2479248046875e-05
reptile,carp,-9.875076293945312,-7.62939453125e-05
reptile,goldfish,-9.937572479248047,-7.2479248046875e-05
reptile,minnow,-10.125066757202148,-6.67572021484375e-05
reptile,cod,-9.312620162963867,-0.0001201629638671875
reptile,herring,-9.625093460083008,-9.34600830078125e-05
reptile,sardine,-10.12506103515625,-6.103515625e-05
reptile,salmon,-10.06256103515625,-6.103515625e-05
reptile,trout,-10.062562942504883,-6.29425048828125e-05
reptile,eel,-10.375051498413086,-5.14984130859375e-05
reptile,flounder,-9.750085830688477,-8.58306884765625e-05
reptile,mackerel,-9.750085830688477,-8.58306884765625e-05
reptile,tuna,-9.687585830688477,-8.58306884765625e-05
reptile,seahorse,-9.62509536743164,-9.5367431640625e-05
reptile,shark,-10.18756103515625,-6.103515625e-05
reptile,bee,-10.375051498413086,-5.14984130859375e-05
reptile,hornet,-10.125066757202148,-6.67572021484375e-05
reptile,wasp,-10.375055313110352,-5.53131103515625e-05
reptile,ant,-10.12506103515625,-6.103515625e-05
reptile,beetle,-10.687541961669922,-4.1961669921875e-05
reptile,ladybird,-9.625093460083008,-9.34600830078125e-05
reptile,butterfly,-10.375053405761719,-5.340576171875e-05
reptile,moth,-10.250057220458984,-5.7220458984375e-05
reptile,cockroach,-9.875076293945312,-7.62939453125e-05
reptile,cricket,-10.125062942504883,-6.29425048828125e-05
reptile,grasshopper,-10.500045776367188,-4.57763671875e-05
reptile,locust,-10.125062942504883,-6.29425048828125e-05
reptile,dragonfly,-10.125064849853516,-6.4849853515625e-05
reptile,flea,-10.250057220458984,-5.7220458984375e-05
reptile,housefly,-10.062568664550781,-6.866455078125e-05
reptile,mosquito,-10.000072479248047,-7.2479248046875e-05
reptile,stick_insect,-10.000068664550781,-6.866455078125e-05
reptile,termite,-10.062562942504883,-6.29425048828125e-05
reptile,centipede,-10.500049591064453,-4.9591064453125e-05
reptile,millipede,-10.312555313110352,-5.53131103515625e-05
reptile,scorpion,-10.375055313110352,-5.53131103515625e-05
reptile,spider,-10.562545776367188,-4.57763671875e-05
reptile,tarantula,-10.00007438659668,-7.43865966796875e-05
reptile,crab,-10.125064849853516,-6.4849853515625e-05
reptile,crayfish,-10.062568664550781,-6.866455078125e-05
reptile,lobster,-9.937570571899414,-7.05718994140625e-05
reptile,prawn,-10.000066757202148,-6.67572021484375e-05
reptile,shrimp,-10.187559127807617,-5.91278076171875e-05
reptile,slug,-10.12506103515625,-6.103515625e-05
reptile,snail,-10.250055313110352,-5.53131103515625e-05
reptile,clam,-10.125066757202148,-6.67572021484375e-05
reptile,mussel,-9.875082015991211,-8.20159912109375e-05
reptile,scallop,-9.937576293945312,-7.62939453125e-05
reptile,oyster,-9.625093460083008,-9.34600830078125e-05
reptile,squid,-10.312551498413086,-5.14984130859375e-05
reptile,octopus,-9.937572479248047,-7.2479248046875e-05
reptile,worm,-10.81253433227539,-3.4332275390625e-05
reptile,jellyfish,-10.375053405761719,-5.340576171875e-05
amphibian,animal,-5.53131103515625e-05,-12.000055313110352
amphibian,vertebrate,-4.57763671875e-05,-11.750045776367188
amphibian,invertebrate,-10.687541961669922,-4.1961669921875e-05
amphibian,mammal,-11.250024795532227,-2.47955322265625e-05
amphibian,bird,-10.937530517578125,-3.0517578125e-05
amphibian,reptile,-10.812536239624023,-3.62396240234375e-05
amphibian,amphibian,-0.0010471343994140625,-7.438547134399414
amphibian,fish,-10.437543869018555,-4.38690185546875e-05
amphibian,arthropod,-11.125032424926758,-3.24249267578125e-05
amphibian,insect,-11.125030517578125,-3.0517578125e-05
amphibian,bird of prey,-10.812543869018555,-4.38690185546875e-05
amphibian,aquatic bird,-10.687543869018555,-4.38690185546875e-05
amphibian,canine,-10.562545776367188,-4.57763671875e-05
amphibian,feline,-10.562541961669922,-4.1961669921875e-05
amphibian,primate,-10.812536239624023,-3.62396240234375e-05
amphibian,aquatic mammal,-10.750040054321289,-4.00543212890625e-05
amphibian,rodent,-10.812536239624023,-3.62396240234375e-05
amphibian,bat,-10.437551498413086,-5.14984130859375e-05
amphibian,bear,-10.312551498413086,-5.14984130859375e-05
amphibian,cat,-10.437545776367188,-4.57763671875e-05
amphibian,cheetah,-10.437549591064453,-4.9591064453125e-05
amphibian,leopard,-9.875078201293945,-7.82012939453125e-05
amphibian,lion,-10.312553405761719,-5.340576171875e-05
amphibian,panther,-10.125064849853516,-6.4849853515625e-05
amphibian,tiger,-10.000068664550781,-6.866455078125e-05
amphibian,dog,-10.375051498413086,-5.14984130859375e-05
amphibian,fox,-10.312551498413086,-5.14984130859375e-05
amphibian,hyena,-10.250059127807617,-5.91278076171875e-05
amphibian,wolf,-10.125062942504883,-6.29425048828125e-05
amphibian,raccoon,-10.062566757202148,-6.67572021484375e-05
amphibian,skunk,-10.12506103515625,-6.103515625e-05
amphibian,otter,-10.12506103515625,-6.103515625e-05
amphibian,beaver,-10.12506103515625,-6.103515625e-05
amphibian,chipmunk,-10.375051498413086,-5.14984130859375e-05
amphibian,squirrel,-10.437549591064453,-4.9591064453125e-05
amphibian,gerbil,-10.250055313110352,-5.53131103515625e-05
amphibian,guinea_pig,-10.18756103515625,-6.103515625e-05
amphibian,hamster,-10.37504768371582,-4.76837158203125e-05
amphibian,mouse,-10.250053405761719,-5.340576171875e-05
amphibian,porcupine,-10.125066757202148,-6.67572021484375e-05
amphibian,rat,-10.43754768371582,-4.76837158203125e-05
amphibian,buffalo,-10.000070571899414,-7.05718994140625e-05
amphibian,cow,-10.312553405761719,-5.340576171875e-05
amphibian,ox,-9.875078201293945,-7.82012939453125e-05
amphibian,goat,-10.250057220458984,-5.7220458984375e-05
amphibian,sheep,-10.375051498413086,-5.14984130859375e-05
amphibian,deer,-10.125062942504883,-6.29425048828125e-05
amphibian,moose,-10.000068664550781,-6.866455078125e-05
amphibian,giraffe,-10.000070571899414,-7.05718994140625e-05
amphibian,camel,-9.937572479248047,-7.2479248046875e-05
amphibian,hippo,-9.68758773803711,-8.7738037109375e-05
amphibian,llama,-10.000068664550781,-6.866455078125e-05
amphibian,pig,-10.12506103515625,-6.103515625e-05
amphibian,donkey,-10.062568664550781,-6.866455078125e-05
amphibian,horse,-10.18756103515625,-6.103515625e-05
amphibian,pony,-10.12506103515625,-6.103515625e-05
amphibian,zebra,-10.125062942504883,-6.29425048828125e-05
amphibian,rhino,-10.187559127807617,-5.91278076171875e-05
amphibian,gorilla,-10.062562942504883,-6.29425048828125e-05
amphibian,monkey,-10.437549591064453,-4.9591064453125e-05
amphibian,hedgehog,-10.187559127807617,-5.91278076171875e-05
amphibian,rabbit,-10.375049591064453,-4.9591064453125e-05
amphibian,seal,-10.312553405761719,-5.340576171875e-05
amphibian,walrus,-10.000072479248047,-7.2479248046875e-05
amphibian,dolphin,-10.375049591064453,-4.9591064453125e-05
amphibian,whale,-10.375049591064453,-4.9591064453125e-05
amphibian,elephant,-10.125059127807617,-5.91278076171875e-05
amphibian,kangaroo,-10.062564849853516,-6.4849853515625e-05
amphibian,platypus,-10.250059127807617,-5.91278076171875e-05
amphibian,crocodile,-10.250055313110352,-5.53131103515625e-05
amphibian,alligator,-10.312555313110352,-5.53131103515625e-05
amphibian,lizard,-11.062530517578125,-3.0517578125e-05
amphibian,iguana,-10.562541961669922,-4.1961669921875e-05
amphibian,rattlesnake,-10.437551498413086,-5.14984130859375e-05
amphibian,tortoise,-10.43754768371582,-4.76837158203125e-05
amphibian,turtle,-10.687538146972656,-3.814697265625e-05
amphibian,frog,-10.062570571899414,-7.05718994140625e-05
amphibian,toad,-9.937576293945312,-7.62939453125e-05
amphibian,budgie,-10.062564849853516,-6.4849853515625e-05
amphibian,parakeet,-10.437557220458984,-5.7220458984375e-05
amphibian,buzzard,-10.375057220458984,-5.7220458984375e-05
amphibian,falcon,-10.375051498413086,-5.14984130859375e-05
amphibian,hawk,-10.312555313110352,-5.53131103515625e-05
amphibian,eagle,-10.375051498413086,-5.14984130859375e-05
amphibian,owl,-10.187559127807617,-5.91278076171875e-05
amphibian,canary,-9.812578201293945,-7.82012939453125e-05
amphibian,magpie,-10.187559127807617,-5.91278076171875e-05
amphibian,raven,-10.062566757202148,-6.67572021484375e-05
amphibian,nightingale,-9.812578201293945,-7.82012939453125e-05
amphibian,robin,-10.125062942504883,-6.29425048828125e-05
amphibian,starling,-10.000070571899414,-7.05718994140625e-05
amphibian,sparrow,-10.375051498413086,-5.14984130859375e-05
amphibian,wren,-10.250057220458984,-5.7220458984375e-05
amphibian,chicken,-10.375049591064453,-4.9591064453125e-05
amphibian,cockerel,-9.875080108642578,-8.0108642578125e-05
amphibian,turkey,-9.937570571899414,-7.05718994140625e-05
amphibian,dove,-10.062564849853516,-6.4849853515625e-05
amphibian,pigeon,-10.312551498413086,-5.14984130859375e-05
amphibian,partridge,-10.000068664550781,-6.866455078125e-05
amphibian,peacock,-9.875078201293945,-7.82012939453125e-05
amphibian,crane,-9.875076293945312,-7.62939453125e-05
amphibian,flamingo,-10.000064849853516,-6.4849853515625e-05
amphibian,heron,-10.187562942504883,-6.29425048828125e-05
amphibian,duck,-10.375049591064453,-4.9591064453125e-05
amphibian,goose,-10.250053405761719,-5.340576171875e-05
amphibian,pelican,-10.062564849853516,-6.4849853515625e-05
amphibian,penguin,-10.062564849853516,-6.4849853515625e-05
amphibian,seagull,-10.312555313110352,-5.53131103515625e-05
amphibian,swan,-10.062566757202148,-6.67572021484375e-05
amphibian,hummingbird,-10.12506103515625,-6.103515625e-05
amphibian,kingfisher,-10.062568664550781,-6.866455078125e-05
amphibian,woodpecker,-10.12506103515625,-6.103515625e-05
amphibian,emu,-10.062566757202148,-6.67572021484375e-05
amphibian,ostrich,-10.250053405761719,-5.340576171875e-05
amphibian,carp,-10.375049591064453,-4.9591064453125e-05
amphibian,goldfish,-10.250057220458984,-5.7220458984375e-05
amphibian,minnow,-10.437551498413086,-5.14984130859375e-05
amphibian,cod,-9.812578201293945,-7.82012939453125e-05
amphibian,herring,-10.062564849853516,-6.4849853515625e-05
amphibian,sardine,-10.312553405761719,-5.340576171875e-05
amphibian,salmon,-10.125057220458984,-5.7220458984375e-05
amphibian,trout,-10.375049591064453,-4.9591064453125e-05
amphibian,eel,-10.500041961669922,-4.1961669921875e-05
amphibian,flounder,-10.12506103515625,-6.103515625e-05
amphibian,mackerel,-10.12506103515625,-6.103515625e-05
amphibian,tuna,-10.187557220458984,-5.7220458984375e-05
amphibian,seahorse,-10.000070571899414,-7.05718994140625e-05
amphibian,shark,-10.562543869018555,-4.38690185546875e-05
amphibian,bee,-10.625041961669922,-4.1961669921875e-05
amphibian,hornet,-10.437551498413086,-5.14984130859375e-05
amphibian,wasp,-10.750040054321289,-4.00543212890625e-05
amphibian,ant,-10.375049591064453,-4.9591064453125e-05
amphibian,beetle,-11.125030517578125,-3.0517578125e-05
amphibian,ladybird,-10.12506103515625,-6.103515625e-05
amphibian,butterfly,-10.750040054321289,-4.00543212890625e-05
amphibian,moth,-10.50004768371582,-4.76837158203125e-05
amphibian,cockroach,-10.43754768371582,-4.76837158203125e-05
amphibian,cricket,-10.375051498413086,-5.14984130859375e-05
amphibian,grasshopper,-10.687540054321289,-4.00543212890625e-05
amphibian,locust,-10.43754768371582,-4.76837158203125e-05
amphibian,dragonfly,-10.500045776367188,-4.57763671875e-05
amphibian,flea,-10.50004768371582,-4.76837158203125e-05
amphibian,housefly,-10.375053405761719,-5.340576171875e-05
amphibian,mosquito,-10.187559127807617,-5.91278076171875e-05
amphibian,stick_insect,-10.37504768371582,-4.76837158203125e-05
amphibian,termite,-10.312551498413086,-5.14984130859375e-05
amphibian,centipede,-10.750040054321289,-4.00543212890625e-05
amphibian,millipede,-10.437549591064453,-4.9591064453125e-05
amphibian,scorpion,-10.562545776367188,-4.57763671875e-05
amphibian,spider,-10.812538146972656,-3.814697265625e-05
amphibian,tarantula,-10.250059127807617,-5.91278076171875e-05
amphibian,crab,-10.562545776367188,-4.57763671875e-05
amphibian,crayfish,-10.375053405761719,-5.340576171875e-05
amphibian,lobster,-10.37504768371582,-4.76837158203125e-05
amphibian,prawn,-10.375049591064453,-4.9591064453125e-05
amphibian,shrimp,-10.375049591064453,-4.9591064453125e-05
amphibian,slug,-10.000066757202148,-6.67572021484375e-05
amphibian,snail,-10.500043869018555,-4.38690185546875e-05
amphibian,clam,-10.375051498413086,-5.14984130859375e-05
amphibian,mussel,-10.312553405761719,-5.340576171875e-05
amphibian,scallop,-10.312553405761719,-5.340576171875e-05
amphibian,oyster,-10.125062942504883,-6.29425048828125e-05
amphibian,squid,-10.500043869018555,-4.38690185546875e-05
amphibian,octopus,-10.250055313110352,-5.53131103515625e-05
amphibian,worm,-10.687536239624023,-3.62396240234375e-05
amphibian,jellyfish,-10.687540054321289,-4.00543212890625e-05
fish,animal,-4.1961669921875e-05,-12.187541961669922
fish,vertebrate,-5.340576171875e-05,-11.250053405761719
fish,invertebrate,-10.125062942504883,-6.29425048828125e-05
fish,mammal,-10.937532424926758,-3.24249267578125e-05
fish,bird,-10.437545776367188,-4.57763671875e-05
fish,reptile,-10.500043869018555,-4.38690185546875e-05
fish,amphibian,-10.687540054321289,-4.00543212890625e-05
fish,fish,-0.00072479248046875,-7.938224792480469
fish,arthropod,-10.750041961669922,-4.1961669921875e-05
fish,insect,-10.875036239624023,-3.62396240234375e-05
fish,bird of prey,-9.937576293945312,-7.62939453125e-05
fish,aquatic bird,-10.375051498413086,-5.14984130859375e-05
fish,canine,-10.250053405761719,-5.340576171875e-05
fish,feline,-10.06256103515625,-6.103515625e-05
fish,primate,-10.437545776367188,-4.57763671875e-05
fish,aquatic mammal,-10.687540054321289,-4.00543212890625e-05
fish,rodent,-10.37504768371582,-4.76837158203125e-05
fish,bat,-9.937572479248047,-7.2479248046875e-05
fish,bear,-9.937570571899414,-7.05718994140625e-05
fish,cat,-9.875072479248047,-7.2479248046875e-05
fish,cheetah,-10.125062942504883,-6.29425048828125e-05
fish,leopard,-9.500104904174805,-0.0001049041748046875
fish,lion,-9.937570571899414,-7.05718994140625e-05
fish,panther,-9.812582015991211,-8.20159912109375e-05
fish,tiger,-9.625093460083008,-9.34600830078125e-05
fish,dog,-10.12506103515625,-6.103515625e-05
fish,fox,-9.937572479248047,-7.2479248046875e-05
fish,hyena,-10.000070571899414,-7.05718994140625e-05
fish,wolf,-9.87507438659668,-7.43865966796875e-05
fish,raccoon,-9.500104904174805,-0.0001049041748046875
fish,skunk,-9.500101089477539,-0.0001010894775390625
fish,otter,-9.625091552734375,-9.1552734375e-05
fish,beaver,-9.562593460083008,-9.34600830078125e-05
fish,chipmunk,-9.937570571899414,-7.05718994140625e-05
fish,squirrel,-10.062562942504883,-6.29425048828125e-05
fish,gerbil,-10.062562942504883,-6.29425048828125e-05
fish,guinea_pig,-9.93757438659668,-7.43865966796875e-05
fish,hamster,-10.000064849853516,-6.4849853515625e-05
fish,mouse,-9.937566757202148,-6.67572021484375e-05
fish,porcupine,-9.62509536743164,-9.5367431640625e-05
fish,rat,-10.000066757202148,-6.67572021484375e-05
fish,buffalo,-9.62509536743164,-9.5367431640625e-05
fish,cow,-10.125059127807617,-5.91278076171875e-05
fish,ox,-9.625091552734375,-9.1552734375e-05
fish,goat,-9.875076293945312,-7.62939453125e-05
fish,sheep,-10.062562942504883,-6.29425048828125e-05
fish,deer,-10.125059127807617,-5.91278076171875e-05
fish,moose,-9.750083923339844,-8.392333984375e-05
fish,giraffe,-9.750083923339844,-8.392333984375e-05
fish,camel,-9.812578201293945,-7.82012939453125e-05
fish,hippo,-9.43760871887207,-0.0001087188720703125
fish,llama,-9.750080108642578,-8.0108642578125e-05
fish,pig,-9.937572479248047,-7.2479248046875e-05
fish,donkey,-9.875080108642578,-8.0108642578125e-05
fish,horse,-10.000066757202148,-6.67572021484375e-05
fish,pony,-9.87507438659668,-7.43865966796875e-05
fish,zebra,-9.625089645385742,-8.96453857421875e-05
fish,rhino,-9.875076293945312,-7.62939453125e-05
fish,gorilla,-9.875072479248047,-7.2479248046875e-05
fish,monkey,-10.062562942504883,-6.29425048828125e-05
fish,hedgehog,-9.812580108642578,-8.0108642578125e-05
fish,rabbit,-10.062562942504883,-6.29425048828125e-05
fish,seal,-9.750083923339844,-8.392333984375e-05
fish,walrus,-9.43760871887207,-0.0001087188720703125
fish,dolphin,-9.687582015991211,-8.20159912109375e-05
fish,whale,-9.937568664550781,-6.866455078125e-05
fish,elephant,-9.875072479248047,-7.2479248046875e-05
fish,kangaroo,-9.87507438659668,-7.43865966796875e-05
fish,platypus,-9.750089645385742,-8.96453857421875e-05
fish,crocodile,-9.937568664550781,-6.866455078125e-05
fish,alligator,-10.000066757202148,-6.67572021484375e-05
fish,lizard,-10.312549591064453,-4.9591064453125e-05
fish,iguana,-10.000066757202148,-6.67572021484375e-05
fish,rattlesnake,-9.875078201293945,-7.82012939453125e-05
fish,tortoise,-9.875072479248047,-7.2479248046875e-05
fish,turtle,-10.000064849853516,-6.4849853515625e-05
fish,frog,-10.187557220458984,-5.7220458984375e-05
fish,toad,-9.937570571899414,-7.05718994140625e-05
fish,budgie,-9.625091552734375,-9.1552734375e-05
fish,parakeet,-10.000078201293945,-7.82012939453125e-05
fish,buzzard,-10.062568664550781,-6.866455078125e-05
fish,falcon,-9.937572479248047,-7.2479248046875e-05
fish,hawk,-9.875076293945312,-7.62939453125e-05
fish,eagle,-9.87507438659668,-7.43865966796875e-05
fish,owl,-9.875072479248047,-7.2479248046875e-05
fish,canary,-9.375112533569336,-0.0001125335693359375
fish,magpie,-9.562597274780273,-9.72747802734375e-05
fish,raven,-9.500104904174805,-0.0001049041748046875
fish,nightingale,-9.500099182128906,-9.918212890625e-05
fish,robin,-9.687589645385742,-8.96453857421875e-05
fish,starling,-9.62509536743164,-9.5367431640625e-05
fish,sparrow,-9.937572479248047,-7.2479248046875e-05
fish,wren,-9.812582015991211,-8.20159912109375e-05
fish,chicken,-10.187555313110352,-5.53131103515625e-05
fish,cockerel,-9.875078201293945,-7.82012939453125e-05
fish,turkey,-9.750078201293945,-7.82012939453125e-05
fish,dove,-9.812580108642578,-8.0108642578125e-05
fish,pigeon,-9.87507438659668,-7.43865966796875e-05
fish,partridge,-9.625093460083008,-9.34600830078125e-05
fish,peacock,-9.375114440917969,-0.00011444091796875
fish,crane,-9.812578201293945,-7.82012939453125e-05
fish,flamingo,-9.437604904174805,-0.0001049041748046875
fish,heron,-9.562601089477539,-0.0001010894775390625
fish,duck,-10.000066757202148,-6.67572021484375e-05
fish,goose,-9.937568664550781,-6.866455078125e-05
fish,pelican,-9.500104904174805,-0.0001049041748046875
fish,penguin,-9.562591552734375,-9.1552734375e-05
fish,seagull,-9.812580108642578,-8.0108642578125e-05
fish,swan,-9.750082015991211,-8.20159912109375e-05
fish,hummingbird,-9.812578201293945,-7.82012939453125e-05
fish,kingfisher,-9.562601089477539,-0.0001010894775390625
fish,woodpecker,-9.750082015991211,-8.20159912109375e-05
fish,emu,-9.62509536743164,-9.5367431640625e-05
fish,ostrich,-9.87507438659668,-7.43865966796875e-05
fish,carp,-10.125068664550781,-6.866455078125e-05
fish,goldfish,-9.687599182128906,-9.918212890625e-05
fish,minnow,-10.125068664550781,-6.866455078125e-05
fish,cod,-9.81259536743164,-9.5367431640625e-05
fish,herring,-9.625110626220703,-0.000110626220703125
fish,sardine,-9.562610626220703,-0.000110626220703125
fish,salmon,-9.937582015991211,-8.20159912109375e-05
fish,trout,-10.187564849853516,-6.4849853515625e-05
fish,eel,-9.937576293945312,-7.62939453125e-05
fish,flounder,-9.937583923339844,-8.392333984375e-05
fish,mackerel,-9.562612533569336,-0.0001125335693359375
fish,tuna,-9.625116348266602,-0.0001163482666015625
fish,seahorse,-9.312631607055664,-0.0001316070556640625
fish,shark,-9.875080108642578,-8.0108642578125e-05
fish,bee,-10.187557220458984,-5.7220458984375e-05
fish,hornet,-10.062564849853516,-6.4849853515625e-05
fish,wasp,-10.125064849853516,-6.4849853515625e-05
fish,ant,-9.937570571899414,-7.05718994140625e-05
fish,beetle,-10.437549591064453,-4.9591064453125e-05
fish,ladybird,-9.812580108642578,-8.0108642578125e-05
fish,butterfly,-10.000068664550781,-6.866455078125e-05
fish,moth,-10.062566757202148,-6.67572021484375e-05
fish,cockroach,-9.812580108642578,-8.0108642578125e-05
fish,cricket,-10.062564849853516,-6.4849853515625e-05
fish,grasshopper,-10.250053405761719,-5.340576171875e-05
fish,locust,-10.000068664550781,-6.866455078125e-05
fish,dragonfly,-9.875076293945312,-7.62939453125e-05
fish,flea,-10.125062942504883,-6.29425048828125e-05
fish,housefly,-10.125062942504883,-6.29425048828125e-05
fish,mosquito,-9.875076293945312,-7.62939453125e-05
fish,stick_insect,-9.937570571899414,-7.05718994140625e-05
fish,termite,-9.875072479248047,-7.2479248046875e-05
fish,centipede,-10.187562942504883,-6.29425048828125e-05
fish,millipede,-10.062566757202148,-6.67572021484375e-05
fish,scorpion,-9.875078201293945,-7.82012939453125e-05
fish,spider,-10.187559127807617,-5.91278076171875e-05
fish,tarantula,-9.875076293945312,-7.62939453125e-05
fish,crab,-10.000066757202148,-6.67572021484375e-05
fish,crayfish,-9.812582015991211,-8.20159912109375e-05
fish,lobster,-9.625089645385742,-8.96453857421875e-05
fish,prawn,-9.937566757202148,-6.67572021484375e-05
fish,shrimp,-10.000064849853516,-6.4849853515625e-05
fish,slug,-9.812578201293945,-7.82012939453125e-05
fish,snail,-10.125059127807617,-5.91278076171875e-05
fish,clam,-10.000068664550781,-6.866455078125e-05
fish,mussel,-9.937570571899414,-7.05718994140625e-05
fish,scallop,-9.750085830688477,-8.58306884765625e-05
fish,oyster,-9.500099182128906,-9.918212890625e-05
fish,squid,-10.125059127807617,-5.91278076171875e-05
fish,octopus,-9.937568664550781,-6.866455078125e-05
fish,worm,-10.250051498413086,-5.14984130859375e-05
fish,jellyfish,-10.187557220458984,-5.7220458984375e-05
arthropod,animal,-5.7220458984375e-05,-11.812557220458984
arthropod,vertebrate,-11.250028610229492,-2.86102294921875e-05
arthropod,invertebrate,-5.7220458984375e-05,-11.437557220458984
arthropod,mammal,-11.250030517578125,-3.0517578125e-05
arthropod,bird,-10.625045776367188,-4.57763671875e-05
arthropod,reptile,-11.125032424926758,-3.24249267578125e-05
arthropod,amphibian,-11.000040054321289,-4.00543212890625e-05
arthropod,fish,-11.000036239624023,-3.62396240234375e-05
arthropod,arthropod,-0.2579383850097656,-1.5079383850097656
arthropod,insect,-10.43756103515625,-6.103515625e-05
arthropod,bird of prey,-10.625053405761719,-5.340576171875e-05
arthropod,aquatic bird,-10.500057220458984,-5.7220458984375e-05
arthropod,canine,-10.437551498413086,-5.14984130859375e-05
arthropod,feline,-10.250059127807617,-5.91278076171875e-05
arthropod,primate,-10.562549591064453,-4.9591064453125e-05
arthropod,aquatic mammal,-10.812545776367188,-4.57763671875e-05
arthropod,rodent,-10.687543869018555,-4.38690185546875e-05
arthropod,bat,-10.125070571899414,-7.05718994140625e-05
arthropod,bear,-10.375055313110352,-5.53131103515625e-05
arthropod,cat,-10.25006103515625,-6.103515625e-05
arthropod,cheetah,-10.250059127807617,-5.91278076171875e-05
arthropod,leopard,-10.000076293945312,-7.62939453125e-05
arthropod,lion,-10.125066757202148,-6.67572021484375e-05
arthropod,panther,-10.06257438659668,-7.43865966796875e-05
arthropod,tiger,-9.81258773803711,-8.7738037109375e-05
arthropod,dog,-10.25006103515625,-6.103515625e-05
arthropod,fox,-10.25006103515625,-6.103515625e-05
arthropod,hyena,-10.125072479248047,-7.2479248046875e-05
arthropod,wolf,-9.937578201293945,-7.82012939453125e-05
arthropod,raccoon,-10.00007438659668,-7.43865966796875e-05
arthropod,skunk,-10.062570571899414,-7.05718994140625e-05
arthropod,otter,-10.062572479248047,-7.2479248046875e-05
arthropod,beaver,-10.125066757202148,-6.67572021484375e-05
arthropod,chipmunk,-10.000072479248047,-7.2479248046875e-05
arthropod,squirrel,-10.312557220458984,-5.7220458984375e-05
arthropod,gerbil,-10.062568664550781,-6.866455078125e-05
arthropod,guinea_pig,-10.125068664550781,-6.866455078125e-05
arthropod,hamster,-10.250057220458984,-5.7220458984375e-05
arthropod,mouse,-10.125064849853516,-6.4849853515625e-05
arthropod,porcupine,-9.937582015991211,-8.20159912109375e-05
arthropod,rat,-10.312559127807617,-5.91278076171875e-05
arthropod,buffalo,-10.000076293945312,-7.62939453125e-05
arthropod,cow,-10.312557220458984,-5.7220458984375e-05
arthropod,ox,-9.750091552734375,-9.1552734375e-05
arthropod,goat,-10.000076293945312,-7.62939453125e-05
arthropod,sheep,-10.375055313110352,-5.53131103515625e-05
arthropod,deer,-10.187562942504883,-6.29425048828125e-05
arthropod,moose,-10.062568664550781,-6.866455078125e-05
arthropod,giraffe,-10.00007438659668,-7.43865966796875e-05
arthropod,camel,-10.000072479248047,-7.2479248046875e-05
arthropod,hippo,-9.937582015991211,-8.20159912109375e-05
arthropod,llama,-10.00007438659668,-7.43865966796875e-05
arthropod,pig,-10.250064849853516,-6.4849853515625e-05
arthropod,donkey,-10.187568664550781,-6.866455078125e-05
arthropod,horse,-10.187564849853516,-6.4849853515625e-05
arthropod,pony,-10.062568664550781,-6.866455078125e-05
arthropod,zebra,-10.00007438659668,-7.43865966796875e-05
arthropod,rhino,-10.125068664550781,-6.866455078125e-05
arthropod,gorilla,-10.000072479248047,-7.2479248046875e-05
arthropod,monkey,-10.375059127807617,-5.91278076171875e-05
arthropod,hedgehog,-10.125068664550781,-6.866455078125e-05
arthropod,rabbit,-10.187562942504883,-6.29425048828125e-05
arthropod,seal,-10.125068664550781,-6.866455078125e-05
arthropod,walrus,-9.937582015991211,-8.20159912109375e-05
arthropod,dolphin,-10.25006103515625,-6.103515625e-05
arthropod,whale,-10.375055313110352,-5.53131103515625e-05
arthropod,elephant,-10.125064849853516,-6.4849853515625e-05
arthropod,kangaroo,-10.125066757202148,-6.67572021484375e-05
arthropod,platypus,-10.062578201293945,-7.82012939453125e-05
arthropod,crocodile,-10.25006103515625,-6.103515625e-05
arthropod,alligator,-10.250062942504883,-6.29425048828125e-05
arthropod,lizard,-10.812540054321289,-4.00543212890625e-05
arthropod,iguana,-10.250059127807617,-5.91278076171875e-05
arthropod,rattlesnake,-10.062572479248047,-7.2479248046875e-05
arthropod,tortoise,-10.250057220458984,-5.7220458984375e-05
arthropod,turtle,-10.312559127807617,-5.91278076171875e-05
arthropod,frog,-10.500051498413086,-5.14984130859375e-05
arthropod,toad,-10.250059127807617,-5.91278076171875e-05
arthropod,budgie,-9.937576293945312,-7.62939453125e-05
arthropod,parakeet,-10.250066757202148,-6.67572021484375e-05
arthropod,buzzard,-10.250066757202148,-6.67572021484375e-05
arthropod,falcon,-10.06257438659668,-7.43865966796875e-05
arthropod,hawk,-10.125068664550781,-6.866455078125e-05
arthropod,eagle,-10.187566757202148,-6.67572021484375e-05
arthropod,owl,-9.937576293945312,-7.62939453125e-05
arthropod,canary,-9.937576293945312,-7.62939453125e-05
arthropod,magpie,-10.00007438659668,-7.43865966796875e-05
arthropod,raven,-9.875085830688477,-8.58306884765625e-05
arthropod,nightingale,-9.812589645385742,-8.96453857421875e-05
arthropod,robin,-9.937576293945312,-7.62939453125e-05
arthropod,starling,-9.812591552734375,-9.1552734375e-05
arthropod,sparrow,-10.125068664550781,-6.866455078125e-05
arthropod,wren,-10.00007438659668,-7.43865966796875e-05
arthropod,chicken,-10.187562942504883,-6.29425048828125e-05
arthropod,cockerel,-9.75009536743164,-9.5367431640625e-05
arthropod,turkey,-9.75008773803711,-8.7738037109375e-05
arthropod,dove,-10.00007438659668,-7.43865966796875e-05
arthropod,pigeon,-10.187564849853516,-6.4849853515625e-05
arthropod,partridge,-9.937578201293945,-7.82012939453125e-05
arthropod,peacock,-9.750091552734375,-9.1552734375e-05
arthropod,crane,-9.750091552734375,-9.1552734375e-05
arthropod,flamingo,-9.562599182128906,-9.918212890625e-05
arthropod,heron,-10.125072479248047,-7.2479248046875e-05
arthropod,duck,-10.187562942504883,-6.29425048828125e-05
arthropod,goose,-9.937576293945312,-7.62939453125e-05
arthropod,pelican,-9.937580108642578,-8.0108642578125e-05
arthropod,penguin,-10.062566757202148,-6.67572021484375e-05
arthropod,seagull,-10.062570571899414,-7.05718994140625e-05
arthropod,swan,-10.00007438659668,-7.43865966796875e-05
arthropod,hummingbird,-9.937578201293945,-7.82012939453125e-05
arthropod,kingfisher,-9.812591552734375,-9.1552734375e-05
arthropod,woodpecker,-9.812582015991211,-8.20159912109375e-05
arthropod,emu,-10.000078201293945,-7.82012939453125e-05
arthropod,ostrich,-10.125064849853516,-6.4849853515625e-05
arthropod,carp,-10.000076293945312,-7.62939453125e-05
arthropod,goldfish,-10.187564849853516,-6.4849853515625e-05
arthropod,minnow,-10.31256103515625,-6.103515625e-05
arthropod,cod,-9.625099182128906,-9.918212890625e-05
arthropod,herring,-9.875083923339844,-8.392333984375e-05
arthropod,sardine,-10.062568664550781,-6.866455078125e-05
arthropod,salmon,-10.125064849853516,-6.4849853515625e-05
arthropod,trout,-10.125064849853516,-6.4849853515625e-05
arthropod,eel,-10.500049591064453,-4.9591064453125e-05
arthropod,flounder,-10.125068664550781,-6.866455078125e-05
arthropod,mackerel,-10.000078201293945,-7.82012939453125e-05
arthropod,tuna,-10.125064849853516,-6.4849853515625e-05
arthropod,seahorse,-9.937580108642578,-8.0108642578125e-05
arthropod,shark,-10.312559127807617,-5.91278076171875e-05
arthropod,bee,-10.25006103515625,-6.103515625e-05
arthropod,hornet,-10.125070571899414,-7.05718994140625e-05
arthropod,wasp,-10.437557220458984,-5.7220458984375e-05
arthropod,ant,-10.062576293945312,-7.62939453125e-05
arthropod,beetle,-10.812543869018555,-4.38690185546875e-05
arthropod,ladybird,-9.750089645385742,-8.96453857421875e-05
arthropod,butterfly,-9.875080108642578,-8.0108642578125e-05
arthropod,moth,-10.125070571899414,-7.05718994140625e-05
arthropod,cockroach,-10.125068664550781,-6.866455078125e-05
arthropod,cricket,-9.937580108642578,-8.0108642578125e-05
arthropod,grasshopper,-10.250062942504883,-6.29425048828125e-05
arthropod,locust,-9.687597274780273,-9.72747802734375e-05
arthropod,dragonfly,-10.187562942504883,-6.29425048828125e-05
arthropod,flea,-10.250062942504883,-6.29425048828125e-05
arthropod,housefly,-9.625099182128906,-9.918212890625e-05
arthropod,mosquito,-9.875093460083008,-9.34600830078125e-05
arthropod,stick_insect,-10.000072479248047,-7.2479248046875e-05
arthropod,termite,-10.125068664550781,-6.866455078125e-05
arthropod,centipede,-10.250066757202148,-6.67572021484375e-05
arthropod,millipede,-10.06257438659668,-7.43865966796875e-05
arthropod,scorpion,-10.437557220458984,-5.7220458984375e-05
arthropod,spider,-10.250064849853516,-6.4849853515625e-05
arthropod,tarantula,-9.937582015991211,-8.20159912109375e-05
arthropod,crab,-9.875083923339844,-8.392333984375e-05
arthropod,crayfish,-9.750093460083008,-9.34600830078125e-05
arthropod,lobster,-9.18763542175293,-0.0001354217529296875
arthropod,prawn,-9.562597274780273,-9.72747802734375e-05
arthropod,shrimp,-9.625093460083008,-9.34600830078125e-05
arthropod,slug,-10.125066757202148,-6.67572021484375e-05
arthropod,snail,-10.437551498413086,-5.14984130859375e-05
arthropod,clam,-10.375057220458984,-5.7220458984375e-05
arthropod,mussel,-10.25006103515625,-6.103515625e-05
arthropod,scallop,-10.00007438659668,-7.43865966796875e-05
arthropod,oyster,-10.000072479248047,-7.2479248046875e-05
arthropod,squid,-10.312555313110352,-5.53131103515625e-05
arthropod,octopus,-10.125064849853516,-6.4849853515625e-05
arthropod,worm,-10.12506103515625,-6.103515625e-05
arthropod,jellyfish,-10.500049591064453,-4.9591064453125e-05
insect,animal,-4.9591064453125e-05,-11.625049591064453
insect,vertebrate,-11.125030517578125,-3.0517578125e-05
insect,invertebrate,-4.9591064453125e-05,-11.375049591064453
insect,mammal,-11.062532424926758,-3.24249267578125e-05
insect,bird,-10.625043869018555,-4.38690185546875e-05
insect,reptile,-11.00003433227539,-3.4332275390625e-05
insect,amphibian,-10.750043869018555,-4.38690185546875e-05
insect,fish,-10.750038146972656,-3.814697265625e-05
insect,arthropod,-4.00543212890625e-05,-12.312540054321289
insect,insect,-0.08434295654296875,-2.5843429565429688
insect,bird of prey,-10.250059127807617,-5.91278076171875e-05
insect,aquatic bird,-10.375059127807617,-5.91278076171875e-05
insect,canine,-10.25006103515625,-6.103515625e-05
insect,feline,-10.250057220458984,-5.7220458984375e-05
insect,primate,-10.437551498413086,-5.14984130859375e-05
insect,aquatic mammal,-10.500055313110352,-5.53131103515625e-05
insect,rodent,-10.875036239624023,-3.62396240234375e-05
insect,bat,-9.937580108642578,-8.0108642578125e-05
insect,bear,-10.062568664550781,-6.866455078125e-05
insect,cat,-10.125064849853516,-6.4849853515625e-05
insect,cheetah,-10.187562942504883,-6.29425048828125e-05
insect,leopard,-9.937578201293945,-7.82012939453125e-05
insect,lion,-10.00007438659668,-7.43865966796875e-05
insect,panther,-10.000076293945312,-7.62939453125e-05
insect,tiger,-9.875082015991211,-8.20159912109375e-05
insect,dog,-10.312557220458984,-5.7220458984375e-05
insect,fox,-10.125064849853516,-6.4849853515625e-05
insect,hyena,-10.00007438659668,-7.43865966796875e-05
insect,wolf,-9.937578201293945,-7.82012939453125e-05
insect,raccoon,-9.937576293945312,-7.62939453125e-05
insect,skunk,-9.750089645385742,-8.96453857421875e-05
insect,otter,-9.937576293945312,-7.62939453125e-05
insect,beaver,-9.93757438659668,-7.43865966796875e-05
insect,chipmunk,-10.125066757202148,-6.67572021484375e-05
insect,squirrel,-10.250059127807617,-5.91278076171875e-05
insect,gerbil,-9.937578201293945,-7.82012939453125e-05
insect,guinea_pig,-9.937580108642578,-8.0108642578125e-05
insect,hamster,-10.187557220458984,-5.7220458984375e-05
insect,mouse,-10.250055313110352,-5.53131103515625e-05
insect,porcupine,-9.750091552734375,-9.1552734375e-05
insect,rat,-10.250059127807617,-5.91278076171875e-05
insect,buffalo,-9.937578201293945,-7.82012939453125e-05
insect,cow,-10.000072479248047,-7.2479248046875e-05
insect,ox,-9.562604904174805,-0.0001049041748046875
insect,goat,-9.875082015991211,-8.20159912109375e-05
insect,sheep,-10.18756103515625,-6.103515625e-05
insect,deer,-10.062570571899414,-7.05718994140625e-05
insect,moose,-9.937576293945312,-7.62939453125e-05
insect,giraffe,-9.937576293945312,-7.62939453125e-05
insect,camel,-9.937576293945312,-7.62939453125e-05
insect,hippo,-9.68759536743164,-9.5367431640625e-05
insect,llama,-9.875080108642578,-8.0108642578125e-05
insect,pig,-10.00007438659668,-7.43865966796875e-05
insect,donkey,-10.000080108642578,-8.0108642578125e-05
insect,horse,-10.062568664550781,-6.866455078125e-05
insect,pony,-10.000070571899414,-7.05718994140625e-05
insect,zebra,-9.875082015991211,-8.20159912109375e-05
insect,rhino,-9.937578201293945,-7.82012939453125e-05
insect,gorilla,-9.93757438659668,-7.43865966796875e-05
insect,monkey,-10.125066757202148,-6.67572021484375e-05
insect,hedgehog,-9.875082015991211,-8.20159912109375e-05
insect,rabbit,-10.125064849853516,-6.4849853515625e-05
insect,seal,-9.937580108642578,-8.0108642578125e-05
insect,walrus,-9.625101089477539,-0.0001010894775390625
insect,dolphin,-10.062570571899414,-7.05718994140625e-05
insect,whale,-10.062570571899414,-7.05718994140625e-05
insect,elephant,-10.000070571899414,-7.05718994140625e-05
insect,kangaroo,-10.00007438659668,-7.43865966796875e-05
insect,platypus,-10.000078201293945,-7.82012939453125e-05
insect,crocodile,-10.000072479248047,-7.2479248046875e-05
insect,alligator,-10.062568664550781,-6.866455078125e-05
insect,lizard,-10.687541961669922,-4.1961669921875e-05
insect,iguana,-10.125062942504883,-6.29425048828125e-05
insect,rattlesnake,-10.062570571899414,-7.05718994140625e-05
insect,tortoise,-10.062566757202148,-6.67572021484375e-05
insect,turtle,-10.250057220458984,-5.7220458984375e-05
insect,frog,-10.312557220458984,-5.7220458984375e-05
insect,toad,-10.125066757202148,-6.67572021484375e-05
insect,budgie,-9.750089645385742,-8.96453857421875e-05
insect,parakeet,-10.000082015991211,-8.20159912109375e-05
insect,buzzard,-10.06257438659668,-7.43865966796875e-05
insect,falcon,-10.000076293945312,-7.62939453125e-05
insect,hawk,-9.875083923339844,-8.392333984375e-05
insect,eagle,-10.00007438659668,-7.43865966796875e-05
insect,owl,-9.93757438659668,-7.43865966796875e-05
insect,canary,-9.562599182128906,-9.918212890625e-05
insect,magpie,-9.81258773803711,-8.7738037109375e-05
insect,raven,-9.75009536743164,-9.5367431640625e-05
insect,nightingale,-9.62509536743164,-9.5367431640625e-05
insect,robin,-9.875082015991211,-8.20159912109375e-05
insect,starling,-9.812589645385742,-8.96453857421875e-05
insect,sparrow,-10.187562942504883,-6.29425048828125e-05
insect,wren,-9.875083923339844,-8.392333984375e-05
insect,chicken,-10.250055313110352,-5.53131103515625e-05
insect,cockerel,-9.625102996826172,-0.000102996826171875
insect,turkey,-9.875078201293945,-7.82012939453125e-05
insect,dove,-9.937576293945312,-7.62939453125e-05
insect,pigeon,-10.062568664550781,-6.866455078125e-05
insect,partridge,-9.750089645385742,-8.96453857421875e-05
insect,peacock,-9.437612533569336,-0.0001125335693359375
insect,crane,-9.625099182128906,-9.918212890625e-05
insect,flamingo,-9.562599182128906,-9.918212890625e-05
insect,heron,-9.750097274780273,-9.72747802734375e-05
insect,duck,-10.125064849853516,-6.4849853515625e-05
insect,goose,-9.875078201293945,-7.82012939453125e-05
insect,pelican,-9.750089645385742,-8.96453857421875e-05
insect,penguin,-9.937576293945312,-7.62939453125e-05
insect,seagull,-9.937578201293945,-7.82012939453125e-05
insect,swan,-9.875082015991211,-8.20159912109375e-05
insect,hummingbird,-9.750085830688477,-8.58306884765625e-05
insect,kingfisher,-9.56260871887207,-0.0001087188720703125
insect,woodpecker,-9.687597274780273,-9.72747802734375e-05
insect,emu,-9.81258773803711,-8.7738037109375e-05
insect,ostrich,-9.93757438659668,-7.43865966796875e-05
insect,carp,-10.00007438659668,-7.43865966796875e-05
insect,goldfish,-10.000070571899414,-7.05718994140625e-05
insect,minnow,-10.187566757202148,-6.67572021484375e-05
insect,cod,-9.312629699707031,-0.00012969970703125
insect,herring,-9.937578201293945,-7.82012939453125e-05
insect,sardine,-10.125064849853516,-6.4849853515625e-05
insect,salmon,-10.000070571899414,-7.05718994140625e-05
insect,trout,-10.062566757202148,-6.67572021484375e-05
insect,eel,-10.375053405761719,-5.340576171875e-05
insect,flounder,-9.81258773803711,-8.7738037109375e-05
insect,mackerel,-9.937578201293945,-7.82012939453125e-05
insect,tuna,-10.062566757202148,-6.67572021484375e-05
insect,seahorse,-9.875083923339844,-8.392333984375e-05
insect,shark,-10.125064849853516,-6.4849853515625e-05
insect,bee,-10.375062942504883,-6.29425048828125e-05
insect,hornet,-10.06257438659668,-7.43865966796875e-05
insect,wasp,-9.875089645385742,-8.96453857421875e-05
insect,ant,-10.312562942504883,-6.29425048828125e-05
insect,beetle,-10.68754768371582,-4.76837158203125e-05
insect,ladybird,-9.625110626220703,-0.000110626220703125
insect,butterfly,-9.81258773803711,-8.7738037109375e-05
insect,moth,-9.687602996826172,-0.000102996826171875
insect,cockroach,-10.187572479248047,-7.2479248046875e-05
insect,cricket,-10.125076293945312,-7.62939453125e-05
insect,grasshopper,-10.562555313110352,-5.53131103515625e-05
insect,locust,-9.687610626220703,-0.000110626220703125
insect,dragonfly,-10.125070571899414,-7.05718994140625e-05
insect,flea,-10.375059127807617,-5.91278076171875e-05
insect,housefly,-10.312564849853516,-6.4849853515625e-05
insect,mosquito,-10.062597274780273,-9.72747802734375e-05
insect,stick_insect,-9.937585830688477,-8.58306884765625e-05
insect,termite,-10.125076293945312,-7.62939453125e-05
insect,centipede,-10.562549591064453,-4.9591064453125e-05
insect,millipede,-10.00007438659668,-7.43865966796875e-05
insect,scorpion,-10.250059127807617,-5.91278076171875e-05
insect,spider,-10.625043869018555,-4.38690185546875e-05
insect,tarantula,-9.937580108642578,-8.0108642578125e-05
insect,crab,-10.125064849853516,-6.4849853515625e-05
insect,crayfish,-10.000072479248047,-7.2479248046875e-05
insect,lobster,-9.312618255615234,-0.000118255615234375
insect,prawn,-9.437606811523438,-0.0001068115234375
insect,shrimp,-9.500102996826172,-0.000102996826171875
insect,slug,-10.062566757202148,-6.67572021484375e-05
insect,snail,-10.312555313110352,-5.53131103515625e-05
insect,clam,-10.062570571899414,-7.05718994140625e-05
insect,mussel,-9.875085830688477,-8.58306884765625e-05
insect,scallop,-9.937580108642578,-8.0108642578125e-05
insect,oyster,-9.75008773803711,-8.7738037109375e-05
insect,squid,-10.12506103515625,-6.103515625e-05
insect,octopus,-10.062566757202148,-6.67572021484375e-05
insect,worm,-10.06256103515625,-6.103515625e-05
insect,jellyfish,-10.25006103515625,-6.103515625e-05
bird of prey,animal,-0.000133514404296875,-9.687633514404297
bird of prey,vertebrate,-6.103515625e-05,-11.00006103515625
bird of prey,invertebrate,-10.125066757202148,-6.67572021484375e-05
bird of prey,mammal,-10.250053405761719,-5.340576171875e-05
bird of prey,bird,-9.34600830078125e-05,-10.437593460083008
bird of prey,reptile,-10.062562942504883,-6.29425048828125e-05
bird of prey,amphibian,-10.250059127807617,-5.91278076171875e-05
bird of prey,fish,-10.06256103515625,-6.103515625e-05
bird of prey,arthropod,-10.125070571899414,-7.05718994140625e-05
bird of prey,insect,-10.125062942504883,-6.29425048828125e-05
bird of prey,bird of prey,-9.1552734375e-05,-10.375091552734375
bird of prey,aquatic bird,-9.625089645385742,-8.96453857421875e-05
bird of prey,canine,-10.000064849853516,-6.4849853515625e-05
bird of prey,feline,-9.937568664550781,-6.866455078125e-05
bird of prey,primate,-10.125062942504883,-6.29425048828125e-05
bird of prey,aquatic mammal,-10.062568664550781,-6.866455078125e-05
bird of prey,rodent,-10.000066757202148,-6.67572021484375e-05
bird of prey,bat,-9.87507438659668,-7.43865966796875e-05
bird of prey,bear,-9.812578201293945,-7.82012939453125e-05
bird of prey,cat,-9.812576293945312,-7.62939453125e-05
bird of prey,cheetah,-9.875078201293945,-7.82012939453125e-05
bird of prey,leopard,-9.68759536743164,-9.5367431640625e-05
bird of prey,lion,-9.812580108642578,-8.0108642578125e-05
bird of prey,panther,-9.625093460083008,-9.34600830078125e-05
bird of prey,tiger,-9.812583923339844,-8.392333984375e-05
bird of prey,dog,-9.87507438659668,-7.43865966796875e-05
bird of prey,fox,-9.812578201293945,-7.82012939453125e-05
bird of prey,hyena,-9.812582015991211,-8.20159912109375e-05
bird of prey,wolf,-9.875076293945312,-7.62939453125e-05
bird of prey,raccoon,-9.56259536743164,-9.5367431640625e-05
bird of prey,skunk,-9.562599182128906,-9.918212890625e-05
bird of prey,otter,-9.56259536743164,-9.5367431640625e-05
bird of prey,beaver,-9.56259536743164,-9.5367431640625e-05
bird of prey,chipmunk,-9.625091552734375,-9.1552734375e-05
bird of prey,squirrel,-9.687585830688477,-8.58306884765625e-05
bird of prey,gerbil,-9.43760871887207,-0.0001087188720703125
bird of prey,guinea_pig,-9.562602996826172,-0.000102996826171875
bird of prey,hamster,-9.750080108642578,-8.0108642578125e-05
bird of prey,mouse,-9.562593460083008,-9.34600830078125e-05
bird of prey,porcupine,-9.562604904174805,-0.0001049041748046875
bird of prey,rat,-9.687585830688477,-8.58306884765625e-05
bird of prey,buffalo,-9.625097274780273,-9.72747802734375e-05
bird of prey,cow,-9.562599182128906,-9.918212890625e-05
bird of prey,ox,-9.625097274780273,-9.72747802734375e-05
bird of prey,goat,-9.500104904174805,-0.0001049041748046875
bird of prey,sheep,-9.500102996826172,-0.000102996826171875
bird of prey,deer,-9.812582015991211,-8.20159912109375e-05
bird of prey,moose,-9.68758773803711,-8.7738037109375e-05
bird of prey,giraffe,-9.500110626220703,-0.000110626220703125
bird of prey,camel,-9.500104904174805,-0.0001049041748046875
bird of prey,hippo,-9.500106811523438,-0.0001068115234375
bird of prey,llama,-9.562597274780273,-9.72747802734375e-05
bird of prey,pig,-9.62509536743164,-9.5367431640625e-05
bird of prey,donkey,-9.750091552734375,-9.1552734375e-05
bird of prey,horse,-9.812582015991211,-8.20159912109375e-05
bird of prey,pony,-9.625093460083008,-9.34600830078125e-05
bird of prey,zebra,-9.875078201293945,-7.82012939453125e-05
bird of prey,rhino,-9.750091552734375,-9.1552734375e-05
bird of prey,gorilla,-9.625093460083008,-9.34600830078125e-05
bird of prey,monkey,-9.875076293945312,-7.62939453125e-05
bird of prey,hedgehog,-9.75008773803711,-8.7738037109375e-05
bird of prey,rabbit,-9.750082015991211,-8.20159912109375e-05
bird of prey,seal,-9.62509536743164,-9.5367431640625e-05
bird of prey,walrus,-9.437614440917969,-0.00011444091796875
bird of prey,dolphin,-9.875076293945312,-7.62939453125e-05
bird of prey,whale,-9.875078201293945,-7.82012939453125e-05
bird of prey,elephant,-9.68758773803711,-8.7738037109375e-05
bird of prey,kangaroo,-9.750085830688477,-8.58306884765625e-05
bird of prey,platypus,-9.875080108642578,-8.0108642578125e-05
bird of prey,crocodile,-9.750083923339844,-8.392333984375e-05
bird of prey,alligator,-9.62509536743164,-9.5367431640625e-05
bird of prey,lizard,-10.000066757202148,-6.67572021484375e-05
bird of prey,iguana,-9.625093460083008,-9.34600830078125e-05
bird of prey,rattlesnake,-9.812583923339844,-8.392333984375e-05
bird of prey,tortoise,-9.812582015991211,-8.20159912109375e-05
bird of prey,turtle,-9.750083923339844,-8.392333984375e-05
bird of prey,frog,-9.875076293945312,-7.62939453125e-05
bird of prey,toad,-9.687593460083008,-9.34600830078125e-05
bird of prey,budgie,-9.437602996826172,-0.000102996826171875
bird of prey,parakeet,-9.625093460083008,-9.34600830078125e-05
bird of prey,buzzard,-8.375295639038086,-0.0002956390380859375
bird of prey,falcon,-7.937944412231445,-0.0004444122314453125
bird of prey,hawk,-6.751405715942383,-0.0014057159423828125
bird of prey,eagle,-9.06265640258789,-0.000156402587890625
bird of prey,owl,-9.625089645385742,-8.96453857421875e-05
bird of prey,canary,-9.562591552734375,-9.1552734375e-05
bird of prey,magpie,-9.812578201293945,-7.82012939453125e-05
bird of prey,raven,-9.87507438659668,-7.43865966796875e-05
bird of prey,nightingale,-9.625089645385742,-8.96453857421875e-05
bird of prey,robin,-9.687585830688477,-8.58306884765625e-05
bird of prey,starling,-9.812578201293945,-7.82012939453125e-05
bird of prey,sparrow,-9.750080108642578,-8.0108642578125e-05
bird of prey,wren,-9.875072479248047,-7.2479248046875e-05
bird of prey,chicken,-8.750185012817383,-0.0001850128173828125
bird of prey,cockerel,-9.375114440917969,-0.00011444091796875
bird of prey,turkey,-9.37510871887207,-0.0001087188720703125
bird of prey,dove,-9.625089645385742,-8.96453857421875e-05
bird of prey,pigeon,-9.687582015991211,-8.20159912109375e-05
bird of prey,partridge,-9.375112533569336,-0.0001125335693359375
bird of prey,peacock,-9.56259536743164,-9.5367431640625e-05
bird of prey,crane,-9.437604904174805,-0.0001049041748046875
bird of prey,flamingo,-9.562591552734375,-9.1552734375e-05
bird of prey,heron,-9.625091552734375,-9.1552734375e-05
bird of prey,duck,-10.000064849853516,-6.4849853515625e-05
bird of prey,goose,-9.750076293945312,-7.62939453125e-05
bird of prey,pelican,-9.687583923339844,-8.392333984375e-05
bird of prey,penguin,-9.562591552734375,-9.1552734375e-05
bird of prey,seagull,-9.500099182128906,-9.918212890625e-05
bird of prey,swan,-9.937568664550781,-6.866455078125e-05
bird of prey,hummingbird,-9.750082015991211,-8.20159912109375e-05
bird of prey,kingfisher,-9.750083923339844,-8.392333984375e-05
bird of prey,woodpecker,-9.812576293945312,-7.62939453125e-05
bird of prey,emu,-9.687589645385742,-8.96453857421875e-05
bird of prey,ostrich,-9.875072479248047,-7.2479248046875e-05
bird of prey,carp,-9.625093460083008,-9.34600830078125e-05
bird of prey,goldfish,-9.625093460083008,-9.34600830078125e-05
bird of prey,minnow,-9.812585830688477,-8.58306884765625e-05
bird of prey,cod,-9.250127792358398,-0.0001277923583984375
bird of prey,herring,-9.375118255615234,-0.000118255615234375
bird of prey,sardine,-9.750083923339844,-8.392333984375e-05
bird of prey,salmon,-9.625089645385742,-8.96453857421875e-05
bird of prey,trout,-9.687585830688477,-8.58306884765625e-05
bird of prey,eel,-10.000068664550781,-6.866455078125e-05
bird of prey,flounder,-9.500104904174805,-0.0001049041748046875
bird of prey,mackerel,-9.437614440917969,-0.00011444091796875
bird of prey,tuna,-9.500101089477539,-0.0001010894775390625
bird of prey,seahorse,-9.625097274780273,-9.72747802734375e-05
bird of prey,shark,-9.875078201293945,-7.82012939453125e-05
bird of prey,bee,-9.812580108642578,-8.0108642578125e-05
bird of prey,hornet,-9.812582015991211,-8.20159912109375e-05
bird of prey,wasp,-9.875078201293945,-7.82012939453125e-05
bird of prey,ant,-9.437610626220703,-0.000110626220703125
bird of prey,beetle,-10.000062942504883,-6.29425048828125e-05
bird of prey,ladybird,-9.500101089477539,-0.0001010894775390625
bird of prey,butterfly,-9.87507438659668,-7.43865966796875e-05
bird of prey,moth,-9.687589645385742,-8.96453857421875e-05
bird of prey,cockroach,-9.875078201293945,-7.82012939453125e-05
bird of prey,cricket,-9.87507438659668,-7.43865966796875e-05
bird of prey,grasshopper,-9.87507438659668,-7.43865966796875e-05
bird of prey,locust,-9.875076293945312,-7.62939453125e-05
bird of prey,dragonfly,-9.87507438659668,-7.43865966796875e-05
bird of prey,flea,-9.93757438659668,-7.43865966796875e-05
bird of prey,housefly,-9.875078201293945,-7.82012939453125e-05
bird of prey,mosquito,-9.812580108642578,-8.0108642578125e-05
bird of prey,stick_insect,-9.500101089477539,-0.0001010894775390625
bird of prey,termite,-9.750082015991211,-8.20159912109375e-05
bird of prey,centipede,-9.875083923339844,-8.392333984375e-05
bird of prey,millipede,-9.875080108642578,-8.0108642578125e-05
bird of prey,scorpion,-9.875080108642578,-8.0108642578125e-05
bird of prey,spider,-9.875078201293945,-7.82012939453125e-05
bird of prey,tarantula,-9.562602996826172,-0.000102996826171875
bird of prey,crab,-9.750083923339844,-8.392333984375e-05
bird of prey,crayfish,-9.562599182128906,-9.918212890625e-05
bird of prey,lobster,-9.68758773803711,-8.7738037109375e-05
bird of prey,prawn,-9.500102996826172,-0.000102996826171875
bird of prey,shrimp,-9.750082015991211,-8.20159912109375e-05
bird of prey,slug,-9.812580108642578,-8.0108642578125e-05
bird of prey,snail,-9.750080108642578,-8.0108642578125e-05
bird of prey,clam,-9.562604904174805,-0.0001049041748046875
bird of prey,mussel,-9.562599182128906,-9.918212890625e-05
bird of prey,scallop,-9.500110626220703,-0.000110626220703125
bird of prey,oyster,-9.187639236450195,-0.0001392364501953125
bird of prey,squid,-9.937572479248047,-7.2479248046875e-05
bird of prey,octopus,-9.687589645385742,-8.96453857421875e-05
bird of prey,worm,-9.937572479248047,-7.2479248046875e-05
bird of prey,jellyfish,-10.000068664550781,-6.866455078125e-05
aquatic bird,animal,-9.34600830078125e-05,-10.312593460083008
aquatic bird,vertebrate,-7.05718994140625e-05,-10.750070571899414
aquatic bird,invertebrate,-10.125064849853516,-6.4849853515625e-05
aquatic bird,mammal,-10.312551498413086,-5.14984130859375e-05
aquatic bird,bird,-8.20159912109375e-05,-10.812582015991211
aquatic bird,reptile,-9.875072479248047,-7.2479248046875e-05
aquatic bird,amphibian,-10.000066757202148,-6.67572021484375e-05
aquatic bird,fish,-10.187555313110352,-5.53131103515625e-05
aquatic bird,arthropod,-10.25006103515625,-6.103515625e-05
aquatic bird,insect,-10.18756103515625,-6.103515625e-05
aquatic bird,bird of prey,-9.312726974487305,-0.0002269744873046875
aquatic bird,aquatic bird,-0.00011444091796875,-10.000114440917969
aquatic bird,canine,-9.875076293945312,-7.62939453125e-05
aquatic bird,feline,-9.750080108642578,-8.0108642578125e-05
aquatic bird,primate,-10.062564849853516,-6.4849853515625e-05
aquatic bird,aquatic mammal,-10.12506103515625,-6.103515625e-05
aquatic bird,rodent,-9.937572479248047,-7.2479248046875e-05
aquatic bird,bat,-9.93757438659668,-7.43865966796875e-05
aquatic bird,bear,-9.56259536743164,-9.5367431640625e-05
aquatic bird,cat,-9.500101089477539,-0.0001010894775390625
aquatic bird,cheetah,-9.937572479248047,-7.2479248046875e-05
aquatic bird,leopard,-9.625097274780273,-9.72747802734375e-05
aquatic bird,lion,-9.687589645385742,-8.96453857421875e-05
aquatic bird,panther,-9.62509536743164,-9.5367431640625e-05
aquatic bird,tiger,-9.562601089477539,-0.0001010894775390625
aquatic bird,dog,-9.625091552734375,-9.1552734375e-05
aquatic bird,fox,-9.750085830688477,-8.58306884765625e-05
aquatic bird,hyena,-9.562602996826172,-0.000102996826171875
aquatic bird,wolf,-9.812582015991211,-8.20159912109375e-05
aquatic bird,raccoon,-9.375116348266602,-0.0001163482666015625
aquatic bird,skunk,-9.437610626220703,-0.000110626220703125
aquatic bird,otter,-9.750080108642578,-8.0108642578125e-05
aquatic bird,beaver,-9.62508773803711,-8.7738037109375e-05
aquatic bird,chipmunk,-9.87507438659668,-7.43865966796875e-05
aquatic bird,squirrel,-9.750082015991211,-8.20159912109375e-05
aquatic bird,gerbil,-9.56259536743164,-9.5367431640625e-05
aquatic bird,guinea_pig,-9.562601089477539,-0.0001010894775390625
aquatic bird,hamster,-9.750080108642578,-8.0108642578125e-05
aquatic bird,mouse,-9.62508773803711,-8.7738037109375e-05
aquatic bird,porcupine,-9.375120162963867,-0.0001201629638671875
aquatic bird,rat,-9.625091552734375,-9.1552734375e-05
aquatic bird,buffalo,-9.50010871887207,-0.0001087188720703125
aquatic bird,cow,-9.68758773803711,-8.7738037109375e-05
aquatic bird,ox,-9.500104904174805,-0.0001049041748046875
aquatic bird,goat,-9.625093460083008,-9.34600830078125e-05
aquatic bird,sheep,-9.625091552734375,-9.1552734375e-05
aquatic bird,deer,-9.750083923339844,-8.392333984375e-05
aquatic bird,moose,-9.500102996826172,-0.000102996826171875
aquatic bird,giraffe,-9.3126220703125,-0.0001220703125
aquatic bird,camel,-9.500099182128906,-9.918212890625e-05
aquatic bird,hippo,-9.312620162963867,-0.0001201629638671875
aquatic bird,llama,-9.375112533569336,-0.0001125335693359375
aquatic bird,pig,-9.562599182128906,-9.918212890625e-05
aquatic bird,donkey,-9.687591552734375,-9.1552734375e-05
aquatic bird,horse,-9.625091552734375,-9.1552734375e-05
aquatic bird,pony,-9.56259536743164,-9.5367431640625e-05
aquatic bird,zebra,-9.625093460083008,-9.34600830078125e-05
aquatic bird,rhino,-9.625097274780273,-9.72747802734375e-05
aquatic bird,gorilla,-9.562597274780273,-9.72747802734375e-05
aquatic bird,monkey,-9.875076293945312,-7.62939453125e-05
aquatic bird,hedgehog,-9.62509536743164,-9.5367431640625e-05
aquatic bird,rabbit,-9.562597274780273,-9.72747802734375e-05
aquatic bird,seal,-9.87507438659668,-7.43865966796875e-05
aquatic bird,walrus,-9.562597274780273,-9.72747802734375e-05
aquatic bird,dolphin,-9.750080108642578,-8.0108642578125e-05
aquatic bird,whale,-10.000064849853516,-6.4849853515625e-05
aquatic bird,elephant,-9.500101089477539,-0.0001010894775390625
aquatic bird,kangaroo,-9.562597274780273,-9.72747802734375e-05
aquatic bird,platypus,-9.750085830688477,-8.58306884765625e-05
aquatic bird,crocodile,-9.625089645385742,-8.96453857421875e-05
aquatic bird,alligator,-9.625091552734375,-9.1552734375e-05
aquatic bird,lizard,-9.937570571899414,-7.05718994140625e-05
aquatic bird,iguana,-9.68758773803711,-8.7738037109375e-05
aquatic bird,rattlesnake,-9.937576293945312,-7.62939453125e-05
aquatic bird,tortoise,-9.812580108642578,-8.0108642578125e-05
aquatic bird,turtle,-9.937570571899414,-7.05718994140625e-05
aquatic bird,frog,-10.000066757202148,-6.67572021484375e-05
aquatic bird,toad,-9.812582015991211,-8.20159912109375e-05
aquatic bird,budgie,-9.437602996826172,-0.000102996826171875
aquatic bird,parakeet,-9.62509536743164,-9.5367431640625e-05
aquatic bird,buzzard,-9.93757438659668,-7.43865966796875e-05
aquatic bird,falcon,-9.750082015991211,-8.20159912109375e-05
aquatic bird,hawk,-10.000068664550781,-6.866455078125e-05
aquatic bird,eagle,-9.750080108642578,-8.0108642578125e-05
aquatic bird,owl,-9.750080108642578,-8.0108642578125e-05
aquatic bird,canary,-9.500099182128906,-9.918212890625e-05
aquatic bird,magpie,-9.500101089477539,-0.0001010894775390625
aquatic bird,raven,-9.562597274780273,-9.72747802734375e-05
aquatic bird,nightingale,-9.500101089477539,-0.0001010894775390625
aquatic bird,robin,-9.500099182128906,-9.918212890625e-05
aquatic bird,starling,-9.375114440917969,-0.00011444091796875
aquatic bird,sparrow,-9.562597274780273,-9.72747802734375e-05
aquatic bird,wren,-9.250127792358398,-0.0001277923583984375
aquatic bird,chicken,-8.562721252441406,-0.00022125244140625
aquatic bird,cockerel,-9.437612533569336,-0.0001125335693359375
aquatic bird,turkey,-9.187627792358398,-0.0001277923583984375
aquatic bird,dove,-9.312620162963867,-0.0001201629638671875
aquatic bird,pigeon,-9.312614440917969,-0.00011444091796875
aquatic bird,partridge,-9.437606811523438,-0.0001068115234375
aquatic bird,peacock,-9.312620162963867,-0.0001201629638671875
aquatic bird,crane,-9.18763542175293,-0.0001354217529296875
aquatic bird,flamingo,-9.375120162963867,-0.0001201629638671875
aquatic bird,heron,-9.562606811523438,-0.0001068115234375
aquatic bird,duck,-9.812585830688477,-8.58306884765625e-05
aquatic bird,goose,-9.625089645385742,-8.96453857421875e-05
aquatic bird,pelican,-9.875076293945312,-7.62939453125e-05
aquatic bird,penguin,-9.500102996826172,-0.000102996826171875
aquatic bird,seagull,-9.87507438659668,-7.43865966796875e-05
aquatic bird,swan,-10.000070571899414,-7.05718994140625e-05
aquatic bird,hummingbird,-9.500101089477539,-0.0001010894775390625
aquatic bird,kingfisher,-9.562601089477539,-0.0001010894775390625
aquatic bird,woodpecker,-9.56259536743164,-9.5367431640625e-05
aquatic bird,emu,-9.562597274780273,-9.72747802734375e-05
aquatic bird,ostrich,-9.437604904174805,-0.0001049041748046875
aquatic bird,carp,-9.93757438659668,-7.43865966796875e-05
aquatic bird,goldfish,-9.812578201293945,-7.82012939453125e-05
aquatic bird,minnow,-9.93757438659668,-7.43865966796875e-05
aquatic bird,cod,-9.500101089477539,-0.0001010894775390625
aquatic bird,herring,-9.375118255615234,-0.000118255615234375
aquatic bird,sardine,-9.875076293945312,-7.62939453125e-05
aquatic bird,salmon,-9.625089645385742,-8.96453857421875e-05
aquatic bird,trout,-9.875072479248047,-7.2479248046875e-05
aquatic bird,eel,-10.062566757202148,-6.67572021484375e-05
aquatic bird,flounder,-9.687585830688477,-8.58306884765625e-05
aquatic bird,mackerel,-9.62509536743164,-9.5367431640625e-05
aquatic bird,tuna,-9.687585830688477,-8.58306884765625e-05
aquatic bird,seahorse,-9.750083923339844,-8.392333984375e-05
aquatic bird,shark,-9.937572479248047,-7.2479248046875e-05
aquatic bird,bee,-9.937572479248047,-7.2479248046875e-05
aquatic bird,hornet,-9.937576293945312,-7.62939453125e-05
aquatic bird,wasp,-10.062568664550781,-6.866455078125e-05
aquatic bird,ant,-9.562601089477539,-0.0001010894775390625
aquatic bird,beetle,-10.062564849853516,-6.4849853515625e-05
aquatic bird,ladybird,-9.562597274780273,-9.72747802734375e-05
aquatic bird,butterfly,-10.000068664550781,-6.866455078125e-05
aquatic bird,moth,-9.750083923339844,-8.392333984375e-05
aquatic bird,cockroach,-9.625093460083008,-9.34600830078125e-05
aquatic bird,cricket,-9.812580108642578,-8.0108642578125e-05
aquatic bird,grasshopper,-10.000068664550781,-6.866455078125e-05
aquatic bird,locust,-9.875078201293945,-7.82012939453125e-05
aquatic bird,dragonfly,-10.062564849853516,-6.4849853515625e-05
aquatic bird,flea,-9.875080108642578,-8.0108642578125e-05
aquatic bird,housefly,-9.937572479248047,-7.2479248046875e-05
aquatic bird,mosquito,-9.750085830688477,-8.58306884765625e-05
aquatic bird,stick_insect,-9.500101089477539,-0.0001010894775390625
aquatic bird,termite,-9.875076293945312,-7.62939453125e-05
aquatic bird,centipede,-10.00007438659668,-7.43865966796875e-05
aquatic bird,millipede,-9.812582015991211,-8.20159912109375e-05
aquatic bird,scorpion,-10.000072479248047,-7.2479248046875e-05
aquatic bird,spider,-9.93757438659668,-7.43865966796875e-05
aquatic bird,tarantula,-9.687593460083008,-9.34600830078125e-05
aquatic bird,crab,-9.875076293945312,-7.62939453125e-05
aquatic bird,crayfish,-9.875078201293945,-7.82012939453125e-05
aquatic bird,lobster,-9.68758773803711,-8.7738037109375e-05
aquatic bird,prawn,-9.750080108642578,-8.0108642578125e-05
aquatic bird,shrimp,-9.625091552734375,-9.1552734375e-05
aquatic bird,slug,-9.812582015991211,-8.20159912109375e-05
aquatic bird,snail,-9.875078201293945,-7.82012939453125e-05
aquatic bird,clam,-9.687589645385742,-8.96453857421875e-05
aquatic bird,mussel,-9.687589645385742,-8.96453857421875e-05
aquatic bird,scallop,-9.687591552734375,-9.1552734375e-05
aquatic bird,oyster,-9.250127792358398,-0.0001277923583984375
aquatic bird,squid,-9.937570571899414,-7.05718994140625e-05
aquatic bird,octopus,-9.750082015991211,-8.20159912109375e-05
aquatic bird,worm,-10.000070571899414,-7.05718994140625e-05
aquatic bird,jellyfish,-10.000068664550781,-6.866455078125e-05
canine,animal,-0.0001468658447265625,-9.875146865844727
canine,vertebrate,-7.62939453125e-05,-10.875076293945312
canine,invertebrate,-9.687604904174805,-0.0001049041748046875
canine,mammal,-5.340576171875e-05,-11.437553405761719
canine,bird,-9.375127792358398,-0.0001277923583984375
canine,reptile,-9.81258773803711,-8.7738037109375e-05
canine,amphibian,-9.81258773803711,-8.7738037109375e-05
canine,fish,-9.500110626220703,-0.000110626220703125
canine,arthropod,-9.750104904174805,-0.0001049041748046875
canine,insect,-9.437625885009766,-0.000125885009765625
canine,bird of prey,-9.687612533569336,-0.0001125335693359375
canine,aquatic bird,-8.93773078918457,-0.0002307891845703125
canine,canine,-0.0003108978271484375,-8.812810897827148
canine,feline,-9.43760871887207,-0.0001087188720703125
canine,primate,-9.875082015991211,-8.20159912109375e-05
canine,aquatic mammal,-6.938745498657227,-0.0012454986572265625
canine,rodent,-9.500104904174805,-0.0001049041748046875
canine,bat,-8.562746047973633,-0.0002460479736328125
canine,bear,-8.875181198120117,-0.0001811981201171875
canine,cat,-8.937673568725586,-0.0001735687255859375
canine,cheetah,-8.750207901000977,-0.0002079010009765625
canine,leopard,-8.312810897827148,-0.0003108978271484375
canine,lion,-8.562738418579102,-0.0002384185791015625
canine,panther,-8.562746047973633,-0.0002460479736328125
canine,tiger,-8.875186920166016,-0.000186920166015625
canine,dog,-0.0004520416259765625,-8.375452041625977
canine,fox,-6.626470565795898,-0.0014705657958984375
canine,hyena,-8.687715530395508,-0.0002155303955078125
canine,wolf,-0.23234176635742188,-1.6073417663574219
canine,raccoon,-8.625236511230469,-0.00023651123046875
canine,skunk,-8.500253677368164,-0.0002536773681640625
canine,otter,-8.375284194946289,-0.0002841949462890625
canine,beaver,-8.625221252441406,-0.00022125244140625
canine,chipmunk,-8.500249862670898,-0.0002498626708984375
canine,squirrel,-8.750207901000977,-0.0002079010009765625
canine,gerbil,-8.625221252441406,-0.00022125244140625
canine,guinea_pig,-8.812694549560547,-0.000194549560546875
canine,hamster,-8.875177383422852,-0.0001773834228515625
canine,mouse,-8.875177383422852,-0.0001773834228515625
canine,porcupine,-8.500261306762695,-0.0002613067626953125
canine,rat,-8.687707901000977,-0.0002079010009765625
canine,buffalo,-8.312808990478516,-0.000308990478515625
canine,cow,-9.062654495239258,-0.0001544952392578125
canine,ox,-8.750202178955078,-0.000202178955078125
canine,goat,-8.87518310546875,-0.00018310546875
canine,sheep,-8.625232696533203,-0.000232696533203125
canine,deer,-9.000165939331055,-0.0001659393310546875
canine,moose,-9.000165939331055,-0.0001659393310546875
canine,giraffe,-8.875185012817383,-0.0001850128173828125
canine,camel,-8.875179290771484,-0.000179290771484375
canine,hippo,-8.375288009643555,-0.0002880096435546875
canine,llama,-8.750200271606445,-0.0002002716064453125
canine,pig,-8.750204086303711,-0.0002040863037109375
canine,donkey,-9.00016975402832,-0.0001697540283203125
canine,horse,-9.312627792358398,-0.0001277923583984375
canine,pony,-8.25033187866211,-0.000331878662109375
canine,zebra,-9.00016975402832,-0.0001697540283203125
canine,rhino,-8.875186920166016,-0.000186920166015625
canine,gorilla,-8.750205993652344,-0.00020599365234375
canine,monkey,-9.25013542175293,-0.0001354217529296875
canine,hedgehog,-8.812698364257812,-0.0001983642578125
canine,rabbit,-9.125144958496094,-0.00014495849609375
canine,seal,-8.375295639038086,-0.0002956390380859375
canine,walrus,-7.937934875488281,-0.00043487548828125
canine,dolphin,-8.812692642211914,-0.0001926422119140625
canine,whale,-8.562738418579102,-0.0002384185791015625
canine,elephant,-8.937671661376953,-0.000171661376953125
canine,kangaroo,-9.062660217285156,-0.00016021728515625
canine,platypus,-9.187643051147461,-0.0001430511474609375
canine,crocodile,-8.312803268432617,-0.0003032684326171875
canine,alligator,-9.062660217285156,-0.00016021728515625
canine,lizard,-9.375127792358398,-0.0001277923583984375
canine,iguana,-9.062658309936523,-0.0001583099365234375
canine,rattlesnake,-8.437788009643555,-0.0002880096435546875
canine,tortoise,-8.750213623046875,-0.000213623046875
canine,turtle,-9.187641143798828,-0.000141143798828125
canine,frog,-9.312631607055664,-0.0001316070556640625
canine,toad,-8.875188827514648,-0.0001888275146484375
canine,budgie,-8.437768936157227,-0.0002689361572265625
canine,parakeet,-9.062667846679688,-0.0001678466796875
canine,buzzard,-8.875192642211914,-0.0001926422119140625
canine,falcon,-9.062660217285156,-0.00016021728515625
canine,hawk,-9.062667846679688,-0.0001678466796875
canine,eagle,-9.187646865844727,-0.0001468658447265625
canine,owl,-9.000165939331055,-0.0001659393310546875
canine,canary,-8.81271743774414,-0.000217437744140625
canine,magpie,-8.562740325927734,-0.000240325927734375
canine,raven,-8.312812805175781,-0.00031280517578125
canine,nightingale,-8.250328063964844,-0.00032806396484375
canine,robin,-8.43777084350586,-0.000270843505859375
canine,starling,-8.187843322753906,-0.00034332275390625
canine,sparrow,-8.687728881835938,-0.0002288818359375
canine,wren,-8.187843322753906,-0.00034332275390625
canine,chicken,-9.062658309936523,-0.0001583099365234375
canine,cockerel,-8.250324249267578,-0.000324249267578125
canine,turkey,-8.500263214111328,-0.000263214111328125
canine,dove,-8.875185012817383,-0.0001850128173828125
canine,pigeon,-9.062654495239258,-0.0001544952392578125
canine,partridge,-8.625232696533203,-0.000232696533203125
canine,peacock,-8.937679290771484,-0.000179290771484375
canine,crane,-8.687719345092773,-0.0002193450927734375
canine,flamingo,-8.750202178955078,-0.000202178955078125
canine,heron,-8.625244140625,-0.000244140625
canine,duck,-8.937677383422852,-0.0001773834228515625
canine,goose,-8.875185012817383,-0.0001850128173828125
canine,pelican,-8.68771743774414,-0.000217437744140625
canine,penguin,-8.875179290771484,-0.000179290771484375
canine,seagull,-8.312807083129883,-0.0003070831298828125
canine,swan,-9.00016975402832,-0.0001697540283203125
canine,hummingbird,-8.937679290771484,-0.000179290771484375
canine,kingfisher,-8.437774658203125,-0.000274658203125
canine,woodpecker,-8.437782287597656,-0.00028228759765625
canine,emu,-8.93768310546875,-0.00018310546875
canine,ostrich,-9.125146865844727,-0.0001468658447265625
canine,carp,-8.437759399414062,-0.0002593994140625
canine,goldfish,-8.87518310546875,-0.00018310546875
canine,minnow,-8.312810897827148,-0.0003108978271484375
canine,cod,-7.6880340576171875,-0.0005340576171875
canine,herring,-8.250324249267578,-0.000324249267578125
canine,sardine,-8.312826156616211,-0.0003261566162109375
canine,salmon,-8.375284194946289,-0.0002841949462890625
canine,trout,-8.312801361083984,-0.000301361083984375
canine,eel,-8.687725067138672,-0.000225067138671875
canine,flounder,-8.562742233276367,-0.0002422332763671875
canine,mackerel,-7.625576019287109,-0.000576019287109375
canine,tuna,-8.437780380249023,-0.0002803802490234375
canine,seahorse,-8.75020980834961,-0.000209808349609375
canine,shark,-6.564092636108398,-0.0015926361083984375
canine,bee,-9.125154495239258,-0.0001544952392578125
canine,hornet,-8.31283187866211,-0.000331878662109375
canine,wasp,-8.000434875488281,-0.00043487548828125
canine,ant,-8.562753677368164,-0.0002536773681640625
canine,beetle,-7.937957763671875,-0.000457763671875
canine,ladybird,-7.812990188598633,-0.0004901885986328125
canine,butterfly,-9.125162124633789,-0.0001621246337890625
canine,moth,-7.563148498535156,-0.00064849853515625
canine,cockroach,-8.875186920166016,-0.000186920166015625
canine,cricket,-8.500267028808594,-0.00026702880859375
canine,grasshopper,-9.125154495239258,-0.0001544952392578125
canine,locust,-9.062660217285156,-0.00016021728515625
canine,dragonfly,-8.937686920166016,-0.000186920166015625
canine,flea,-8.250326156616211,-0.0003261566162109375
canine,housefly,-8.937677383422852,-0.0001773834228515625
canine,mosquito,-8.750211715698242,-0.0002117156982421875
canine,stick_insect,-8.437767028808594,-0.00026702880859375
canine,termite,-8.437776565551758,-0.0002765655517578125
canine,centipede,-9.000171661376953,-0.000171661376953125
canine,millipede,-8.562744140625,-0.000244140625
canine,scorpion,-9.12515640258789,-0.000156402587890625
canine,spider,-9.062675476074219,-0.00017547607421875
canine,tarantula,-8.437776565551758,-0.0002765655517578125
canine,crab,-8.625247955322266,-0.000247955322265625
canine,crayfish,-8.812704086303711,-0.0002040863037109375
canine,lobster,-8.562747955322266,-0.000247955322265625
canine,prawn,-8.437789916992188,-0.0002899169921875
canine,shrimp,-8.812707901000977,-0.0002079010009765625
canine,slug,-9.187646865844727,-0.0001468658447265625
canine,snail,-9.125150680541992,-0.0001506805419921875
canine,clam,-8.62523078918457,-0.0002307891845703125
canine,mussel,-8.250337600708008,-0.0003376007080078125
canine,scallop,-8.312820434570312,-0.0003204345703125
canine,oyster,-8.562751770019531,-0.00025177001953125
canine,squid,-9.25013542175293,-0.0001354217529296875
canine,octopus,-9.187644958496094,-0.00014495849609375
canine,worm,-8.812711715698242,-0.0002117156982421875
canine,jellyfish,-9.37513542175293,-0.0001354217529296875
feline,animal,-7.82012939453125e-05,-11.250078201293945
feline,vertebrate,-5.14984130859375e-05,-11.500051498413086
feline,invertebrate,-9.937576293945312,-7.62939453125e-05
feline,mammal,-4.1961669921875e-05,-11.937541961669922
feline,bird,-9.93757438659668,-7.43865966796875e-05
feline,reptile,-10.12506103515625,-6.103515625e-05
feline,amphibian,-10.18756103515625,-6.103515625e-05
feline,fish,-10.125059127807617,-5.91278076171875e-05
feline,arthropod,-10.187566757202148,-6.67572021484375e-05
feline,insect,-10.250059127807617,-5.91278076171875e-05
feline,bird of prey,-9.62509536743164,-9.5367431640625e-05
feline,aquatic bird,-9.87508773803711,-8.7738037109375e-05
feline,canine,-10.312551498413086,-5.14984130859375e-05
feline,feline,-0.0001983642578125,-9.500198364257812
feline,primate,-10.062566757202148,-6.67572021484375e-05
feline,aquatic mammal,-9.31263542175293,-0.0001354217529296875
feline,rodent,-10.062562942504883,-6.29425048828125e-05
feline,bat,-9.50010871887207,-0.0001087188720703125
feline,bear,-9.625089645385742,-8.96453857421875e-05
feline,cat,-0.00037384033203125,-8.562873840332031
feline,cheetah,-9.437618255615234,-0.000118255615234375
feline,leopard,-9.000173568725586,-0.0001735687255859375
feline,lion,-9.250141143798828,-0.000141143798828125
feline,panther,-8.125370025634766,-0.000370025634765625
feline,tiger,-8.875190734863281,-0.00019073486328125
feline,dog,-10.312555313110352,-5.53131103515625e-05
feline,fox,-9.250125885009766,-0.000125885009765625
feline,hyena,-9.500106811523438,-0.0001068115234375
feline,wolf,-9.187631607055664,-0.0001316070556640625
feline,raccoon,-9.250133514404297,-0.000133514404296875
feline,skunk,-9.312623977661133,-0.0001239776611328125
feline,otter,-9.18763542175293,-0.0001354217529296875
feline,beaver,-9.500102996826172,-0.000102996826171875
feline,chipmunk,-9.437610626220703,-0.000110626220703125
feline,squirrel,-9.625093460083008,-9.34600830078125e-05
feline,gerbil,-9.43760871887207,-0.0001087188720703125
feline,guinea_pig,-9.62509536743164,-9.5367431640625e-05
feline,hamster,-9.750080108642578,-8.0108642578125e-05
feline,mouse,-9.062644958496094,-0.00014495849609375
feline,porcupine,-9.375120162963867,-0.0001201629638671875
feline,rat,-9.250125885009766,-0.000125885009765625
feline,buffalo,-9.312625885009766,-0.000125885009765625
feline,cow,-9.68758773803711,-8.7738037109375e-05
feline,ox,-9.375114440917969,-0.00011444091796875
feline,goat,-9.562597274780273,-9.72747802734375e-05
feline,sheep,-9.750085830688477,-8.58306884765625e-05
feline,deer,-9.43760871887207,-0.0001087188720703125
feline,moose,-9.562599182128906,-9.918212890625e-05
feline,giraffe,-9.250129699707031,-0.00012969970703125
feline,camel,-9.250127792358398,-0.0001277923583984375
feline,hippo,-9.312627792358398,-0.0001277923583984375
feline,llama,-9.312620162963867,-0.0001201629638671875
feline,pig,-9.562599182128906,-9.918212890625e-05
feline,donkey,-9.750091552734375,-9.1552734375e-05
feline,horse,-9.93757438659668,-7.43865966796875e-05
feline,pony,-9.3126220703125,-0.0001220703125
feline,zebra,-9.62509536743164,-9.5367431640625e-05
feline,rhino,-9.625099182128906,-9.918212890625e-05
feline,gorilla,-9.500102996826172,-0.000102996826171875
feline,monkey,-9.93757438659668,-7.43865966796875e-05
feline,hedgehog,-9.500106811523438,-0.0001068115234375
feline,rabbit,-9.750082015991211,-8.20159912109375e-05
feline,seal,-9.18763542175293,-0.0001354217529296875
feline,walrus,-9.312623977661133,-0.0001239776611328125
feline,dolphin,-9.62509536743164,-9.5367431640625e-05
feline,whale,-9.625091552734375,-9.1552734375e-05
feline,elephant,-9.625093460083008,-9.34600830078125e-05
feline,kangaroo,-9.625091552734375,-9.1552734375e-05
feline,platypus,-9.562602996826172,-0.000102996826171875
feline,crocodile,-9.562599182128906,-9.918212890625e-05
feline,alligator,-9.562602996826172,-0.000102996826171875
feline,lizard,-10.187559127807617,-5.91278076171875e-05
feline,iguana,-9.687589645385742,-8.96453857421875e-05
feline,rattlesnake,-9.625102996826172,-0.000102996826171875
feline,tortoise,-9.62509536743164,-9.5367431640625e-05
feline,turtle,-9.687589645385742,-8.96453857421875e-05
feline,frog,-9.875078201293945,-7.82012939453125e-05
feline,toad,-9.562604904174805,-0.0001049041748046875
feline,budgie,-9.437610626220703,-0.000110626220703125
feline,parakeet,-9.75009536743164,-9.5367431640625e-05
feline,buzzard,-9.625097274780273,-9.72747802734375e-05
feline,falcon,-9.437610626220703,-0.000110626220703125
feline,hawk,-9.562602996826172,-0.000102996826171875
feline,eagle,-9.812585830688477,-8.58306884765625e-05
feline,owl,-9.500104904174805,-0.0001049041748046875
feline,canary,-9.43760871887207,-0.0001087188720703125
feline,magpie,-9.250129699707031,-0.00012969970703125
feline,raven,-9.375120162963867,-0.0001201629638671875
feline,nightingale,-9.125143051147461,-0.0001430511474609375
feline,robin,-9.250131607055664,-0.0001316070556640625
feline,starling,-9.187639236450195,-0.0001392364501953125
feline,sparrow,-9.562601089477539,-0.0001010894775390625
feline,wren,-9.250129699707031,-0.00012969970703125
feline,chicken,-9.500104904174805,-0.0001049041748046875
feline,cockerel,-9.3751220703125,-0.0001220703125
feline,turkey,-9.18763542175293,-0.0001354217529296875
feline,dove,-9.312625885009766,-0.000125885009765625
feline,pigeon,-9.625093460083008,-9.34600830078125e-05
feline,partridge,-9.18763542175293,-0.0001354217529296875
feline,peacock,-9.250131607055664,-0.0001316070556640625
feline,crane,-9.3126220703125,-0.0001220703125
feline,flamingo,-9.250127792358398,-0.0001277923583984375
feline,heron,-9.312629699707031,-0.00012969970703125
feline,duck,-9.750085830688477,-8.58306884765625e-05
feline,goose,-9.562599182128906,-9.918212890625e-05
feline,pelican,-9.250131607055664,-0.0001316070556640625
feline,penguin,-9.3126220703125,-0.0001220703125
feline,seagull,-9.500106811523438,-0.0001068115234375
feline,swan,-9.62509536743164,-9.5367431640625e-05
feline,hummingbird,-9.250129699707031,-0.00012969970703125
feline,kingfisher,-9.187639236450195,-0.0001392364501953125
feline,woodpecker,-9.375116348266602,-0.0001163482666015625
feline,emu,-9.437614440917969,-0.00011444091796875
feline,ostrich,-9.562601089477539,-0.0001010894775390625
feline,carp,-9.437606811523438,-0.0001068115234375
feline,goldfish,-9.500104904174805,-0.0001049041748046875
feline,minnow,-9.562599182128906,-9.918212890625e-05
feline,cod,-8.937664031982422,-0.000164031982421875
feline,herring,-9.187637329101562,-0.0001373291015625
feline,sardine,-9.375116348266602,-0.0001163482666015625
feline,salmon,-9.312618255615234,-0.000118255615234375
feline,trout,-9.375112533569336,-0.0001125335693359375
feline,eel,-9.62509536743164,-9.5367431640625e-05
feline,flounder,-9.125144958496094,-0.00014495849609375
feline,mackerel,-8.250320434570312,-0.0003204345703125
feline,tuna,-9.187633514404297,-0.000133514404296875
feline,seahorse,-9.375120162963867,-0.0001201629638671875
feline,shark,-9.687591552734375,-9.1552734375e-05
feline,bee,-9.875076293945312,-7.62939453125e-05
feline,hornet,-9.625101089477539,-0.0001010894775390625
feline,wasp,-9.875083923339844,-8.392333984375e-05
feline,ant,-9.625093460083008,-9.34600830078125e-05
feline,beetle,-10.062564849853516,-6.4849853515625e-05
feline,ladybird,-9.187637329101562,-0.0001373291015625
feline,butterfly,-9.62509536743164,-9.5367431640625e-05
feline,moth,-8.937673568725586,-0.0001735687255859375
feline,cockroach,-9.62509536743164,-9.5367431640625e-05
feline,cricket,-9.625093460083008,-9.34600830078125e-05
feline,grasshopper,-9.812583923339844,-8.392333984375e-05
feline,locust,-9.62509536743164,-9.5367431640625e-05
feline,dragonfly,-9.500106811523438,-0.0001068115234375
feline,flea,-9.00016975402832,-0.0001697540283203125
feline,housefly,-9.562604904174805,-0.0001049041748046875
feline,mosquito,-9.50010871887207,-0.0001087188720703125
feline,stick_insect,-9.43760871887207,-0.0001087188720703125
feline,termite,-9.562599182128906,-9.918212890625e-05
feline,centipede,-9.937578201293945,-7.82012939453125e-05
feline,millipede,-9.750085830688477,-8.58306884765625e-05
feline,scorpion,-9.750085830688477,-8.58306884765625e-05
feline,spider,-9.750089645385742,-8.96453857421875e-05
feline,tarantula,-9.500110626220703,-0.000110626220703125
feline,crab,-9.625093460083008,-9.34600830078125e-05
feline,crayfish,-9.437612533569336,-0.0001125335693359375
feline,lobster,-9.187631607055664,-0.0001316070556640625
feline,prawn,-9.312620162963867,-0.0001201629638671875
feline,shrimp,-9.437610626220703,-0.000110626220703125
feline,slug,-9.562601089477539,-0.0001010894775390625
feline,snail,-9.625093460083008,-9.34600830078125e-05
feline,clam,-9.562601089477539,-0.0001010894775390625
feline,mussel,-9.437610626220703,-0.000110626220703125
feline,scallop,-9.312623977661133,-0.0001239776611328125
feline,oyster,-9.250129699707031,-0.00012969970703125
feline,squid,-9.750083923339844,-8.392333984375e-05
feline,octopus,-9.625097274780273,-9.72747802734375e-05
feline,worm,-10.000070571899414,-7.05718994140625e-05
feline,jellyfish,-9.750085830688477,-8.58306884765625e-05
primate,animal,-6.866455078125e-05,-11.187568664550781
primate,vertebrate,-6.29425048828125e-05,-11.250062942504883
primate,invertebrate,-10.125070571899414,-7.05718994140625e-05
primate,mammal,-3.814697265625e-05,-12.000038146972656
primate,bird,-10.062566757202148,-6.67572021484375e-05
primate,reptile,-10.25006103515625,-6.103515625e-05
primate,amphibian,-10.375053405761719,-5.340576171875e-05
primate,fish,-10.312555313110352,-5.53131103515625e-05
primate,arthropod,-10.312564849853516,-6.4849853515625e-05
primate,insect,-10.375057220458984,-5.7220458984375e-05
primate,bird of prey,-10.250070571899414,-7.05718994140625e-05
primate,aquatic bird,-10.125078201293945,-7.82012939453125e-05
primate,canine,-10.250055313110352,-5.53131103515625e-05
primate,feline,-10.12506103515625,-6.103515625e-05
primate,primate,-0.0001354217529296875,-10.18763542175293
primate,aquatic mammal,-9.06269645690918,-0.0001964569091796875
primate,rodent,-10.250055313110352,-5.53131103515625e-05
primate,bat,-9.93757438659668,-7.43865966796875e-05
primate,bear,-10.000070571899414,-7.05718994140625e-05
primate,cat,-10.000070571899414,-7.05718994140625e-05
primate,cheetah,-10.000072479248047,-7.2479248046875e-05
primate,leopard,-9.750091552734375,-9.1552734375e-05
primate,lion,-10.062568664550781,-6.866455078125e-05
primate,panther,-9.750097274780273,-9.72747802734375e-05
primate,tiger,-9.937580108642578,-8.0108642578125e-05
primate,dog,-10.125066757202148,-6.67572021484375e-05
primate,fox,-10.000070571899414,-7.05718994140625e-05
primate,hyena,-9.625104904174805,-0.0001049041748046875
primate,wolf,-9.937580108642578,-8.0108642578125e-05
primate,raccoon,-9.312623977661133,-0.0001239776611328125
primate,skunk,-9.375120162963867,-0.0001201629638671875
primate,otter,-9.562601089477539,-0.0001010894775390625
primate,beaver,-9.625093460083008,-9.34600830078125e-05
primate,chipmunk,-9.625093460083008,-9.34600830078125e-05
primate,squirrel,-9.750083923339844,-8.392333984375e-05
primate,gerbil,-9.62509536743164,-9.5367431640625e-05
primate,guinea_pig,-9.750085830688477,-8.58306884765625e-05
primate,hamster,-9.875072479248047,-7.2479248046875e-05
primate,mouse,-9.750080108642578,-8.0108642578125e-05
primate,porcupine,-9.500112533569336,-0.0001125335693359375
primate,rat,-9.875076293945312,-7.62939453125e-05
primate,buffalo,-9.750091552734375,-9.1552734375e-05
primate,cow,-9.937578201293945,-7.82012939453125e-05
primate,ox,-9.687593460083008,-9.34600830078125e-05
primate,goat,-9.750085830688477,-8.58306884765625e-05
primate,sheep,-10.000072479248047,-7.2479248046875e-05
primate,deer,-9.75008773803711,-8.7738037109375e-05
primate,moose,-9.500110626220703,-0.000110626220703125
primate,giraffe,-9.500112533569336,-0.0001125335693359375
primate,camel,-9.625097274780273,-9.72747802734375e-05
primate,hippo,-9.50010871887207,-0.0001087188720703125
primate,llama,-9.500106811523438,-0.0001068115234375
primate,pig,-9.625097274780273,-9.72747802734375e-05
primate,donkey,-9.625101089477539,-0.0001010894775390625
primate,horse,-9.875082015991211,-8.20159912109375e-05
primate,pony,-9.562601089477539,-0.0001010894775390625
primate,zebra,-9.750091552734375,-9.1552734375e-05
primate,rhino,-9.812583923339844,-8.392333984375e-05
primate,gorilla,-9.500110626220703,-0.000110626220703125
primate,monkey,-7.625583648681641,-0.000583648681640625
primate,hedgehog,-9.562606811523438,-0.0001068115234375
primate,rabbit,-9.937572479248047,-7.2479248046875e-05
primate,seal,-9.687591552734375,-9.1552734375e-05
primate,walrus,-9.375123977661133,-0.0001239776611328125
primate,dolphin,-10.062568664550781,-6.866455078125e-05
primate,whale,-9.75008773803711,-8.7738037109375e-05
primate,elephant,-9.687591552734375,-9.1552734375e-05
primate,kangaroo,-9.687591552734375,-9.1552734375e-05
primate,platypus,-9.875082015991211,-8.20159912109375e-05
primate,crocodile,-9.937580108642578,-8.0108642578125e-05
primate,alligator,-9.937580108642578,-8.0108642578125e-05
primate,lizard,-10.312553405761719,-5.340576171875e-05
primate,iguana,-9.875080108642578,-8.0108642578125e-05
primate,rattlesnake,-9.937583923339844,-8.392333984375e-05
primate,tortoise,-9.937576293945312,-7.62939453125e-05
primate,turtle,-9.875078201293945,-7.82012939453125e-05
primate,frog,-10.000072479248047,-7.2479248046875e-05
primate,toad,-9.750091552734375,-9.1552734375e-05
primate,budgie,-9.625097274780273,-9.72747802734375e-05
primate,parakeet,-9.937583923339844,-8.392333984375e-05
primate,buzzard,-10.000080108642578,-8.0108642578125e-05
primate,falcon,-9.937582015991211,-8.20159912109375e-05
primate,hawk,-9.87508773803711,-8.7738037109375e-05
primate,eagle,-10.000078201293945,-7.82012939453125e-05
primate,owl,-9.750089645385742,-8.96453857421875e-05
primate,canary,-9.68758773803711,-8.7738037109375e-05
primate,magpie,-9.62509536743164,-9.5367431640625e-05
primate,raven,-9.625102996826172,-0.000102996826171875
primate,nightingale,-9.375118255615234,-0.000118255615234375
primate,robin,-9.500106811523438,-0.0001068115234375
primate,starling,-9.500110626220703,-0.000110626220703125
primate,sparrow,-9.875080108642578,-8.0108642578125e-05
primate,wren,-9.562602996826172,-0.000102996826171875
primate,chicken,-9.937578201293945,-7.82012939453125e-05
primate,cockerel,-9.50010871887207,-0.0001087188720703125
primate,turkey,-9.562601089477539,-0.0001010894775390625
primate,dove,-9.687591552734375,-9.1552734375e-05
primate,pigeon,-9.875078201293945,-7.82012939453125e-05
primate,partridge,-9.437614440917969,-0.00011444091796875
primate,peacock,-9.375120162963867,-0.0001201629638671875
primate,crane,-9.500110626220703,-0.000110626220703125
primate,flamingo,-9.500104904174805,-0.0001049041748046875
primate,heron,-9.625106811523438,-0.0001068115234375
primate,duck,-9.875082015991211,-8.20159912109375e-05
primate,goose,-9.687589645385742,-8.96453857421875e-05
primate,pelican,-9.625097274780273,-9.72747802734375e-05
primate,penguin,-9.750085830688477,-8.58306884765625e-05
primate,seagull,-9.625101089477539,-0.0001010894775390625
primate,swan,-9.750089645385742,-8.96453857421875e-05
primate,hummingbird,-9.50010871887207,-0.0001087188720703125
primate,kingfisher,-9.375125885009766,-0.000125885009765625
primate,woodpecker,-9.437614440917969,-0.00011444091796875
primate,emu,-9.625101089477539,-0.0001010894775390625
primate,ostrich,-9.75008773803711,-8.7738037109375e-05
primate,carp,-9.62509536743164,-9.5367431640625e-05
primate,goldfish,-9.875080108642578,-8.0108642578125e-05
primate,minnow,-9.687593460083008,-9.34600830078125e-05
primate,cod,-9.312620162963867,-0.0001201629638671875
primate,herring,-9.562601089477539,-0.0001010894775390625
primate,sardine,-9.75008773803711,-8.7738037109375e-05
primate,salmon,-9.750082015991211,-8.20159912109375e-05
primate,trout,-9.750083923339844,-8.392333984375e-05
primate,eel,-10.000072479248047,-7.2479248046875e-05
primate,flounder,-9.562602996826172,-0.000102996826171875
primate,mackerel,-9.50010871887207,-0.0001087188720703125
primate,tuna,-9.625093460083008,-9.34600830078125e-05
primate,seahorse,-9.625101089477539,-0.0001010894775390625
primate,shark,-10.000076293945312,-7.62939453125e-05
primate,bee,-9.937578201293945,-7.82012939453125e-05
primate,hornet,-9.812591552734375,-9.1552734375e-05
primate,wasp,-9.937582015991211,-8.20159912109375e-05
primate,ant,-9.875082015991211,-8.20159912109375e-05
primate,beetle,-10.18756103515625,-6.103515625e-05
primate,ladybird,-9.500106811523438,-0.0001068115234375
primate,butterfly,-10.000076293945312,-7.62939453125e-05
primate,moth,-9.750091552734375,-9.1552734375e-05
primate,cockroach,-9.75008773803711,-8.7738037109375e-05
primate,cricket,-9.812585830688477,-8.58306884765625e-05
primate,grasshopper,-10.000072479248047,-7.2479248046875e-05
primate,locust,-9.875083923339844,-8.392333984375e-05
primate,dragonfly,-9.937578201293945,-7.82012939453125e-05
primate,flea,-10.000072479248047,-7.2479248046875e-05
primate,housefly,-9.937578201293945,-7.82012939453125e-05
primate,mosquito,-9.81258773803711,-8.7738037109375e-05
primate,stick_insect,-9.500110626220703,-0.000110626220703125
primate,termite,-9.93757438659668,-7.43865966796875e-05
primate,centipede,-10.000076293945312,-7.62939453125e-05
primate,millipede,-9.875078201293945,-7.82012939453125e-05
primate,scorpion,-10.000076293945312,-7.62939453125e-05
primate,spider,-9.937582015991211,-8.20159912109375e-05
primate,tarantula,-9.625101089477539,-0.0001010894775390625
primate,crab,-9.875082015991211,-8.20159912109375e-05
primate,crayfish,-9.750089645385742,-8.96453857421875e-05
primate,lobster,-9.562599182128906,-9.918212890625e-05
primate,prawn,-9.750085830688477,-8.58306884765625e-05
primate,shrimp,-9.625099182128906,-9.918212890625e-05
primate,slug,-9.875080108642578,-8.0108642578125e-05
primate,snail,-9.75008773803711,-8.7738037109375e-05
primate,clam,-9.68759536743164,-9.5367431640625e-05
primate,mussel,-9.625099182128906,-9.918212890625e-05
primate,scallop,-9.75008773803711,-8.7738037109375e-05
primate,oyster,-9.437612533569336,-0.0001125335693359375
primate,squid,-10.000072479248047,-7.2479248046875e-05
primate,octopus,-9.687599182128906,-9.918212890625e-05
primate,worm,-10.250062942504883,-6.29425048828125e-05
primate,jellyfish,-9.937580108642578,-8.0108642578125e-05
aquatic mammal,animal,-0.0002040863037109375,-9.250204086303711
aquatic mammal,vertebrate,-5.91278076171875e-05,-11.125059127807617
aquatic mammal,invertebrate,-10.000072479248047,-7.2479248046875e-05
aquatic mammal,mammal,-9.5367431640625e-05,-10.62509536743164
aquatic mammal,bird,-9.625091552734375,-9.1552734375e-05
aquatic mammal,reptile,-10.000066757202148,-6.67572021484375e-05
aquatic mammal,amphibian,-10.062564849853516,-6.4849853515625e-05
aquatic mammal,fish,-10.187553405761719,-5.340576171875e-05
aquatic mammal,arthropod,-10.250062942504883,-6.29425048828125e-05
aquatic mammal,insect,-10.125066757202148,-6.67572021484375e-05
aquatic mammal,bird of prey,-10.125070571899414,-7.05718994140625e-05
aquatic mammal,aquatic bird,-10.062562942504883,-6.29425048828125e-05
aquatic mammal,canine,-9.562591552734375,-9.1552734375e-05
aquatic mammal,feline,-9.562591552734375,-9.1552734375e-05
aquatic mammal,primate,-9.875072479248047,-7.2479248046875e-05
aquatic mammal,aquatic mammal,-0.0001049041748046875,-10.312604904174805
aquatic mammal,rodent,-7.750486373901367,-0.0004863739013671875
aquatic mammal,bat,-9.500102996826172,-0.000102996826171875
aquatic mammal,bear,-8.625213623046875,-0.000213623046875
aquatic mammal,cat,-9.125137329101562,-0.0001373291015625
aquatic mammal,cheetah,-9.937572479248047,-7.2479248046875e-05
aquatic mammal,leopard,-9.43760871887207,-0.0001087188720703125
aquatic mammal,lion,-9.500099182128906,-9.918212890625e-05
aquatic mammal,panther,-9.500106811523438,-0.0001068115234375
aquatic mammal,tiger,-9.500102996826172,-0.000102996826171875
aquatic mammal,dog,-9.187625885009766,-0.000125885009765625
aquatic mammal,fox,-9.625089645385742,-8.96453857421875e-05
aquatic mammal,hyena,-9.375116348266602,-0.0001163482666015625
aquatic mammal,wolf,-9.500101089477539,-0.0001010894775390625
aquatic mammal,raccoon,-9.125141143798828,-0.000141143798828125
aquatic mammal,skunk,-9.062652587890625,-0.000152587890625
aquatic mammal,otter,-9.437610626220703,-0.000110626220703125
aquatic mammal,beaver,-9.625093460083008,-9.34600830078125e-05
aquatic mammal,chipmunk,-9.56259536743164,-9.5367431640625e-05
aquatic mammal,squirrel,-9.312614440917969,-0.00011444091796875
aquatic mammal,gerbil,-9.437602996826172,-0.000102996826171875
aquatic mammal,guinea_pig,-9.250125885009766,-0.000125885009765625
aquatic mammal,hamster,-9.500093460083008,-9.34600830078125e-05
aquatic mammal,mouse,-8.937658309936523,-0.0001583099365234375
aquatic mammal,porcupine,-9.125144958496094,-0.00014495849609375
aquatic mammal,rat,-8.750190734863281,-0.00019073486328125
aquatic mammal,buffalo,-9.250127792358398,-0.0001277923583984375
aquatic mammal,cow,-9.2501220703125,-0.0001220703125
aquatic mammal,ox,-9.312618255615234,-0.000118255615234375
aquatic mammal,goat,-9.187631607055664,-0.0001316070556640625
aquatic mammal,sheep,-9.437604904174805,-0.0001049041748046875
aquatic mammal,deer,-9.56259536743164,-9.5367431640625e-05
aquatic mammal,moose,-9.500101089477539,-0.0001010894775390625
aquatic mammal,giraffe,-9.437606811523438,-0.0001068115234375
aquatic mammal,camel,-9.12513542175293,-0.0001354217529296875
aquatic mammal,hippo,-8.937673568725586,-0.0001735687255859375
aquatic mammal,llama,-9.000154495239258,-0.0001544952392578125
aquatic mammal,pig,-8.812679290771484,-0.000179290771484375
aquatic mammal,donkey,-9.375116348266602,-0.0001163482666015625
aquatic mammal,horse,-9.187631607055664,-0.0001316070556640625
aquatic mammal,pony,-9.437602996826172,-0.000102996826171875
aquatic mammal,zebra,-9.625093460083008,-9.34600830078125e-05
aquatic mammal,rhino,-9.500102996826172,-0.000102996826171875
aquatic mammal,gorilla,-9.437606811523438,-0.0001068115234375
aquatic mammal,monkey,-9.687585830688477,-8.58306884765625e-05
aquatic mammal,hedgehog,-9.250127792358398,-0.0001277923583984375
aquatic mammal,rabbit,-9.437604904174805,-0.0001049041748046875
aquatic mammal,seal,-9.125150680541992,-0.0001506805419921875
aquatic mammal,walrus,-9.375125885009766,-0.000125885009765625
aquatic mammal,dolphin,-9.500112533569336,-0.0001125335693359375
aquatic mammal,whale,-8.562751770019531,-0.00025177001953125
aquatic mammal,elephant,-9.062644958496094,-0.00014495849609375
aquatic mammal,kangaroo,-9.312616348266602,-0.0001163482666015625
aquatic mammal,platypus,-9.500110626220703,-0.000110626220703125
aquatic mammal,crocodile,-9.625089645385742,-8.96453857421875e-05
aquatic mammal,alligator,-9.875078201293945,-7.82012939453125e-05
aquatic mammal,lizard,-10.000066757202148,-6.67572021484375e-05
aquatic mammal,iguana,-9.68758773803711,-8.7738037109375e-05
aquatic mammal,rattlesnake,-9.875082015991211,-8.20159912109375e-05
aquatic mammal,tortoise,-9.625091552734375,-9.1552734375e-05
aquatic mammal,turtle,-9.750082015991211,-8.20159912109375e-05
aquatic mammal,frog,-10.000066757202148,-6.67572021484375e-05
aquatic mammal,toad,-9.875076293945312,-7.62939453125e-05
aquatic mammal,budgie,-9.562599182128906,-9.918212890625e-05
aquatic mammal,parakeet,-9.750091552734375,-9.1552734375e-05
aquatic mammal,buzzard,-10.000076293945312,-7.62939453125e-05
aquatic mammal,falcon,-9.750083923339844,-8.392333984375e-05
aquatic mammal,hawk,-9.937576293945312,-7.62939453125e-05
aquatic mammal,eagle,-9.875078201293945,-7.82012939453125e-05
aquatic mammal,owl,-9.625091552734375,-9.1552734375e-05
aquatic mammal,canary,-9.375114440917969,-0.00011444091796875
aquatic mammal,magpie,-9.625093460083008,-9.34600830078125e-05
aquatic mammal,raven,-9.50010871887207,-0.0001087188720703125
aquatic mammal,nightingale,-9.375116348266602,-0.0001163482666015625
aquatic mammal,robin,-9.500102996826172,-0.000102996826171875
aquatic mammal,starling,-9.50010871887207,-0.0001087188720703125
aquatic mammal,sparrow,-9.562601089477539,-0.0001010894775390625
aquatic mammal,wren,-9.437606811523438,-0.0001068115234375
aquatic mammal,chicken,-9.562597274780273,-9.72747802734375e-05
aquatic mammal,cockerel,-9.50010871887207,-0.0001087188720703125
aquatic mammal,turkey,-9.250125885009766,-0.000125885009765625
aquatic mammal,dove,-9.625093460083008,-9.34600830078125e-05
aquatic mammal,pigeon,-9.562597274780273,-9.72747802734375e-05
aquatic mammal,partridge,-9.625093460083008,-9.34600830078125e-05
aquatic mammal,peacock,-9.437610626220703,-0.000110626220703125
aquatic mammal,crane,-9.375116348266602,-0.0001163482666015625
aquatic mammal,flamingo,-9.500097274780273,-9.72747802734375e-05
aquatic mammal,heron,-9.687593460083008,-9.34600830078125e-05
aquatic mammal,duck,-9.687585830688477,-8.58306884765625e-05
aquatic mammal,goose,-9.687585830688477,-8.58306884765625e-05
aquatic mammal,pelican,-9.68758773803711,-8.7738037109375e-05
aquatic mammal,penguin,-9.437604904174805,-0.0001049041748046875
aquatic mammal,seagull,-9.87507438659668,-7.43865966796875e-05
aquatic mammal,swan,-9.625089645385742,-8.96453857421875e-05
aquatic mammal,hummingbird,-9.625091552734375,-9.1552734375e-05
aquatic mammal,kingfisher,-9.562599182128906,-9.918212890625e-05
aquatic mammal,woodpecker,-9.500102996826172,-0.000102996826171875
aquatic mammal,emu,-9.437612533569336,-0.0001125335693359375
aquatic mammal,ostrich,-9.562597274780273,-9.72747802734375e-05
aquatic mammal,carp,-9.875076293945312,-7.62939453125e-05
aquatic mammal,goldfish,-9.750080108642578,-8.0108642578125e-05
aquatic mammal,minnow,-9.875078201293945,-7.82012939453125e-05
aquatic mammal,cod,-9.500102996826172,-0.000102996826171875
aquatic mammal,herring,-9.625093460083008,-9.34600830078125e-05
aquatic mammal,sardine,-9.87507438659668,-7.43865966796875e-05
aquatic mammal,salmon,-9.750078201293945,-7.82012939453125e-05
aquatic mammal,trout,-9.875072479248047,-7.2479248046875e-05
aquatic mammal,eel,-9.875070571899414,-7.05718994140625e-05
aquatic mammal,flounder,-9.68758773803711,-8.7738037109375e-05
aquatic mammal,mackerel,-9.562599182128906,-9.918212890625e-05
aquatic mammal,tuna,-9.750082015991211,-8.20159912109375e-05
aquatic mammal,seahorse,-9.625093460083008,-9.34600830078125e-05
aquatic mammal,shark,-10.000068664550781,-6.866455078125e-05
aquatic mammal,bee,-9.93757438659668,-7.43865966796875e-05
aquatic mammal,hornet,-9.875085830688477,-8.58306884765625e-05
aquatic mammal,wasp,-9.875083923339844,-8.392333984375e-05
aquatic mammal,ant,-9.562601089477539,-0.0001010894775390625
aquatic mammal,beetle,-10.000070571899414,-7.05718994140625e-05
aquatic mammal,ladybird,-9.625093460083008,-9.34600830078125e-05
aquatic mammal,butterfly,-9.93757438659668,-7.43865966796875e-05
aquatic mammal,moth,-9.750089645385742,-8.96453857421875e-05
aquatic mammal,cockroach,-9.62509536743164,-9.5367431640625e-05
aquatic mammal,cricket,-9.812582015991211,-8.20159912109375e-05
aquatic mammal,grasshopper,-9.875078201293945,-7.82012939453125e-05
aquatic mammal,locust,-9.875080108642578,-8.0108642578125e-05
aquatic mammal,dragonfly,-9.93757438659668,-7.43865966796875e-05
aquatic mammal,flea,-9.937576293945312,-7.62939453125e-05
aquatic mammal,housefly,-9.937576293945312,-7.62939453125e-05
aquatic mammal,mosquito,-9.812585830688477,-8.58306884765625e-05
aquatic mammal,stick_insect,-9.625093460083008,-9.34600830078125e-05
aquatic mammal,termite,-9.812582015991211,-8.20159912109375e-05
aquatic mammal,centipede,-10.000076293945312,-7.62939453125e-05
aquatic mammal,millipede,-9.750089645385742,-8.96453857421875e-05
aquatic mammal,scorpion,-9.937576293945312,-7.62939453125e-05
aquatic mammal,spider,-9.812585830688477,-8.58306884765625e-05
aquatic mammal,tarantula,-9.687593460083008,-9.34600830078125e-05
aquatic mammal,crab,-9.937572479248047,-7.2479248046875e-05
aquatic mammal,crayfish,-9.875078201293945,-7.82012939453125e-05
aquatic mammal,lobster,-9.750080108642578,-8.0108642578125e-05
aquatic mammal,prawn,-9.750080108642578,-8.0108642578125e-05
aquatic mammal,shrimp,-9.750082015991211,-8.20159912109375e-05
aquatic mammal,slug,-9.625091552734375,-9.1552734375e-05
aquatic mammal,snail,-9.87507438659668,-7.43865966796875e-05
aquatic mammal,clam,-9.687591552734375,-9.1552734375e-05
aquatic mammal,mussel,-9.62509536743164,-9.5367431640625e-05
aquatic mammal,scallop,-9.75008773803711,-8.7738037109375e-05
aquatic mammal,oyster,-9.43760871887207,-0.0001087188720703125
aquatic mammal,squid,-10.06256103515625,-6.103515625e-05
aquatic mammal,octopus,-9.687585830688477,-8.58306884765625e-05
aquatic mammal,worm,-10.000066757202148,-6.67572021484375e-05
aquatic mammal,jellyfish,-10.000068664550781,-6.866455078125e-05
rodent,animal,-6.103515625e-05,-11.62506103515625
rodent,vertebrate,-8.392333984375e-05,-10.437583923339844
rodent,invertebrate,-10.187559127807617,-5.91278076171875e-05
rodent,mammal,-3.62396240234375e-05,-12.375036239624023
rodent,bird,-10.250053405761719,-5.340576171875e-05
rodent,reptile,-10.500045776367188,-4.57763671875e-05
rodent,amphibian,-10.375049591064453,-4.9591064453125e-05
rodent,fish,-10.500043869018555,-4.38690185546875e-05
rodent,arthropod,-10.437553405761719,-5.340576171875e-05
rodent,insect,-10.43754768371582,-4.76837158203125e-05
rodent,bird of prey,-10.187566757202148,-6.67572021484375e-05
rodent,aquatic bird,-10.06257438659668,-7.43865966796875e-05
rodent,canine,-10.312549591064453,-4.9591064453125e-05
rodent,feline,-10.125057220458984,-5.7220458984375e-05
rodent,primate,-10.250053405761719,-5.340576171875e-05
rodent,aquatic mammal,-9.000173568725586,-0.0001735687255859375
rodent,rodent,-0.0002880096435546875,-9.187788009643555
rodent,bat,-9.937570571899414,-7.05718994140625e-05
rodent,bear,-9.687583923339844,-8.392333984375e-05
rodent,cat,-9.937568664550781,-6.866455078125e-05
rodent,cheetah,-9.937572479248047,-7.2479248046875e-05
rodent,leopard,-9.62509536743164,-9.5367431640625e-05
rodent,lion,-9.750082015991211,-8.20159912109375e-05
rodent,panther,-9.562599182128906,-9.918212890625e-05
rodent,tiger,-9.625093460083008,-9.34600830078125e-05
rodent,dog,-10.125057220458984,-5.7220458984375e-05
rodent,fox,-10.000066757202148,-6.67572021484375e-05
rodent,hyena,-9.750082015991211,-8.20159912109375e-05
rodent,wolf,-9.87507438659668,-7.43865966796875e-05
rodent,raccoon,-9.750085830688477,-8.58306884765625e-05
rodent,skunk,-9.62509536743164,-9.5367431640625e-05
rodent,otter,-9.68758773803711,-8.7738037109375e-05
rodent,beaver,-9.500110626220703,-0.000110626220703125
rodent,chipmunk,-9.4376220703125,-0.0001220703125
rodent,squirrel,-8.750198364257812,-0.0001983642578125
rodent,gerbil,-9.312631607055664,-0.0001316070556640625
rodent,guinea_pig,-8.937679290771484,-0.000179290771484375
rodent,hamster,-9.437606811523438,-0.0001068115234375
rodent,mouse,-7.937938690185547,-0.000438690185546875
rodent,porcupine,-9.625099182128906,-9.918212890625e-05
rodent,rat,-8.562753677368164,-0.0002536773681640625
rodent,buffalo,-9.562597274780273,-9.72747802734375e-05
rodent,cow,-10.000066757202148,-6.67572021484375e-05
rodent,ox,-9.500099182128906,-9.918212890625e-05
rodent,goat,-9.687585830688477,-8.58306884765625e-05
rodent,sheep,-10.000064849853516,-6.4849853515625e-05
rodent,deer,-9.750080108642578,-8.0108642578125e-05
rodent,moose,-9.68758773803711,-8.7738037109375e-05
rodent,giraffe,-9.625091552734375,-9.1552734375e-05
rodent,camel,-9.500101089477539,-0.0001010894775390625
rodent,hippo,-9.312623977661133,-0.0001239776611328125
rodent,llama,-9.500099182128906,-9.918212890625e-05
rodent,pig,-9.687582015991211,-8.20159912109375e-05
rodent,donkey,-9.937572479248047,-7.2479248046875e-05
rodent,horse,-9.750082015991211,-8.20159912109375e-05
rodent,pony,-9.500097274780273,-9.72747802734375e-05
rodent,zebra,-9.562601089477539,-0.0001010894775390625
rodent,rhino,-9.687589645385742,-8.96453857421875e-05
rodent,gorilla,-9.562593460083008,-9.34600830078125e-05
rodent,monkey,-10.125059127807617,-5.91278076171875e-05
rodent,hedgehog,-9.875080108642578,-8.0108642578125e-05
rodent,rabbit,-9.2501220703125,-0.0001220703125
rodent,seal,-9.625091552734375,-9.1552734375e-05
rodent,walrus,-9.437610626220703,-0.000110626220703125
rodent,dolphin,-9.750080108642578,-8.0108642578125e-05
rodent,whale,-9.687583923339844,-8.392333984375e-05
rodent,elephant,-9.562593460083008,-9.34600830078125e-05
rodent,kangaroo,-9.625093460083008,-9.34600830078125e-05
rodent,platypus,-9.875076293945312,-7.62939453125e-05
rodent,crocodile,-9.812578201293945,-7.82012939453125e-05
rodent,alligator,-10.000068664550781,-6.866455078125e-05
rodent,lizard,-10.43754768371582,-4.76837158203125e-05
rodent,iguana,-9.87507438659668,-7.43865966796875e-05
rodent,rattlesnake,-10.062568664550781,-6.866455078125e-05
rodent,tortoise,-9.87507438659668,-7.43865966796875e-05
rodent,turtle,-9.937570571899414,-7.05718994140625e-05
rodent,frog,-10.187557220458984,-5.7220458984375e-05
rodent,toad,-9.937572479248047,-7.2479248046875e-05
rodent,budgie,-9.312623977661133,-0.0001239776611328125
rodent,parakeet,-9.937580108642578,-8.0108642578125e-05
rodent,buzzard,-10.125064849853516,-6.4849853515625e-05
rodent,falcon,-9.687591552734375,-9.1552734375e-05
rodent,hawk,-9.750085830688477,-8.58306884765625e-05
rodent,eagle,-9.875078201293945,-7.82012939453125e-05
rodent,owl,-9.687585830688477,-8.58306884765625e-05
rodent,canary,-9.625089645385742,-8.96453857421875e-05
rodent,magpie,-9.875072479248047,-7.2479248046875e-05
rodent,raven,-9.500106811523438,-0.0001068115234375
rodent,nightingale,-9.56259536743164,-9.5367431640625e-05
rodent,robin,-9.625091552734375,-9.1552734375e-05
rodent,starling,-9.687589645385742,-8.96453857421875e-05
rodent,sparrow,-9.937572479248047,-7.2479248046875e-05
rodent,wren,-9.625093460083008,-9.34600830078125e-05
rodent,chicken,-9.937570571899414,-7.05718994140625e-05
rodent,cockerel,-9.625097274780273,-9.72747802734375e-05
rodent,turkey,-9.500099182128906,-9.918212890625e-05
rodent,dove,-9.68758773803711,-8.7738037109375e-05
rodent,pigeon,-10.062562942504883,-6.29425048828125e-05
rodent,partridge,-9.625091552734375,-9.1552734375e-05
rodent,peacock,-9.500104904174805,-0.0001049041748046875
rodent,crane,-9.625091552734375,-9.1552734375e-05
rodent,flamingo,-9.500101089477539,-0.0001010894775390625
rodent,heron,-9.750089645385742,-8.96453857421875e-05
rodent,duck,-9.937572479248047,-7.2479248046875e-05
rodent,goose,-9.625091552734375,-9.1552734375e-05
rodent,pelican,-9.562599182128906,-9.918212890625e-05
rodent,penguin,-9.625091552734375,-9.1552734375e-05
rodent,seagull,-9.812580108642578,-8.0108642578125e-05
rodent,swan,-9.750082015991211,-8.20159912109375e-05
rodent,hummingbird,-9.625093460083008,-9.34600830078125e-05
rodent,kingfisher,-9.62509536743164,-9.5367431640625e-05
rodent,woodpecker,-9.687585830688477,-8.58306884765625e-05
rodent,emu,-9.562602996826172,-0.000102996826171875
rodent,ostrich,-9.625091552734375,-9.1552734375e-05
rodent,carp,-9.750083923339844,-8.392333984375e-05
rodent,goldfish,-9.68758773803711,-8.7738037109375e-05
rodent,minnow,-9.875078201293945,-7.82012939453125e-05
rodent,cod,-9.187637329101562,-0.0001373291015625
rodent,herring,-9.625093460083008,-9.34600830078125e-05
rodent,sardine,-9.812580108642578,-8.0108642578125e-05
rodent,salmon,-9.750080108642578,-8.0108642578125e-05
rodent,trout,-9.687585830688477,-8.58306884765625e-05
rodent,eel,-10.000068664550781,-6.866455078125e-05
rodent,flounder,-9.68758773803711,-8.7738037109375e-05
rodent,mackerel,-9.62509536743164,-9.5367431640625e-05
rodent,tuna,-9.687585830688477,-8.58306884765625e-05
rodent,seahorse,-9.625099182128906,-9.918212890625e-05
rodent,shark,-9.750082015991211,-8.20159912109375e-05
rodent,bee,-10.12506103515625,-6.103515625e-05
rodent,hornet,-10.000072479248047,-7.2479248046875e-05
rodent,wasp,-10.062572479248047,-7.2479248046875e-05
rodent,ant,-10.062562942504883,-6.29425048828125e-05
rodent,beetle,-10.500045776367188,-4.57763671875e-05
rodent,ladybird,-9.750082015991211,-8.20159912109375e-05
rodent,butterfly,-10.12506103515625,-6.103515625e-05
rodent,moth,-10.000068664550781,-6.866455078125e-05
rodent,cockroach,-10.000068664550781,-6.866455078125e-05
rodent,cricket,-10.062562942504883,-6.29425048828125e-05
rodent,grasshopper,-10.187557220458984,-5.7220458984375e-05
rodent,locust,-9.937570571899414,-7.05718994140625e-05
rodent,dragonfly,-9.937576293945312,-7.62939453125e-05
rodent,flea,-10.000072479248047,-7.2479248046875e-05
rodent,housefly,-10.000070571899414,-7.05718994140625e-05
rodent,mosquito,-10.000070571899414,-7.05718994140625e-05
rodent,stick_insect,-9.875076293945312,-7.62939453125e-05
rodent,termite,-10.125059127807617,-5.91278076171875e-05
rodent,centipede,-10.000072479248047,-7.2479248046875e-05
rodent,millipede,-9.812578201293945,-7.82012939453125e-05
rodent,scorpion,-10.000070571899414,-7.05718994140625e-05
rodent,spider,-10.062568664550781,-6.866455078125e-05
rodent,tarantula,-9.625097274780273,-9.72747802734375e-05
rodent,crab,-9.937572479248047,-7.2479248046875e-05
rodent,crayfish,-9.937576293945312,-7.62939453125e-05
rodent,lobster,-9.562593460083008,-9.34600830078125e-05
rodent,prawn,-9.750080108642578,-8.0108642578125e-05
rodent,shrimp,-9.750083923339844,-8.392333984375e-05
rodent,slug,-9.937570571899414,-7.05718994140625e-05
rodent,snail,-10.12506103515625,-6.103515625e-05
rodent,clam,-9.750085830688477,-8.58306884765625e-05
rodent,mussel,-9.875080108642578,-8.0108642578125e-05
rodent,scallop,-9.687589645385742,-8.96453857421875e-05
rodent,oyster,-9.562597274780273,-9.72747802734375e-05
rodent,squid,-10.000066757202148,-6.67572021484375e-05
rodent,octopus,-9.750083923339844,-8.392333984375e-05
rodent,worm,-10.37504768371582,-4.76837158203125e-05
rodent,jellyfish,-10.062564849853516,-6.4849853515625e-05
bat,animal,-5.14984130859375e-05,-11.687551498413086
bat,vertebrate,-5.14984130859375e-05,-11.125051498413086
bat,invertebrate,-9.75008773803711,-8.7738037109375e-05
bat,mammal,-3.4332275390625e-05,-11.75003433227539
bat,bird,-10.062557220458984,-5.7220458984375e-05
bat,reptile,-10.125059127807617,-5.91278076171875e-05
bat,amphibian,-9.937572479248047,-7.2479248046875e-05
bat,fish,-10.125057220458984,-5.7220458984375e-05
bat,arthropod,-10.00007438659668,-7.43865966796875e-05
bat,insect,-10.187553405761719,-5.340576171875e-05
bat,bird of prey,-10.062562942504883,-6.29425048828125e-05
bat,aquatic bird,-9.62509536743164,-9.5367431640625e-05
bat,canine,-9.750080108642578,-8.0108642578125e-05
bat,feline,-9.812572479248047,-7.2479248046875e-05
bat,primate,-9.81257438659668,-7.43865966796875e-05
bat,aquatic mammal,-8.312789916992188,-0.0002899169921875
bat,rodent,-9.937566757202148,-6.67572021484375e-05
bat,bat,-0.00067138671875,-7.87567138671875
bat,bear,-9.687582015991211,-8.20159912109375e-05
bat,cat,-9.62508773803711,-8.7738037109375e-05
bat,cheetah,-9.875072479248047,-7.2479248046875e-05
bat,leopard,-9.375110626220703,-0.000110626220703125
bat,lion,-9.687583923339844,-8.392333984375e-05
bat,panther,-9.687585830688477,-8.58306884765625e-05
bat,tiger,-9.562597274780273,-9.72747802734375e-05
bat,dog,-10.06256103515625,-6.103515625e-05
bat,fox,-9.937568664550781,-6.866455078125e-05
bat,hyena,-9.750083923339844,-8.392333984375e-05
bat,wolf,-9.687583923339844,-8.392333984375e-05
bat,raccoon,-9.562593460083008,-9.34600830078125e-05
bat,skunk,-9.625089645385742,-8.96453857421875e-05
bat,otter,-9.562593460083008,-9.34600830078125e-05
bat,beaver,-9.62508773803711,-8.7738037109375e-05
bat,chipmunk,-9.750078201293945,-7.82012939453125e-05
bat,squirrel,-9.750078201293945,-7.82012939453125e-05
bat,gerbil,-9.500099182128906,-9.918212890625e-05
bat,guinea_pig,-9.625089645385742,-8.96453857421875e-05
bat,hamster,-9.750076293945312,-7.62939453125e-05
bat,mouse,-9.250114440917969,-0.00011444091796875
bat,porcupine,-9.687585830688477,-8.58306884765625e-05
bat,rat,-9.500097274780273,-9.72747802734375e-05
bat,buffalo,-9.375114440917969,-0.00011444091796875
bat,cow,-9.625089645385742,-8.96453857421875e-05
bat,ox,-9.312616348266602,-0.0001163482666015625
bat,goat,-9.625091552734375,-9.1552734375e-05
bat,sheep,-9.687585830688477,-8.58306884765625e-05
bat,deer,-9.750080108642578,-8.0108642578125e-05
bat,moose,-9.625089645385742,-8.96453857421875e-05
bat,giraffe,-9.437606811523438,-0.0001068115234375
bat,camel,-9.375110626220703,-0.000110626220703125
bat,hippo,-9.312620162963867,-0.0001201629638671875
bat,llama,-9.312616348266602,-0.0001163482666015625
bat,pig,-9.437602996826172,-0.000102996826171875
bat,donkey,-9.56259536743164,-9.5367431640625e-05
bat,horse,-9.625089645385742,-8.96453857421875e-05
bat,pony,-9.437604904174805,-0.0001049041748046875
bat,zebra,-9.500102996826172,-0.000102996826171875
bat,rhino,-9.625091552734375,-9.1552734375e-05
bat,gorilla,-9.312614440917969,-0.00011444091796875
bat,monkey,-10.06256103515625,-6.103515625e-05
bat,hedgehog,-9.81257438659668,-7.43865966796875e-05
bat,rabbit,-9.875072479248047,-7.2479248046875e-05
bat,seal,-9.750078201293945,-7.82012939453125e-05
bat,walrus,-9.437606811523438,-0.0001068115234375
bat,dolphin,-9.62508773803711,-8.7738037109375e-05
bat,whale,-9.750080108642578,-8.0108642578125e-05
bat,elephant,-9.500097274780273,-9.72747802734375e-05
bat,kangaroo,-9.750080108642578,-8.0108642578125e-05
bat,platypus,-9.625091552734375,-9.1552734375e-05
bat,crocodile,-9.750080108642578,-8.0108642578125e-05
bat,alligator,-9.750083923339844,-8.392333984375e-05
bat,lizard,-10.250053405761719,-5.340576171875e-05
bat,iguana,-9.812576293945312,-7.62939453125e-05
bat,rattlesnake,-10.000068664550781,-6.866455078125e-05
bat,tortoise,-9.875070571899414,-7.05718994140625e-05
bat,turtle,-9.87507438659668,-7.43865966796875e-05
bat,frog,-10.125059127807617,-5.91278076171875e-05
bat,toad,-9.750080108642578,-8.0108642578125e-05
bat,budgie,-9.312612533569336,-0.0001125335693359375
bat,parakeet,-9.750085830688477,-8.58306884765625e-05
bat,buzzard,-10.000064849853516,-6.4849853515625e-05
bat,falcon,-10.000064849853516,-6.4849853515625e-05
bat,hawk,-10.06256103515625,-6.103515625e-05
bat,eagle,-10.06256103515625,-6.103515625e-05
bat,owl,-10.062559127807617,-5.91278076171875e-05
bat,canary,-9.625083923339844,-8.392333984375e-05
bat,magpie,-9.687583923339844,-8.392333984375e-05
bat,raven,-9.937568664550781,-6.866455078125e-05
bat,nightingale,-9.375104904174805,-0.0001049041748046875
bat,robin,-9.687580108642578,-8.0108642578125e-05
bat,starling,-9.312620162963867,-0.0001201629638671875
bat,sparrow,-9.875070571899414,-7.05718994140625e-05
bat,wren,-9.375106811523438,-0.0001068115234375
bat,chicken,-9.687583923339844,-8.392333984375e-05
bat,cockerel,-9.187629699707031,-0.00012969970703125
bat,turkey,-9.37510871887207,-0.0001087188720703125
bat,dove,-9.687582015991211,-8.20159912109375e-05
bat,pigeon,-9.875068664550781,-6.866455078125e-05
bat,partridge,-9.625089645385742,-8.96453857421875e-05
bat,peacock,-9.375112533569336,-0.0001125335693359375
bat,crane,-9.562593460083008,-9.34600830078125e-05
bat,flamingo,-9.50009536743164,-9.5367431640625e-05
bat,heron,-9.812576293945312,-7.62939453125e-05
bat,duck,-9.875072479248047,-7.2479248046875e-05
bat,goose,-9.750078201293945,-7.82012939453125e-05
bat,pelican,-9.500099182128906,-9.918212890625e-05
bat,penguin,-9.62508773803711,-8.7738037109375e-05
bat,seagull,-10.000066757202148,-6.67572021484375e-05
bat,swan,-9.750078201293945,-7.82012939453125e-05
bat,hummingbird,-9.625085830688477,-8.58306884765625e-05
bat,kingfisher,-9.562593460083008,-9.34600830078125e-05
bat,woodpecker,-9.625085830688477,-8.58306884765625e-05
bat,emu,-9.437604904174805,-0.0001049041748046875
bat,ostrich,-9.562591552734375,-9.1552734375e-05
bat,carp,-9.312616348266602,-0.0001163482666015625
bat,goldfish,-9.562593460083008,-9.34600830078125e-05
bat,minnow,-9.562599182128906,-9.918212890625e-05
bat,cod,-9.00014877319336,-0.000148773193359375
bat,herring,-9.375110626220703,-0.000110626220703125
bat,sardine,-9.687583923339844,-8.392333984375e-05
bat,salmon,-9.62508773803711,-8.7738037109375e-05
bat,trout,-9.500097274780273,-9.72747802734375e-05
bat,eel,-9.812576293945312,-7.62939453125e-05
bat,flounder,-9.437602996826172,-0.000102996826171875
bat,mackerel,-9.312616348266602,-0.0001163482666015625
bat,tuna,-9.500097274780273,-9.72747802734375e-05
bat,seahorse,-9.3126220703125,-0.0001220703125
bat,shark,-9.750083923339844,-8.392333984375e-05
bat,bee,-10.06256103515625,-6.103515625e-05
bat,hornet,-9.68758773803711,-8.7738037109375e-05
bat,wasp,-9.93757438659668,-7.43865966796875e-05
bat,ant,-9.625089645385742,-8.96453857421875e-05
bat,beetle,-10.125059127807617,-5.91278076171875e-05
bat,ladybird,-9.250123977661133,-0.0001239776611328125
bat,butterfly,-10.000066757202148,-6.67572021484375e-05
bat,moth,-9.87507438659668,-7.43865966796875e-05
bat,cockroach,-9.500101089477539,-0.0001010894775390625
bat,cricket,-9.50009536743164,-9.5367431640625e-05
bat,grasshopper,-10.06256103515625,-6.103515625e-05
bat,locust,-9.625091552734375,-9.1552734375e-05
bat,dragonfly,-10.000062942504883,-6.29425048828125e-05
bat,flea,-9.87507438659668,-7.43865966796875e-05
bat,housefly,-9.87507438659668,-7.43865966796875e-05
bat,mosquito,-9.87507438659668,-7.43865966796875e-05
bat,stick_insect,-9.437604904174805,-0.0001049041748046875
bat,termite,-9.500097274780273,-9.72747802734375e-05
bat,centipede,-9.750085830688477,-8.58306884765625e-05
bat,millipede,-9.437606811523438,-0.0001068115234375
bat,scorpion,-9.87507438659668,-7.43865966796875e-05
bat,spider,-10.062564849853516,-6.4849853515625e-05
bat,tarantula,-9.625093460083008,-9.34600830078125e-05
bat,crab,-9.750083923339844,-8.392333984375e-05
bat,crayfish,-9.500101089477539,-0.0001010894775390625
bat,lobster,-9.437604904174805,-0.0001049041748046875
bat,prawn,-9.50009536743164,-9.5367431640625e-05
bat,shrimp,-9.500099182128906,-9.918212890625e-05
bat,slug,-9.56259536743164,-9.5367431640625e-05
bat,snail,-9.87507438659668,-7.43865966796875e-05
bat,clam,-9.500102996826172,-0.000102996826171875
bat,mussel,-9.375112533569336,-0.0001125335693359375
bat,scallop,-9.312620162963867,-0.0001201629638671875
bat,oyster,-9.125139236450195,-0.0001392364501953125
bat,squid,-9.750080108642578,-8.0108642578125e-05
bat,octopus,-9.625091552734375,-9.1552734375e-05
bat,worm,-10.000064849853516,-6.4849853515625e-05
bat,jellyfish,-9.87507438659668,-7.43865966796875e-05
bear,animal,-4.9591064453125e-05,-11.750049591064453
bear,vertebrate,-4.9591064453125e-05,-11.250049591064453
bear,invertebrate,-10.000066757202148,-6.67572021484375e-05
bear,mammal,-3.24249267578125e-05,-12.000032424926758
bear,bird,-9.937566757202148,-6.67572021484375e-05
bear,reptile,-10.312549591064453,-4.9591064453125e-05
bear,amphibian,-10.250051498413086,-5.14984130859375e-05
bear,fish,-10.062557220458984,-5.7220458984375e-05
bear,arthropod,-10.187562942504883,-6.29425048828125e-05
bear,insect,-10.06256103515625,-6.103515625e-05
bear,bird of prey,-10.000066757202148,-6.67572021484375e-05
bear,aquatic bird,-9.687585830688477,-8.58306884765625e-05
bear,canine,-10.125053405761719,-5.340576171875e-05
bear,feline,-10.062557220458984,-5.7220458984375e-05
bear,primate,-10.187553405761719,-5.340576171875e-05
bear,aquatic mammal,-8.437767028808594,-0.00026702880859375
bear,rodent,-9.750076293945312,-7.62939453125e-05
bear,bat,-9.750080108642578,-8.0108642578125e-05
bear,bear,-0.000110626220703125,-10.312610626220703
bear,cat,-9.812568664550781,-6.866455078125e-05
bear,cheetah,-10.000062942504883,-6.29425048828125e-05
bear,leopard,-10.062559127807617,-5.91278076171875e-05
bear,lion,-10.125055313110352,-5.53131103515625e-05
bear,panther,-9.312612533569336,-0.0001125335693359375
bear,tiger,-10.187553405761719,-5.340576171875e-05
bear,dog,-10.125053405761719,-5.340576171875e-05
bear,fox,-10.125055313110352,-5.53131103515625e-05
bear,hyena,-10.125057220458984,-5.7220458984375e-05
bear,wolf,-10.125057220458984,-5.7220458984375e-05
bear,raccoon,-9.375104904174805,-0.0001049041748046875
bear,skunk,-9.500093460083008,-9.34600830078125e-05
bear,otter,-9.437599182128906,-9.918212890625e-05
bear,beaver,-9.625083923339844,-8.392333984375e-05
bear,chipmunk,-9.250116348266602,-0.0001163482666015625
bear,squirrel,-9.125129699707031,-0.00012969970703125
bear,gerbil,-9.375104904174805,-0.0001049041748046875
bear,guinea_pig,-9.437602996826172,-0.000102996826171875
bear,hamster,-9.437597274780273,-9.72747802734375e-05
bear,mouse,-9.437593460083008,-9.34600830078125e-05
bear,porcupine,-9.562593460083008,-9.34600830078125e-05
bear,rat,-9.1876220703125,-0.0001220703125
bear,buffalo,-9.562591552734375,-9.1552734375e-05
bear,cow,-10.00006103515625,-6.103515625e-05
bear,ox,-9.625085830688477,-8.58306884765625e-05
bear,goat,-9.562589645385742,-8.96453857421875e-05
bear,sheep,-10.000062942504883,-6.29425048828125e-05
bear,deer,-10.000062942504883,-6.29425048828125e-05
bear,moose,-9.937566757202148,-6.67572021484375e-05
bear,giraffe,-9.562591552734375,-9.1552734375e-05
bear,camel,-9.562589645385742,-8.96453857421875e-05
bear,hippo,-9.500097274780273,-9.72747802734375e-05
bear,llama,-9.500093460083008,-9.34600830078125e-05
bear,pig,-9.250118255615234,-0.000118255615234375
bear,donkey,-9.750078201293945,-7.82012939453125e-05
bear,horse,-10.062559127807617,-5.91278076171875e-05
bear,pony,-9.50009536743164,-9.5367431640625e-05
bear,zebra,-9.750080108642578,-8.0108642578125e-05
bear,rhino,-9.81257438659668,-7.43865966796875e-05
bear,gorilla,-9.625085830688477,-8.58306884765625e-05
bear,monkey,-10.000064849853516,-6.4849853515625e-05
bear,hedgehog,-9.562589645385742,-8.96453857421875e-05
bear,rabbit,-10.00006103515625,-6.103515625e-05
bear,seal,-9.562589645385742,-8.96453857421875e-05
bear,walrus,-9.312612533569336,-0.0001125335693359375
bear,dolphin,-9.750078201293945,-7.82012939453125e-05
bear,whale,-9.750076293945312,-7.62939453125e-05
bear,elephant,-10.000062942504883,-6.29425048828125e-05
bear,kangaroo,-9.812572479248047,-7.2479248046875e-05
bear,platypus,-9.62508773803711,-8.7738037109375e-05
bear,crocodile,-9.875072479248047,-7.2479248046875e-05
bear,alligator,-10.000064849853516,-6.4849853515625e-05
bear,lizard,-10.125057220458984,-5.7220458984375e-05
bear,iguana,-9.750076293945312,-7.62939453125e-05
bear,rattlesnake,-9.87507438659668,-7.43865966796875e-05
bear,tortoise,-9.750076293945312,-7.62939453125e-05
bear,turtle,-9.687582015991211,-8.20159912109375e-05
bear,frog,-9.875068664550781,-6.866455078125e-05
bear,toad,-9.62508773803711,-8.7738037109375e-05
bear,budgie,-9.312612533569336,-0.0001125335693359375
bear,parakeet,-9.625091552734375,-9.1552734375e-05
bear,buzzard,-9.87507438659668,-7.43865966796875e-05
bear,falcon,-9.62508773803711,-8.7738037109375e-05
bear,hawk,-9.750082015991211,-8.20159912109375e-05
bear,eagle,-9.937568664550781,-6.866455078125e-05
bear,owl,-9.687582015991211,-8.20159912109375e-05
bear,canary,-9.375104904174805,-0.0001049041748046875
bear,magpie,-9.687580108642578,-8.0108642578125e-05
bear,raven,-9.62508773803711,-8.7738037109375e-05
bear,nightingale,-9.187625885009766,-0.000125885009765625
bear,robin,-9.375104904174805,-0.0001049041748046875
bear,starling,-9.12513542175293,-0.0001354217529296875
bear,sparrow,-9.50009536743164,-9.5367431640625e-05
bear,wren,-9.250116348266602,-0.0001163482666015625
bear,chicken,-9.562589645385742,-8.96453857421875e-05
bear,cockerel,-9.437601089477539,-0.0001010894775390625
bear,turkey,-9.375106811523438,-0.0001068115234375
bear,dove,-9.437601089477539,-0.0001010894775390625
bear,pigeon,-9.375104904174805,-0.0001049041748046875
bear,partridge,-9.437604904174805,-0.0001049041748046875
bear,peacock,-9.37510871887207,-0.0001087188720703125
bear,crane,-9.50009536743164,-9.5367431640625e-05
bear,flamingo,-9.437599182128906,-9.918212890625e-05
bear,heron,-9.750078201293945,-7.82012939453125e-05
bear,duck,-9.750076293945312,-7.62939453125e-05
bear,goose,-9.625085830688477,-8.58306884765625e-05
bear,pelican,-9.437601089477539,-0.0001010894775390625
bear,penguin,-9.562591552734375,-9.1552734375e-05
bear,seagull,-9.500097274780273,-9.72747802734375e-05
bear,swan,-9.62508773803711,-8.7738037109375e-05
bear,hummingbird,-9.50009536743164,-9.5367431640625e-05
bear,kingfisher,-9.37510871887207,-0.0001087188720703125
bear,woodpecker,-9.312610626220703,-0.000110626220703125
bear,emu,-9.62508773803711,-8.7738037109375e-05
bear,ostrich,-9.62508773803711,-8.7738037109375e-05
bear,carp,-9.312612533569336,-0.0001125335693359375
bear,goldfish,-9.375104904174805,-0.0001049041748046875
bear,minnow,-9.37510871887207,-0.0001087188720703125
bear,cod,-9.125127792358398,-0.0001277923583984375
bear,herring,-9.312610626220703,-0.000110626220703125
bear,sardine,-9.437599182128906,-9.918212890625e-05
bear,salmon,-9.31260871887207,-0.0001087188720703125
bear,trout,-9.250118255615234,-0.000118255615234375
bear,eel,-9.812572479248047,-7.2479248046875e-05
bear,flounder,-9.250118255615234,-0.000118255615234375
bear,mackerel,-9.187629699707031,-0.00012969970703125
bear,tuna,-9.500093460083008,-9.34600830078125e-05
bear,seahorse,-9.562591552734375,-9.1552734375e-05
bear,shark,-10.000064849853516,-6.4849853515625e-05
bear,bee,-9.625083923339844,-8.392333984375e-05
bear,hornet,-9.43760871887207,-0.0001087188720703125
bear,wasp,-9.500099182128906,-9.918212890625e-05
bear,ant,-9.250120162963867,-0.0001201629638671875
bear,beetle,-9.625085830688477,-8.58306884765625e-05
bear,ladybird,-9.125133514404297,-0.000133514404296875
bear,butterfly,-9.562591552734375,-9.1552734375e-05
bear,moth,-9.187627792358398,-0.0001277923583984375
bear,cockroach,-9.312614440917969,-0.00011444091796875
bear,cricket,-9.500097274780273,-9.72747802734375e-05
bear,grasshopper,-9.750076293945312,-7.62939453125e-05
bear,locust,-9.62508773803711,-8.7738037109375e-05
bear,dragonfly,-9.562591552734375,-9.1552734375e-05
bear,flea,-9.375106811523438,-0.0001068115234375
bear,housefly,-9.375106811523438,-0.0001068115234375
bear,mosquito,-9.187627792358398,-0.0001277923583984375
bear,stick_insect,-9.437601089477539,-0.0001010894775390625
bear,termite,-9.50009536743164,-9.5367431640625e-05
bear,centipede,-9.687585830688477,-8.58306884765625e-05
bear,millipede,-9.437602996826172,-0.000102996826171875
bear,scorpion,-9.875072479248047,-7.2479248046875e-05
bear,spider,-9.87507438659668,-7.43865966796875e-05
bear,tarantula,-9.56259536743164,-9.5367431640625e-05
bear,crab,-9.562591552734375,-9.1552734375e-05
bear,crayfish,-9.437602996826172,-0.000102996826171875
bear,lobster,-9.375106811523438,-0.0001068115234375
bear,prawn,-9.312610626220703,-0.000110626220703125
bear,shrimp,-9.312614440917969,-0.00011444091796875
bear,slug,-9.562591552734375,-9.1552734375e-05
bear,snail,-9.56258773803711,-8.7738037109375e-05
bear,clam,-9.312614440917969,-0.00011444091796875
bear,mussel,-9.187625885009766,-0.000125885009765625
bear,scallop,-9.437601089477539,-0.0001010894775390625
bear,oyster,-9.062639236450195,-0.0001392364501953125
bear,squid,-9.750076293945312,-7.62939453125e-05
bear,octopus,-9.750078201293945,-7.82012939453125e-05
bear,worm,-9.687580108642578,-8.0108642578125e-05
bear,jellyfish,-9.750080108642578,-8.0108642578125e-05
cat,animal,-4.38690185546875e-05,-11.812543869018555
cat,vertebrate,-4.76837158203125e-05,-11.37504768371582
cat,invertebrate,-10.06256103515625,-6.103515625e-05
cat,mammal,-2.86102294921875e-05,-12.125028610229492
cat,bird,-10.00006103515625,-6.103515625e-05
cat,reptile,-10.250051498413086,-5.14984130859375e-05
cat,amphibian,-10.125059127807617,-5.91278076171875e-05
cat,fish,-10.187551498413086,-5.14984130859375e-05
cat,arthropod,-10.250057220458984,-5.7220458984375e-05
cat,insect,-10.187557220458984,-5.7220458984375e-05
cat,bird of prey,-9.312614440917969,-0.00011444091796875
cat,aquatic bird,-9.437610626220703,-0.000110626220703125
cat,canine,-10.437543869018555,-4.38690185546875e-05
cat,feline,-4.1961669921875e-05,-12.187541961669922
cat,primate,-10.000062942504883,-6.29425048828125e-05
cat,aquatic mammal,-9.562597274780273,-9.72747802734375e-05
cat,rodent,-10.062559127807617,-5.91278076171875e-05
cat,bat,-9.750078201293945,-7.82012939453125e-05
cat,bear,-9.31260871887207,-0.0001087188720703125
cat,cat,-0.0001049041748046875,-10.250104904174805
cat,cheetah,-9.187623977661133,-0.0001239776611328125
cat,leopard,-7.81294059753418,-0.0004405975341796875
cat,lion,-8.250288009643555,-0.0002880096435546875
cat,panther,-6.439220428466797,-0.001720428466796875
cat,tiger,-8.31277084350586,-0.000270843505859375
cat,dog,-10.687536239624023,-3.62396240234375e-05
cat,fox,-9.437599182128906,-9.918212890625e-05
cat,hyena,-9.62508773803711,-8.7738037109375e-05
cat,wolf,-9.312606811523438,-0.0001068115234375
cat,raccoon,-9.62508773803711,-8.7738037109375e-05
cat,skunk,-9.562591552734375,-9.1552734375e-05
cat,otter,-9.312612533569336,-0.0001125335693359375
cat,beaver,-9.625083923339844,-8.392333984375e-05
cat,chipmunk,-9.750076293945312,-7.62939453125e-05
cat,squirrel,-9.75007438659668,-7.43865966796875e-05
cat,gerbil,-9.687582015991211,-8.20159912109375e-05
cat,guinea_pig,-9.875070571899414,-7.05718994140625e-05
cat,hamster,-9.812568664550781,-6.866455078125e-05
cat,mouse,-9.500093460083008,-9.34600830078125e-05
cat,porcupine,-9.437604904174805,-0.0001049041748046875
cat,rat,-9.375102996826172,-0.000102996826171875
cat,buffalo,-9.37510871887207,-0.0001087188720703125
cat,cow,-9.875066757202148,-6.67572021484375e-05
cat,ox,-9.437601089477539,-0.0001010894775390625
cat,goat,-9.562589645385742,-8.96453857421875e-05
cat,sheep,-9.875068664550781,-6.866455078125e-05
cat,deer,-9.437599182128906,-9.918212890625e-05
cat,moose,-9.62508773803711,-8.7738037109375e-05
cat,giraffe,-9.437601089477539,-0.0001010894775390625
cat,camel,-9.50009536743164,-9.5367431640625e-05
cat,hippo,-9.500097274780273,-9.72747802734375e-05
cat,llama,-9.562591552734375,-9.1552734375e-05
cat,pig,-9.750076293945312,-7.62939453125e-05
cat,donkey,-9.750078201293945,-7.82012939453125e-05
cat,horse,-9.875070571899414,-7.05718994140625e-05
cat,pony,-9.625085830688477,-8.58306884765625e-05
cat,zebra,-9.62508773803711,-8.7738037109375e-05
cat,rhino,-9.62508773803711,-8.7738037109375e-05
cat,gorilla,-9.50009536743164,-9.5367431640625e-05
cat,monkey,-9.875068664550781,-6.866455078125e-05
cat,hedgehog,-9.750078201293945,-7.82012939453125e-05
cat,rabbit,-10.062559127807617,-5.91278076171875e-05
cat,seal,-9.312612533569336,-0.0001125335693359375
cat,walrus,-9.437604904174805,-0.0001049041748046875
cat,dolphin,-9.750078201293945,-7.82012939453125e-05
cat,whale,-9.500093460083008,-9.34600830078125e-05
cat,elephant,-9.750076293945312,-7.62939453125e-05
cat,kangaroo,-9.687580108642578,-8.0108642578125e-05
cat,platypus,-9.625089645385742,-8.96453857421875e-05
cat,crocodile,-9.687580108642578,-8.0108642578125e-05
cat,alligator,-9.81257438659668,-7.43865966796875e-05
cat,lizard,-10.187553405761719,-5.340576171875e-05
cat,iguana,-9.875068664550781,-6.866455078125e-05
cat,rattlesnake,-9.687583923339844,-8.392333984375e-05
cat,tortoise,-9.687582015991211,-8.20159912109375e-05
cat,turtle,-9.750078201293945,-7.82012939453125e-05
cat,frog,-10.125057220458984,-5.7220458984375e-05
cat,toad,-9.875072479248047,-7.2479248046875e-05
cat,budgie,-9.500097274780273,-9.72747802734375e-05
cat,parakeet,-9.812582015991211,-8.20159912109375e-05
cat,buzzard,-9.625089645385742,-8.96453857421875e-05
cat,falcon,-9.562589645385742,-8.96453857421875e-05
cat,hawk,-9.625085830688477,-8.58306884765625e-05
cat,eagle,-9.687582015991211,-8.20159912109375e-05
cat,owl,-9.750076293945312,-7.62939453125e-05
cat,canary,-9.687580108642578,-8.0108642578125e-05
cat,magpie,-9.50009536743164,-9.5367431640625e-05
cat,raven,-9.500099182128906,-9.918212890625e-05
cat,nightingale,-9.250120162963867,-0.0001201629638671875
cat,robin,-9.50009536743164,-9.5367431640625e-05
cat,starling,-9.437602996826172,-0.000102996826171875
cat,sparrow,-9.687582015991211,-8.20159912109375e-05
cat,wren,-9.250120162963867,-0.0001201629638671875
cat,chicken,-9.750078201293945,-7.82012939453125e-05
cat,cockerel,-9.562593460083008,-9.34600830078125e-05
cat,turkey,-9.312614440917969,-0.00011444091796875
cat,dove,-9.62508773803711,-8.7738037109375e-05
cat,pigeon,-9.812572479248047,-7.2479248046875e-05
cat,partridge,-9.312614440917969,-0.00011444091796875
cat,peacock,-9.2501220703125,-0.0001220703125
cat,crane,-9.250118255615234,-0.000118255615234375
cat,flamingo,-9.375106811523438,-0.0001068115234375
cat,heron,-9.56259536743164,-9.5367431640625e-05
cat,duck,-10.062559127807617,-5.91278076171875e-05
cat,goose,-9.750080108642578,-8.0108642578125e-05
cat,pelican,-9.437602996826172,-0.000102996826171875
cat,penguin,-9.375106811523438,-0.0001068115234375
cat,seagull,-9.625089645385742,-8.96453857421875e-05
cat,swan,-9.750078201293945,-7.82012939453125e-05
cat,hummingbird,-9.437602996826172,-0.000102996826171875
cat,kingfisher,-9.312614440917969,-0.00011444091796875
cat,woodpecker,-9.312614440917969,-0.00011444091796875
cat,emu,-9.437606811523438,-0.0001068115234375
cat,ostrich,-9.562591552734375,-9.1552734375e-05
cat,carp,-9.437599182128906,-9.918212890625e-05
cat,goldfish,-9.625085830688477,-8.58306884765625e-05
cat,minnow,-9.562591552734375,-9.1552734375e-05
cat,cod,-9.000146865844727,-0.0001468658447265625
cat,herring,-9.312612533569336,-0.0001125335693359375
cat,sardine,-9.562591552734375,-9.1552734375e-05
cat,salmon,-9.500093460083008,-9.34600830078125e-05
cat,trout,-9.437599182128906,-9.918212890625e-05
cat,eel,-9.750076293945312,-7.62939453125e-05
cat,flounder,-9.312612533569336,-0.0001125335693359375
cat,mackerel,-8.562723159790039,-0.0002231597900390625
cat,tuna,-9.437599182128906,-9.918212890625e-05
cat,seahorse,-9.500101089477539,-0.0001010894775390625
cat,shark,-9.625085830688477,-8.58306884765625e-05
cat,bee,-9.937568664550781,-6.866455078125e-05
cat,hornet,-9.68758773803711,-8.7738037109375e-05
cat,wasp,-9.750082015991211,-8.20159912109375e-05
cat,ant,-9.62508773803711,-8.7738037109375e-05
cat,beetle,-10.125055313110352,-5.53131103515625e-05
cat,ladybird,-9.312612533569336,-0.0001125335693359375
cat,butterfly,-10.000064849853516,-6.4849853515625e-05
cat,moth,-9.2501220703125,-0.0001220703125
cat,cockroach,-9.562593460083008,-9.34600830078125e-05
cat,cricket,-9.625085830688477,-8.58306884765625e-05
cat,grasshopper,-9.937568664550781,-6.866455078125e-05
cat,locust,-9.625089645385742,-8.96453857421875e-05
cat,dragonfly,-9.750080108642578,-8.0108642578125e-05
cat,flea,-9.2501220703125,-0.0001220703125
cat,housefly,-9.875070571899414,-7.05718994140625e-05
cat,mosquito,-9.62508773803711,-8.7738037109375e-05
cat,stick_insect,-9.50009536743164,-9.5367431640625e-05
cat,termite,-9.687582015991211,-8.20159912109375e-05
cat,centipede,-9.750082015991211,-8.20159912109375e-05
cat,millipede,-9.562593460083008,-9.34600830078125e-05
cat,scorpion,-9.750080108642578,-8.0108642578125e-05
cat,spider,-9.875072479248047,-7.2479248046875e-05
cat,tarantula,-9.750080108642578,-8.0108642578125e-05
cat,crab,-9.375104904174805,-0.0001049041748046875
cat,crayfish,-9.562593460083008,-9.34600830078125e-05
cat,lobster,-8.812673568725586,-0.0001735687255859375
cat,prawn,-9.375104904174805,-0.0001049041748046875
cat,shrimp,-9.437599182128906,-9.918212890625e-05
cat,slug,-9.500097274780273,-9.72747802734375e-05
cat,snail,-9.625085830688477,-8.58306884765625e-05
cat,clam,-9.312614440917969,-0.00011444091796875
cat,mussel,-9.312614440917969,-0.00011444091796875
cat,scallop,-9.187627792358398,-0.0001277923583984375
cat,oyster,-9.062641143798828,-0.000141143798828125
cat,squid,-9.687580108642578,-8.0108642578125e-05
cat,octopus,-9.687583923339844,-8.392333984375e-05
cat,worm,-9.937564849853516,-6.4849853515625e-05
cat,jellyfish,-9.875072479248047,-7.2479248046875e-05
cheetah,animal,-5.7220458984375e-05,-11.437557220458984
cheetah,vertebrate,-5.340576171875e-05,-11.125053405761719
cheetah,invertebrate,-10.187557220458984,-5.7220458984375e-05
cheetah,mammal,-4.1961669921875e-05,-11.500041961669922
cheetah,bird,-10.125055313110352,-5.53131103515625e-05
cheetah,reptile,-10.250051498413086,-5.14984130859375e-05
cheetah,amphibian,-10.43754768371582,-4.76837158203125e-05
cheetah,fish,-10.31254768371582,-4.76837158203125e-05
cheetah,arthropod,-10.312557220458984,-5.7220458984375e-05
cheetah,insect,-10.187559127807617,-5.91278076171875e-05
cheetah,bird of prey,-10.062562942504883,-6.29425048828125e-05
cheetah,aquatic bird,-9.875080108642578,-8.0108642578125e-05
cheetah,canine,-7.438140869140625,-0.000640869140625
cheetah,feline,-4.57763671875e-05,-11.375045776367188
cheetah,primate,-10.125059127807617,-5.91278076171875e-05
cheetah,aquatic mammal,-10.062564849853516,-6.4849853515625e-05
cheetah,rodent,-10.062559127807617,-5.91278076171875e-05
cheetah,bat,-9.937568664550781,-6.866455078125e-05
cheetah,bear,-10.250049591064453,-4.9591064453125e-05
cheetah,cat,-5.340576171875e-05,-11.187553405761719
cheetah,cheetah,-0.0007839202880859375,-7.500783920288086
cheetah,leopard,-7.687997817993164,-0.0004978179931640625
cheetah,lion,-10.00006103515625,-6.103515625e-05
cheetah,panther,-8.500234603881836,-0.0002346038818359375
cheetah,tiger,-10.000062942504883,-6.29425048828125e-05
cheetah,dog,-9.500093460083008,-9.34600830078125e-05
cheetah,fox,-9.625083923339844,-8.392333984375e-05
cheetah,hyena,-10.125057220458984,-5.7220458984375e-05
cheetah,wolf,-10.250051498413086,-5.14984130859375e-05
cheetah,raccoon,-9.750080108642578,-8.0108642578125e-05
cheetah,skunk,-9.750080108642578,-8.0108642578125e-05
cheetah,otter,-9.81257438659668,-7.43865966796875e-05
cheetah,beaver,-10.000062942504883,-6.29425048828125e-05
cheetah,chipmunk,-9.625085830688477,-8.58306884765625e-05
cheetah,squirrel,-9.81257438659668,-7.43865966796875e-05
cheetah,gerbil,-9.625085830688477,-8.58306884765625e-05
cheetah,guinea_pig,-9.750080108642578,-8.0108642578125e-05
cheetah,hamster,-9.812570571899414,-7.05718994140625e-05
cheetah,mouse,-9.687578201293945,-7.82012939453125e-05
cheetah,porcupine,-9.750082015991211,-8.20159912109375e-05
cheetah,rat,-9.687582015991211,-8.20159912109375e-05
cheetah,buffalo,-9.937568664550781,-6.866455078125e-05
cheetah,cow,-10.06256103515625,-6.103515625e-05
cheetah,ox,-9.687580108642578,-8.0108642578125e-05
cheetah,goat,-9.875072479248047,-7.2479248046875e-05
cheetah,sheep,-10.000062942504883,-6.29425048828125e-05
cheetah,deer,-10.00006103515625,-6.103515625e-05
cheetah,moose,-9.937568664550781,-6.866455078125e-05
cheetah,giraffe,-9.625085830688477,-8.58306884765625e-05
cheetah,camel,-9.875070571899414,-7.05718994140625e-05
cheetah,hippo,-9.750080108642578,-8.0108642578125e-05
cheetah,llama,-9.687582015991211,-8.20159912109375e-05
cheetah,pig,-10.000064849853516,-6.4849853515625e-05
cheetah,donkey,-9.937568664550781,-6.866455078125e-05
cheetah,horse,-10.31254768371582,-4.76837158203125e-05
cheetah,pony,-9.875070571899414,-7.05718994140625e-05
cheetah,zebra,-10.125057220458984,-5.7220458984375e-05
cheetah,rhino,-10.06256103515625,-6.103515625e-05
cheetah,gorilla,-10.06256103515625,-6.103515625e-05
cheetah,monkey,-10.062562942504883,-6.29425048828125e-05
cheetah,hedgehog,-10.000064849853516,-6.4849853515625e-05
cheetah,rabbit,-10.062559127807617,-5.91278076171875e-05
cheetah,seal,-9.875070571899414,-7.05718994140625e-05
cheetah,walrus,-9.812576293945312,-7.62939453125e-05
cheetah,dolphin,-10.125055313110352,-5.53131103515625e-05
cheetah,whale,-10.187555313110352,-5.53131103515625e-05
cheetah,elephant,-10.125055313110352,-5.53131103515625e-05
cheetah,kangaroo,-10.062559127807617,-5.91278076171875e-05
cheetah,platypus,-9.875072479248047,-7.2479248046875e-05
cheetah,crocodile,-10.000064849853516,-6.4849853515625e-05
cheetah,alligator,-10.250053405761719,-5.340576171875e-05
cheetah,lizard,-10.31254768371582,-4.76837158203125e-05
cheetah,iguana,-10.06256103515625,-6.103515625e-05
cheetah,rattlesnake,-10.06256103515625,-6.103515625e-05
cheetah,tortoise,-10.062559127807617,-5.91278076171875e-05
cheetah,turtle,-10.06256103515625,-6.103515625e-05
cheetah,frog,-10.187555313110352,-5.53131103515625e-05
cheetah,toad,-9.937568664550781,-6.866455078125e-05
cheetah,budgie,-9.625083923339844,-8.392333984375e-05
cheetah,parakeet,-9.93757438659668,-7.43865966796875e-05
cheetah,buzzard,-10.062562942504883,-6.29425048828125e-05
cheetah,falcon,-10.000064849853516,-6.4849853515625e-05
cheetah,hawk,-10.187555313110352,-5.53131103515625e-05
cheetah,eagle,-10.187555313110352,-5.53131103515625e-05
cheetah,owl,-10.062559127807617,-5.91278076171875e-05
cheetah,canary,-9.562589645385742,-8.96453857421875e-05
cheetah,magpie,-9.687582015991211,-8.20159912109375e-05
cheetah,raven,-9.750080108642578,-8.0108642578125e-05
cheetah,nightingale,-9.500097274780273,-9.72747802734375e-05
cheetah,robin,-9.625083923339844,-8.392333984375e-05
cheetah,starling,-9.375112533569336,-0.0001125335693359375
cheetah,sparrow,-9.750080108642578,-8.0108642578125e-05
cheetah,wren,-9.562591552734375,-9.1552734375e-05
cheetah,chicken,-10.000064849853516,-6.4849853515625e-05
cheetah,cockerel,-9.562591552734375,-9.1552734375e-05
cheetah,turkey,-9.62508773803711,-8.7738037109375e-05
cheetah,dove,-9.625085830688477,-8.58306884765625e-05
cheetah,pigeon,-10.00006103515625,-6.103515625e-05
cheetah,partridge,-9.500101089477539,-0.0001010894775390625
cheetah,peacock,-9.750080108642578,-8.0108642578125e-05
cheetah,crane,-9.875072479248047,-7.2479248046875e-05
cheetah,flamingo,-9.875066757202148,-6.67572021484375e-05
cheetah,heron,-10.000066757202148,-6.67572021484375e-05
cheetah,duck,-10.06256103515625,-6.103515625e-05
cheetah,goose,-9.875072479248047,-7.2479248046875e-05
cheetah,pelican,-9.687583923339844,-8.392333984375e-05
cheetah,penguin,-9.812572479248047,-7.2479248046875e-05
cheetah,seagull,-9.87507438659668,-7.43865966796875e-05
cheetah,swan,-10.000066757202148,-6.67572021484375e-05
cheetah,hummingbird,-9.937566757202148,-6.67572021484375e-05
cheetah,kingfisher,-9.62508773803711,-8.7738037109375e-05
cheetah,woodpecker,-9.562591552734375,-9.1552734375e-05
cheetah,emu,-9.937568664550781,-6.866455078125e-05
cheetah,ostrich,-10.000062942504883,-6.29425048828125e-05
cheetah,carp,-9.687582015991211,-8.20159912109375e-05
cheetah,goldfish,-9.687580108642578,-8.0108642578125e-05
cheetah,minnow,-9.687583923339844,-8.392333984375e-05
cheetah,cod,-9.43759536743164,-9.5367431640625e-05
cheetah,herring,-9.687582015991211,-8.20159912109375e-05
cheetah,sardine,-9.812572479248047,-7.2479248046875e-05
cheetah,salmon,-9.875068664550781,-6.866455078125e-05
cheetah,trout,-9.750076293945312,-7.62939453125e-05
cheetah,eel,-10.125057220458984,-5.7220458984375e-05
cheetah,flounder,-9.687582015991211,-8.20159912109375e-05
cheetah,mackerel,-9.062643051147461,-0.0001430511474609375
cheetah,tuna,-9.750076293945312,-7.62939453125e-05
cheetah,seahorse,-9.812576293945312,-7.62939453125e-05
cheetah,shark,-10.125059127807617,-5.91278076171875e-05
cheetah,bee,-9.875072479248047,-7.2479248046875e-05
cheetah,hornet,-9.625093460083008,-9.34600830078125e-05
cheetah,wasp,-9.937570571899414,-7.05718994140625e-05
cheetah,ant,-9.562591552734375,-9.1552734375e-05
cheetah,beetle,-10.125057220458984,-5.7220458984375e-05
cheetah,ladybird,-9.437601089477539,-0.0001010894775390625
cheetah,butterfly,-9.937568664550781,-6.866455078125e-05
cheetah,moth,-9.437604904174805,-0.0001049041748046875
cheetah,cockroach,-9.625091552734375,-9.1552734375e-05
cheetah,cricket,-9.562591552734375,-9.1552734375e-05
cheetah,grasshopper,-9.937566757202148,-6.67572021484375e-05
cheetah,locust,-9.750082015991211,-8.20159912109375e-05
cheetah,dragonfly,-10.000062942504883,-6.29425048828125e-05
cheetah,flea,-9.625085830688477,-8.58306884765625e-05
cheetah,housefly,-9.937566757202148,-6.67572021484375e-05
cheetah,mosquito,-9.750082015991211,-8.20159912109375e-05
cheetah,stick_insect,-9.812572479248047,-7.2479248046875e-05
cheetah,termite,-9.750080108642578,-8.0108642578125e-05
cheetah,centipede,-9.750082015991211,-8.20159912109375e-05
cheetah,millipede,-9.750083923339844,-8.392333984375e-05
cheetah,scorpion,-10.062562942504883,-6.29425048828125e-05
cheetah,spider,-9.937570571899414,-7.05718994140625e-05
cheetah,tarantula,-9.750082015991211,-8.20159912109375e-05
cheetah,crab,-9.937568664550781,-6.866455078125e-05
cheetah,crayfish,-9.750080108642578,-8.0108642578125e-05
cheetah,lobster,-9.750078201293945,-7.82012939453125e-05
cheetah,prawn,-9.562593460083008,-9.34600830078125e-05
cheetah,shrimp,-9.750078201293945,-7.82012939453125e-05
cheetah,slug,-9.937566757202148,-6.67572021484375e-05
cheetah,snail,-10.000062942504883,-6.29425048828125e-05
cheetah,clam,-9.625089645385742,-8.96453857421875e-05
cheetah,mussel,-9.625089645385742,-8.96453857421875e-05
cheetah,scallop,-9.750082015991211,-8.20159912109375e-05
cheetah,oyster,-9.50009536743164,-9.5367431640625e-05
cheetah,squid,-10.062559127807617,-5.91278076171875e-05
cheetah,octopus,-9.875072479248047,-7.2479248046875e-05
cheetah,worm,-10.06256103515625,-6.103515625e-05
cheetah,jellyfish,-10.125059127807617,-5.91278076171875e-05
leopard,animal,-5.53131103515625e-05,-11.562555313110352
leopard,vertebrate,-5.53131103515625e-05,-11.187555313110352
leopard,invertebrate,-10.062564849853516,-6.4849853515625e-05
leopard,mammal,-4.00543212890625e-05,-11.687540054321289
leopard,bird,-9.937568664550781,-6.866455078125e-05
leopard,reptile,-10.187555313110352,-5.53131103515625e-05
leopard,amphibian,-10.250053405761719,-5.340576171875e-05
leopard,fish,-10.062559127807617,-5.91278076171875e-05
leopard,arthropod,-10.062572479248047,-7.2479248046875e-05
leopard,insect,-10.062562942504883,-6.29425048828125e-05
leopard,bird of prey,-10.062564849853516,-6.4849853515625e-05
leopard,aquatic bird,-9.625097274780273,-9.72747802734375e-05
leopard,canine,-9.875070571899414,-7.05718994140625e-05
leopard,feline,-4.76837158203125e-05,-11.62504768371582
leopard,primate,-10.187555313110352,-5.53131103515625e-05
leopard,aquatic mammal,-9.750089645385742,-8.96453857421875e-05
leopard,rodent,-10.000064849853516,-6.4849853515625e-05
leopard,bat,-9.625089645385742,-8.96453857421875e-05
leopard,bear,-10.062559127807617,-5.91278076171875e-05
leopard,cat,-4.9591064453125e-05,-11.437549591064453
leopard,cheetah,-9.875072479248047,-7.2479248046875e-05
leopard,leopard,-0.0005035400390625,-8.000503540039062
leopard,lion,-9.750076293945312,-7.62939453125e-05
leopard,panther,-0.00395965576171875,-5.753959655761719
leopard,tiger,-9.812572479248047,-7.2479248046875e-05
leopard,dog,-10.062559127807617,-5.91278076171875e-05
leopard,fox,-9.875070571899414,-7.05718994140625e-05
leopard,hyena,-10.06256103515625,-6.103515625e-05
leopard,wolf,-10.062562942504883,-6.29425048828125e-05
leopard,raccoon,-9.562593460083008,-9.34600830078125e-05
leopard,skunk,-9.562593460083008,-9.34600830078125e-05
leopard,otter,-9.562591552734375,-9.1552734375e-05
leopard,beaver,-9.62508773803711,-8.7738037109375e-05
leopard,chipmunk,-9.437602996826172,-0.000102996826171875
leopard,squirrel,-9.562593460083008,-9.34600830078125e-05
leopard,gerbil,-9.375106811523438,-0.0001068115234375
leopard,guinea_pig,-9.437604904174805,-0.0001049041748046875
leopard,hamster,-9.500093460083008,-9.34600830078125e-05
leopard,mouse,-9.437597274780273,-9.72747802734375e-05
leopard,porcupine,-9.625089645385742,-8.96453857421875e-05
leopard,rat,-9.625085830688477,-8.58306884765625e-05
leopard,buffalo,-9.625089645385742,-8.96453857421875e-05
leopard,cow,-9.750076293945312,-7.62939453125e-05
leopard,ox,-9.500097274780273,-9.72747802734375e-05
leopard,goat,-9.625089645385742,-8.96453857421875e-05
leopard,sheep,-9.875072479248047,-7.2479248046875e-05
leopard,deer,-9.750078201293945,-7.82012939453125e-05
leopard,moose,-9.750080108642578,-8.0108642578125e-05
leopard,giraffe,-9.562591552734375,-9.1552734375e-05
leopard,camel,-9.62508773803711,-8.7738037109375e-05
leopard,hippo,-9.562593460083008,-9.34600830078125e-05
leopard,llama,-9.562591552734375,-9.1552734375e-05
leopard,pig,-9.750080108642578,-8.0108642578125e-05
leopard,donkey,-9.625091552734375,-9.1552734375e-05
leopard,horse,-10.062562942504883,-6.29425048828125e-05
leopard,pony,-9.625089645385742,-8.96453857421875e-05
leopard,zebra,-10.000064849853516,-6.4849853515625e-05
leopard,rhino,-9.750082015991211,-8.20159912109375e-05
leopard,gorilla,-9.500097274780273,-9.72747802734375e-05
leopard,monkey,-9.875070571899414,-7.05718994140625e-05
leopard,hedgehog,-9.687583923339844,-8.392333984375e-05
leopard,rabbit,-9.812572479248047,-7.2479248046875e-05
leopard,seal,-9.62508773803711,-8.7738037109375e-05
leopard,walrus,-9.56259536743164,-9.5367431640625e-05
leopard,dolphin,-9.81257438659668,-7.43865966796875e-05
leopard,whale,-9.687585830688477,-8.58306884765625e-05
leopard,elephant,-9.750078201293945,-7.82012939453125e-05
leopard,kangaroo,-9.81257438659668,-7.43865966796875e-05
leopard,platypus,-9.750080108642578,-8.0108642578125e-05
leopard,crocodile,-10.000064849853516,-6.4849853515625e-05
leopard,alligator,-10.000066757202148,-6.67572021484375e-05
leopard,lizard,-10.125057220458984,-5.7220458984375e-05
leopard,iguana,-9.81257438659668,-7.43865966796875e-05
leopard,rattlesnake,-10.062562942504883,-6.29425048828125e-05
leopard,tortoise,-9.875070571899414,-7.05718994140625e-05
leopard,turtle,-9.750080108642578,-8.0108642578125e-05
leopard,frog,-10.06256103515625,-6.103515625e-05
leopard,toad,-9.625089645385742,-8.96453857421875e-05
leopard,budgie,-9.312610626220703,-0.000110626220703125
leopard,parakeet,-9.750082015991211,-8.20159912109375e-05
leopard,buzzard,-9.87507438659668,-7.43865966796875e-05
leopard,falcon,-9.875070571899414,-7.05718994140625e-05
leopard,hawk,-10.000066757202148,-6.67572021484375e-05
leopard,eagle,-9.937570571899414,-7.05718994140625e-05
leopard,owl,-9.875072479248047,-7.2479248046875e-05
leopard,canary,-9.312612533569336,-0.0001125335693359375
leopard,magpie,-9.625085830688477,-8.58306884765625e-05
leopard,raven,-9.437604904174805,-0.0001049041748046875
leopard,nightingale,-9.187627792358398,-0.0001277923583984375
leopard,robin,-9.375106811523438,-0.0001068115234375
leopard,starling,-9.312612533569336,-0.0001125335693359375
leopard,sparrow,-9.375110626220703,-0.000110626220703125
leopard,wren,-9.37510871887207,-0.0001087188720703125
leopard,chicken,-9.687582015991211,-8.20159912109375e-05
leopard,cockerel,-9.37510871887207,-0.0001087188720703125
leopard,turkey,-9.437601089477539,-0.0001010894775390625
leopard,dove,-9.500097274780273,-9.72747802734375e-05
leopard,pigeon,-9.50009536743164,-9.5367431640625e-05
leopard,partridge,-9.375110626220703,-0.000110626220703125
leopard,peacock,-9.437604904174805,-0.0001049041748046875
leopard,crane,-9.687582015991211,-8.20159912109375e-05
leopard,flamingo,-9.562591552734375,-9.1552734375e-05
leopard,heron,-9.68758773803711,-8.7738037109375e-05
leopard,duck,-9.750080108642578,-8.0108642578125e-05
leopard,goose,-9.687582015991211,-8.20159912109375e-05
leopard,pelican,-9.562593460083008,-9.34600830078125e-05
leopard,penguin,-9.62508773803711,-8.7738037109375e-05
leopard,seagull,-9.750082015991211,-8.20159912109375e-05
leopard,swan,-9.687585830688477,-8.58306884765625e-05
leopard,hummingbird,-9.562593460083008,-9.34600830078125e-05
leopard,kingfisher,-9.500097274780273,-9.72747802734375e-05
leopard,woodpecker,-9.375106811523438,-0.0001068115234375
leopard,emu,-9.56259536743164,-9.5367431640625e-05
leopard,ostrich,-9.687580108642578,-8.0108642578125e-05
leopard,carp,-9.37510871887207,-0.0001087188720703125
leopard,goldfish,-9.500093460083008,-9.34600830078125e-05
leopard,minnow,-9.500101089477539,-0.0001010894775390625
leopard,cod,-9.1876220703125,-0.0001220703125
leopard,herring,-9.312614440917969,-0.00011444091796875
leopard,sardine,-9.437602996826172,-0.000102996826171875
leopard,salmon,-9.62508773803711,-8.7738037109375e-05
leopard,trout,-9.437599182128906,-9.918212890625e-05
leopard,eel,-9.81257438659668,-7.43865966796875e-05
leopard,flounder,-9.312612533569336,-0.0001125335693359375
leopard,mackerel,-8.437755584716797,-0.000255584716796875
leopard,tuna,-9.437601089477539,-0.0001010894775390625
leopard,seahorse,-9.437606811523438,-0.0001068115234375
leopard,shark,-9.87507438659668,-7.43865966796875e-05
leopard,bee,-9.562593460083008,-9.34600830078125e-05
leopard,hornet,-9.562597274780273,-9.72747802734375e-05
leopard,wasp,-9.625093460083008,-9.34600830078125e-05
leopard,ant,-9.2501220703125,-0.0001220703125
leopard,beetle,-9.500097274780273,-9.72747802734375e-05
leopard,ladybird,-8.437747955322266,-0.000247955322265625
leopard,butterfly,-9.37510871887207,-0.0001087188720703125
leopard,moth,-7.62554931640625,-0.00054931640625
leopard,cockroach,-9.312618255615234,-0.000118255615234375
leopard,cricket,-9.375106811523438,-0.0001068115234375
leopard,grasshopper,-9.687582015991211,-8.20159912109375e-05
leopard,locust,-9.625089645385742,-8.96453857421875e-05
leopard,dragonfly,-9.687583923339844,-8.392333984375e-05
leopard,flea,-9.312612533569336,-0.0001125335693359375
leopard,housefly,-9.562593460083008,-9.34600830078125e-05
leopard,mosquito,-9.500099182128906,-9.918212890625e-05
leopard,stick_insect,-9.50009536743164,-9.5367431640625e-05
leopard,termite,-9.50009536743164,-9.5367431640625e-05
leopard,centipede,-9.625091552734375,-9.1552734375e-05
leopard,millipede,-9.375110626220703,-0.000110626220703125
leopard,scorpion,-9.87507438659668,-7.43865966796875e-05
leopard,spider,-9.625089645385742,-8.96453857421875e-05
leopard,tarantula,-9.437604904174805,-0.0001049041748046875
leopard,crab,-9.562593460083008,-9.34600830078125e-05
leopard,crayfish,-9.500099182128906,-9.918212890625e-05
leopard,lobster,-9.437601089477539,-0.0001010894775390625
leopard,prawn,-9.437601089477539,-0.0001010894775390625
leopard,shrimp,-9.437604904174805,-0.0001049041748046875
leopard,slug,-9.437602996826172,-0.000102996826171875
leopard,snail,-9.687580108642578,-8.0108642578125e-05
leopard,clam,-9.500097274780273,-9.72747802734375e-05
leopard,mussel,-9.312616348266602,-0.0001163482666015625
leopard,scallop,-9.250120162963867,-0.0001201629638671875
leopard,oyster,-9.250120162963867,-0.0001201629638671875
leopard,squid,-9.812572479248047,-7.2479248046875e-05
leopard,octopus,-9.62508773803711,-8.7738037109375e-05
leopard,worm,-9.750080108642578,-8.0108642578125e-05
leopard,jellyfish,-10.000066757202148,-6.67572021484375e-05
lion,animal,-5.91278076171875e-05,-11.500059127807617
lion,vertebrate,-5.340576171875e-05,-11.250053405761719
lion,invertebrate,-9.937570571899414,-7.05718994140625e-05
lion,mammal,-3.814697265625e-05,-11.562538146972656
lion,bird,-10.00006103515625,-6.103515625e-05
lion,reptile,-10.250049591064453,-4.9591064453125e-05
lion,amphibian,-10.125057220458984,-5.7220458984375e-05
lion,fish,-10.062557220458984,-5.7220458984375e-05
lion,arthropod,-10.125066757202148,-6.67572021484375e-05
lion,insect,-10.062562942504883,-6.29425048828125e-05
lion,bird of prey,-10.000062942504883,-6.29425048828125e-05
lion,aquatic bird,-9.62509536743164,-9.5367431640625e-05
lion,canine,-9.56258773803711,-8.7738037109375e-05
lion,feline,-4.1961669921875e-05,-11.750041961669922
lion,primate,-10.06256103515625,-6.103515625e-05
lion,aquatic mammal,-9.875076293945312,-7.62939453125e-05
lion,rodent,-9.75007438659668,-7.43865966796875e-05
lion,bat,-9.687582015991211,-8.20159912109375e-05
lion,bear,-10.062559127807617,-5.91278076171875e-05
lion,cat,-5.340576171875e-05,-11.375053405761719
lion,cheetah,-9.750078201293945,-7.82012939453125e-05
lion,leopard,-9.312612533569336,-0.0001125335693359375
lion,lion,-0.000354766845703125,-8.375354766845703
lion,panther,-5.877954483032227,-0.0029544830322265625
lion,tiger,-10.187553405761719,-5.340576171875e-05
lion,dog,-10.000059127807617,-5.91278076171875e-05
lion,fox,-9.875066757202148,-6.67572021484375e-05
lion,hyena,-10.000062942504883,-6.29425048828125e-05
lion,wolf,-10.000062942504883,-6.29425048828125e-05
lion,raccoon,-9.437601089477539,-0.0001010894775390625
lion,skunk,-9.437601089477539,-0.0001010894775390625
lion,otter,-9.562589645385742,-8.96453857421875e-05
lion,beaver,-9.625085830688477,-8.58306884765625e-05
lion,chipmunk,-9.437599182128906,-9.918212890625e-05
lion,squirrel,-9.50009536743164,-9.5367431640625e-05
lion,gerbil,-9.375102996826172,-0.000102996826171875
lion,guinea_pig,-9.500097274780273,-9.72747802734375e-05
lion,hamster,-9.437597274780273,-9.72747802734375e-05
lion,mouse,-9.250114440917969,-0.00011444091796875
lion,porcupine,-9.500097274780273,-9.72747802734375e-05
lion,rat,-9.437599182128906,-9.918212890625e-05
lion,buffalo,-9.62508773803711,-8.7738037109375e-05
lion,cow,-9.75007438659668,-7.43865966796875e-05
lion,ox,-9.562589645385742,-8.96453857421875e-05
lion,goat,-9.625085830688477,-8.58306884765625e-05
lion,sheep,-9.750076293945312,-7.62939453125e-05
lion,deer,-9.750076293945312,-7.62939453125e-05
lion,moose,-9.750078201293945,-7.82012939453125e-05
lion,giraffe,-9.625083923339844,-8.392333984375e-05
lion,camel,-9.750076293945312,-7.62939453125e-05
lion,hippo,-9.50009536743164,-9.5367431640625e-05
lion,llama,-9.50009536743164,-9.5367431640625e-05
lion,pig,-9.687582015991211,-8.20159912109375e-05
lion,donkey,-9.750080108642578,-8.0108642578125e-05
lion,horse,-10.06256103515625,-6.103515625e-05
lion,pony,-9.750078201293945,-7.82012939453125e-05
lion,zebra,-9.812572479248047,-7.2479248046875e-05
lion,rhino,-9.750078201293945,-7.82012939453125e-05
lion,gorilla,-9.750076293945312,-7.62939453125e-05
lion,monkey,-10.000062942504883,-6.29425048828125e-05
lion,hedgehog,-9.687582015991211,-8.20159912109375e-05
lion,rabbit,-9.75007438659668,-7.43865966796875e-05
lion,seal,-9.625085830688477,-8.58306884765625e-05
lion,walrus,-9.562591552734375,-9.1552734375e-05
lion,dolphin,-9.812572479248047,-7.2479248046875e-05
lion,whale,-9.81257438659668,-7.43865966796875e-05
lion,elephant,-9.875068664550781,-6.866455078125e-05
lion,kangaroo,-9.750076293945312,-7.62939453125e-05
lion,platypus,-9.687582015991211,-8.20159912109375e-05
lion,crocodile,-10.000062942504883,-6.29425048828125e-05
lion,alligator,-10.06256103515625,-6.103515625e-05
lion,lizard,-10.000062942504883,-6.29425048828125e-05
lion,iguana,-9.687580108642578,-8.0108642578125e-05
lion,rattlesnake,-9.875072479248047,-7.2479248046875e-05
lion,tortoise,-9.687582015991211,-8.20159912109375e-05
lion,turtle,-9.625085830688477,-8.58306884765625e-05
lion,frog,-10.000062942504883,-6.29425048828125e-05
lion,toad,-9.562593460083008,-9.34600830078125e-05
lion,budgie,-9.437599182128906,-9.918212890625e-05
lion,parakeet,-9.625093460083008,-9.34600830078125e-05
lion,buzzard,-9.750080108642578,-8.0108642578125e-05
lion,falcon,-9.81257438659668,-7.43865966796875e-05
lion,hawk,-9.937568664550781,-6.866455078125e-05
lion,eagle,-10.000064849853516,-6.4849853515625e-05
lion,owl,-9.750076293945312,-7.62939453125e-05
lion,canary,-9.312610626220703,-0.000110626220703125
lion,magpie,-9.500093460083008,-9.34600830078125e-05
lion,raven,-9.62508773803711,-8.7738037109375e-05
lion,nightingale,-9.312612533569336,-0.0001125335693359375
lion,robin,-9.375104904174805,-0.0001049041748046875
lion,starling,-9.125133514404297,-0.000133514404296875
lion,sparrow,-9.437601089477539,-0.0001010894775390625
lion,wren,-9.312612533569336,-0.0001125335693359375
lion,chicken,-9.687580108642578,-8.0108642578125e-05
lion,cockerel,-9.375106811523438,-0.0001068115234375
lion,turkey,-9.437599182128906,-9.918212890625e-05
lion,dove,-9.625083923339844,-8.392333984375e-05
lion,pigeon,-9.500093460083008,-9.34600830078125e-05
lion,partridge,-9.500097274780273,-9.72747802734375e-05
lion,peacock,-9.437602996826172,-0.000102996826171875
lion,crane,-9.625083923339844,-8.392333984375e-05
lion,flamingo,-9.50009536743164,-9.5367431640625e-05
lion,heron,-9.68758773803711,-8.7738037109375e-05
lion,duck,-9.750076293945312,-7.62939453125e-05
lion,goose,-9.625083923339844,-8.392333984375e-05
lion,pelican,-9.437601089477539,-0.0001010894775390625
lion,penguin,-9.625083923339844,-8.392333984375e-05
lion,seagull,-9.687583923339844,-8.392333984375e-05
lion,swan,-9.750078201293945,-7.82012939453125e-05
lion,hummingbird,-9.50009536743164,-9.5367431640625e-05
lion,kingfisher,-9.562589645385742,-8.96453857421875e-05
lion,woodpecker,-9.437601089477539,-0.0001010894775390625
lion,emu,-9.562593460083008,-9.34600830078125e-05
lion,ostrich,-9.625085830688477,-8.58306884765625e-05
lion,carp,-9.437599182128906,-9.918212890625e-05
lion,goldfish,-9.562589645385742,-8.96453857421875e-05
lion,minnow,-9.562591552734375,-9.1552734375e-05
lion,cod,-9.187620162963867,-0.0001201629638671875
lion,herring,-9.375104904174805,-0.0001049041748046875
lion,sardine,-9.437601089477539,-0.0001010894775390625
lion,salmon,-9.437599182128906,-9.918212890625e-05
lion,trout,-9.437601089477539,-0.0001010894775390625
lion,eel,-9.750078201293945,-7.82012939453125e-05
lion,flounder,-9.437599182128906,-9.918212890625e-05
lion,mackerel,-9.062643051147461,-0.0001430511474609375
lion,tuna,-9.437599182128906,-9.918212890625e-05
lion,seahorse,-9.562593460083008,-9.34600830078125e-05
lion,shark,-9.875070571899414,-7.05718994140625e-05
lion,bee,-9.687580108642578,-8.0108642578125e-05
lion,hornet,-9.625091552734375,-9.1552734375e-05
lion,wasp,-9.625089645385742,-8.96453857421875e-05
lion,ant,-9.500093460083008,-9.34600830078125e-05
lion,beetle,-9.812570571899414,-7.05718994140625e-05
lion,ladybird,-9.187625885009766,-0.000125885009765625
lion,butterfly,-9.687583923339844,-8.392333984375e-05
lion,moth,-9.187627792358398,-0.0001277923583984375
lion,cockroach,-9.437602996826172,-0.000102996826171875
lion,cricket,-9.50009536743164,-9.5367431640625e-05
lion,grasshopper,-9.750076293945312,-7.62939453125e-05
lion,locust,-9.625089645385742,-8.96453857421875e-05
lion,dragonfly,-9.750076293945312,-7.62939453125e-05
lion,flea,-9.437599182128906,-9.918212890625e-05
lion,housefly,-9.625085830688477,-8.58306884765625e-05
lion,mosquito,-9.437601089477539,-0.0001010894775390625
lion,stick_insect,-9.562591552734375,-9.1552734375e-05
lion,termite,-9.375104904174805,-0.0001049041748046875
lion,centipede,-9.687585830688477,-8.58306884765625e-05
lion,millipede,-9.500099182128906,-9.918212890625e-05
lion,scorpion,-9.875070571899414,-7.05718994140625e-05
lion,spider,-9.687583923339844,-8.392333984375e-05
lion,tarantula,-9.687583923339844,-8.392333984375e-05
lion,crab,-9.625085830688477,-8.58306884765625e-05
lion,crayfish,-9.312614440917969,-0.00011444091796875
lion,lobster,-9.312612533569336,-0.0001125335693359375
lion,prawn,-9.437599182128906,-9.918212890625e-05
lion,shrimp,-9.437601089477539,-0.0001010894775390625
lion,slug,-9.625085830688477,-8.58306884765625e-05
lion,snail,-9.625083923339844,-8.392333984375e-05
lion,clam,-9.312614440917969,-0.00011444091796875
lion,mussel,-9.375106811523438,-0.0001068115234375
lion,scallop,-9.312614440917969,-0.00011444091796875
lion,oyster,-9.250120162963867,-0.0001201629638671875
lion,squid,-9.750076293945312,-7.62939453125e-05
lion,octopus,-9.687583923339844,-8.392333984375e-05
lion,worm,-9.687582015991211,-8.20159912109375e-05
lion,jellyfish,-9.687583923339844,-8.392333984375e-05
panther,animal,-0.0001888275146484375,-9.187688827514648
panther,vertebrate,-9.5367431640625e-05,-10.43759536743164
panther,invertebrate,-9.3751220703125,-0.0001220703125
panther,mammal,-8.96453857421875e-05,-10.250089645385742
panther,bird,-9.187633514404297,-0.000133514404296875
panther,reptile,-9.625099182128906,-9.918212890625e-05
panther,amphibian,-9.812585830688477,-8.58306884765625e-05
panther,fish,-9.187627792358398,-0.0001277923583984375
panther,arthropod,-9.68760871887207,-0.0001087188720703125
panther,insect,-9.312625885009766,-0.000125885009765625
panther,bird of prey,-9.562612533569336,-0.0001125335693359375
panther,aquatic bird,-8.937681198120117,-0.0001811981201171875
panther,canine,-9.062650680541992,-0.0001506805419921875
panther,feline,-9.5367431640625e-05,-10.31259536743164
panther,primate,-9.75008773803711,-8.7738037109375e-05
panther,aquatic mammal,-8.875194549560547,-0.000194549560546875
panther,rodent,-9.375112533569336,-0.0001125335693359375
panther,bat,-8.937671661376953,-0.000171661376953125
panther,bear,-9.06264877319336,-0.000148773193359375
panther,cat,-0.0001773834228515625,-9.375177383422852
panther,cheetah,-8.875171661376953,-0.000171661376953125
panther,leopard,-0.01909637451171875,-4.269096374511719
panther,lion,-8.000410079956055,-0.0004100799560546875
panther,panther,-0.001556396484375,-6.939056396484375
panther,tiger,-5.878252029418945,-0.0032520294189453125
panther,dog,-9.312620162963867,-0.0001201629638671875
panther,fox,-9.437604904174805,-0.0001049041748046875
panther,hyena,-9.375116348266602,-0.0001163482666015625
panther,wolf,-9.62509536743164,-9.5367431640625e-05
panther,raccoon,-8.500247955322266,-0.000247955322265625
panther,skunk,-9.125139236450195,-0.0001392364501953125
panther,otter,-8.937665939331055,-0.0001659393310546875
panther,beaver,-9.187633514404297,-0.000133514404296875
panther,chipmunk,-9.125137329101562,-0.0001373291015625
panther,squirrel,-9.000158309936523,-0.0001583099365234375
panther,gerbil,-9.125139236450195,-0.0001392364501953125
panther,guinea_pig,-9.125144958496094,-0.00014495849609375
panther,hamster,-9.312616348266602,-0.0001163482666015625
panther,mouse,-9.000152587890625,-0.000152587890625
panther,porcupine,-9.06265640258789,-0.000156402587890625
panther,rat,-8.875179290771484,-0.000179290771484375
panther,buffalo,-9.187637329101562,-0.0001373291015625
panther,cow,-9.06264877319336,-0.000148773193359375
panther,ox,-9.125141143798828,-0.000141143798828125
panther,goat,-8.937667846679688,-0.0001678466796875
panther,sheep,-9.43760871887207,-0.0001087188720703125
panther,deer,-9.18763542175293,-0.0001354217529296875
panther,moose,-9.3126220703125,-0.0001220703125
panther,giraffe,-9.187637329101562,-0.0001373291015625
panther,camel,-9.250125885009766,-0.000125885009765625
panther,hippo,-9.062650680541992,-0.0001506805419921875
panther,llama,-9.06264877319336,-0.000148773193359375
panther,pig,-9.000160217285156,-0.00016021728515625
panther,donkey,-9.125144958496094,-0.00014495849609375
panther,horse,-9.375120162963867,-0.0001201629638671875
panther,pony,-9.062650680541992,-0.0001506805419921875
panther,zebra,-9.375118255615234,-0.000118255615234375
panther,rhino,-9.437614440917969,-0.00011444091796875
panther,gorilla,-9.00015640258789,-0.000156402587890625
panther,monkey,-9.250133514404297,-0.000133514404296875
panther,hedgehog,-9.312620162963867,-0.0001201629638671875
panther,rabbit,-9.437604904174805,-0.0001049041748046875
panther,seal,-8.875173568725586,-0.0001735687255859375
panther,walrus,-9.000160217285156,-0.00016021728515625
panther,dolphin,-9.3126220703125,-0.0001220703125
panther,whale,-9.3126220703125,-0.0001220703125
panther,elephant,-9.250125885009766,-0.000125885009765625
panther,kangaroo,-9.312620162963867,-0.0001201629638671875
panther,platypus,-9.250129699707031,-0.00012969970703125
panther,crocodile,-9.3126220703125,-0.0001220703125
panther,alligator,-9.437606811523438,-0.0001068115234375
panther,lizard,-9.437610626220703,-0.000110626220703125
panther,iguana,-9.375110626220703,-0.000110626220703125
panther,rattlesnake,-9.437612533569336,-0.0001125335693359375
panther,tortoise,-9.187631607055664,-0.0001316070556640625
panther,turtle,-9.06264877319336,-0.000148773193359375
panther,frog,-9.00015640258789,-0.000156402587890625
panther,toad,-8.937667846679688,-0.0001678466796875
panther,budgie,-8.875171661376953,-0.000171661376953125
panther,parakeet,-9.125146865844727,-0.0001468658447265625
panther,buzzard,-9.437614440917969,-0.00011444091796875
panther,falcon,-9.375114440917969,-0.00011444091796875
panther,hawk,-9.437610626220703,-0.000110626220703125
panther,eagle,-9.500102996826172,-0.000102996826171875
panther,owl,-9.312616348266602,-0.0001163482666015625
panther,canary,-9.000154495239258,-0.0001544952392578125
panther,magpie,-9.125141143798828,-0.000141143798828125
panther,raven,-9.062650680541992,-0.0001506805419921875
panther,nightingale,-8.75019645690918,-0.0001964569091796875
panther,robin,-9.062646865844727,-0.0001468658447265625
panther,starling,-8.625221252441406,-0.00022125244140625
panther,sparrow,-8.937665939331055,-0.0001659393310546875
panther,wren,-8.875173568725586,-0.0001735687255859375
panther,chicken,-9.125141143798828,-0.000141143798828125
panther,cockerel,-8.937664031982422,-0.000164031982421875
panther,turkey,-8.75019645690918,-0.0001964569091796875
panther,dove,-9.00015640258789,-0.000156402587890625
panther,pigeon,-9.00015640258789,-0.000156402587890625
panther,partridge,-8.875181198120117,-0.0001811981201171875
panther,peacock,-9.125141143798828,-0.000141143798828125
panther,crane,-9.18763542175293,-0.0001354217529296875
panther,flamingo,-9.250125885009766,-0.000125885009765625
panther,heron,-9.06265640258789,-0.000156402587890625
panther,duck,-9.250123977661133,-0.0001239776611328125
panther,goose,-9.187631607055664,-0.0001316070556640625
panther,pelican,-9.062652587890625,-0.000152587890625
panther,penguin,-9.062650680541992,-0.0001506805419921875
panther,seagull,-9.312620162963867,-0.0001201629638671875
panther,swan,-9.500104904174805,-0.0001049041748046875
panther,hummingbird,-9.06264877319336,-0.000148773193359375
panther,kingfisher,-9.00015640258789,-0.000156402587890625
panther,woodpecker,-8.875171661376953,-0.000171661376953125
panther,emu,-9.250131607055664,-0.0001316070556640625
panther,ostrich,-9.375114440917969,-0.00011444091796875
panther,carp,-8.750190734863281,-0.00019073486328125
panther,goldfish,-8.87516975402832,-0.0001697540283203125
panther,minnow,-8.875177383422852,-0.0001773834228515625
panther,cod,-8.562721252441406,-0.00022125244140625
panther,herring,-8.812685012817383,-0.0001850128173828125
panther,sardine,-8.875171661376953,-0.000171661376953125
panther,salmon,-9.125133514404297,-0.000133514404296875
panther,trout,-8.750186920166016,-0.000186920166015625
panther,eel,-9.062646865844727,-0.0001468658447265625
panther,flounder,-8.562728881835938,-0.0002288818359375
panther,mackerel,-7.563091278076172,-0.000591278076171875
panther,tuna,-8.812681198120117,-0.0001811981201171875
panther,seahorse,-9.062650680541992,-0.0001506805419921875
panther,shark,-9.625091552734375,-9.1552734375e-05
panther,bee,-8.937665939331055,-0.0001659393310546875
panther,hornet,-8.687711715698242,-0.0002117156982421875
panther,wasp,-8.750200271606445,-0.0002002716064453125
panther,ant,-8.56273078918457,-0.0002307891845703125
panther,beetle,-8.187824249267578,-0.000324249267578125
panther,ladybird,-8.125337600708008,-0.0003376007080078125
panther,butterfly,-8.625221252441406,-0.00022125244140625
panther,moth,-6.43925666809082,-0.0017566680908203125
panther,cockroach,-8.687707901000977,-0.0002079010009765625
panther,cricket,-8.56273078918457,-0.0002307891845703125
panther,grasshopper,-8.875173568725586,-0.0001735687255859375
panther,locust,-8.937665939331055,-0.0001659393310546875
panther,dragonfly,-8.81268310546875,-0.00018310546875
panther,flea,-8.81268310546875,-0.00018310546875
panther,housefly,-9.000158309936523,-0.0001583099365234375
panther,mosquito,-8.875175476074219,-0.00017547607421875
panther,stick_insect,-8.750192642211914,-0.0001926422119140625
panther,termite,-9.062646865844727,-0.0001468658447265625
panther,centipede,-8.937671661376953,-0.000171661376953125
panther,millipede,-8.312793731689453,-0.000293731689453125
panther,scorpion,-9.18763542175293,-0.0001354217529296875
panther,spider,-8.875177383422852,-0.0001773834228515625
panther,tarantula,-8.562740325927734,-0.000240325927734375
panther,crab,-8.875175476074219,-0.00017547607421875
panther,crayfish,-8.625215530395508,-0.0002155303955078125
panther,lobster,-8.750194549560547,-0.000194549560546875
panther,prawn,-8.687704086303711,-0.0002040863037109375
panther,shrimp,-8.750194549560547,-0.000194549560546875
panther,slug,-8.81268310546875,-0.00018310546875
panther,snail,-8.875173568725586,-0.0001735687255859375
panther,clam,-8.812685012817383,-0.0001850128173828125
panther,mussel,-8.312789916992188,-0.0002899169921875
panther,scallop,-8.625219345092773,-0.0002193450927734375
panther,oyster,-8.62521743774414,-0.000217437744140625
panther,squid,-9.187629699707031,-0.00012969970703125
panther,octopus,-9.062654495239258,-0.0001544952392578125
panther,worm,-9.250123977661133,-0.0001239776611328125
panther,jellyfish,-9.375116348266602,-0.0001163482666015625
tiger,animal,-5.14984130859375e-05,-11.812551498413086
tiger,vertebrate,-4.76837158203125e-05,-11.43754768371582
tiger,invertebrate,-9.937568664550781,-6.866455078125e-05
tiger,mammal,-3.24249267578125e-05,-11.937532424926758
tiger,bird,-9.937564849853516,-6.4849853515625e-05
tiger,reptile,-10.31254768371582,-4.76837158203125e-05
tiger,amphibian,-10.250051498413086,-5.14984130859375e-05
tiger,fish,-10.062557220458984,-5.7220458984375e-05
tiger,arthropod,-10.250057220458984,-5.7220458984375e-05
tiger,insect,-10.000064849853516,-6.4849853515625e-05
tiger,bird of prey,-10.000064849853516,-6.4849853515625e-05
tiger,aquatic bird,-9.687585830688477,-8.58306884765625e-05
tiger,canine,-9.75007438659668,-7.43865966796875e-05
tiger,feline,-3.814697265625e-05,-12.000038146972656
tiger,primate,-10.125057220458984,-5.7220458984375e-05
tiger,aquatic mammal,-9.687585830688477,-8.58306884765625e-05
tiger,rodent,-9.875068664550781,-6.866455078125e-05
tiger,bat,-9.62508773803711,-8.7738037109375e-05
tiger,bear,-10.062559127807617,-5.91278076171875e-05
tiger,cat,-4.76837158203125e-05,-11.62504768371582
tiger,cheetah,-9.937566757202148,-6.67572021484375e-05
tiger,leopard,-8.562721252441406,-0.00022125244140625
tiger,lion,-10.187553405761719,-5.340576171875e-05
tiger,panther,-2.580585479736328,-0.08058547973632812
tiger,tiger,-0.0001888275146484375,-9.250188827514648
tiger,dog,-10.062559127807617,-5.91278076171875e-05
tiger,fox,-9.875066757202148,-6.67572021484375e-05
tiger,hyena,-10.06256103515625,-6.103515625e-05
tiger,wolf,-10.062559127807617,-5.91278076171875e-05
tiger,raccoon,-9.37510871887207,-0.0001087188720703125
tiger,skunk,-9.500097274780273,-9.72747802734375e-05
tiger,otter,-9.50009536743164,-9.5367431640625e-05
tiger,beaver,-9.562589645385742,-8.96453857421875e-05
tiger,chipmunk,-9.500093460083008,-9.34600830078125e-05
tiger,squirrel,-9.50009536743164,-9.5367431640625e-05
tiger,gerbil,-9.437599182128906,-9.918212890625e-05
tiger,guinea_pig,-9.562591552734375,-9.1552734375e-05
tiger,hamster,-9.562585830688477,-8.58306884765625e-05
tiger,mouse,-9.43759536743164,-9.5367431640625e-05
tiger,porcupine,-9.62508773803711,-8.7738037109375e-05
tiger,rat,-9.437597274780273,-9.72747802734375e-05
tiger,buffalo,-9.687583923339844,-8.392333984375e-05
tiger,cow,-9.875068664550781,-6.866455078125e-05
tiger,ox,-9.625083923339844,-8.392333984375e-05
tiger,goat,-9.687582015991211,-8.20159912109375e-05
tiger,sheep,-9.875068664550781,-6.866455078125e-05
tiger,deer,-9.250116348266602,-0.0001163482666015625
tiger,moose,-9.62508773803711,-8.7738037109375e-05
tiger,giraffe,-9.750076293945312,-7.62939453125e-05
tiger,camel,-9.750076293945312,-7.62939453125e-05
tiger,hippo,-9.562593460083008,-9.34600830078125e-05
tiger,llama,-9.562589645385742,-8.96453857421875e-05
tiger,pig,-9.750076293945312,-7.62939453125e-05
tiger,donkey,-9.750078201293945,-7.82012939453125e-05
tiger,horse,-10.062559127807617,-5.91278076171875e-05
tiger,pony,-9.687582015991211,-8.20159912109375e-05
tiger,zebra,-10.062559127807617,-5.91278076171875e-05
tiger,rhino,-9.875070571899414,-7.05718994140625e-05
tiger,gorilla,-9.625085830688477,-8.58306884765625e-05
tiger,monkey,-10.000062942504883,-6.29425048828125e-05
tiger,hedgehog,-9.562591552734375,-9.1552734375e-05
tiger,rabbit,-9.875066757202148,-6.67572021484375e-05
tiger,seal,-9.750076293945312,-7.62939453125e-05
tiger,walrus,-9.562591552734375,-9.1552734375e-05
tiger,dolphin,-9.812572479248047,-7.2479248046875e-05
tiger,whale,-9.875070571899414,-7.05718994140625e-05
tiger,elephant,-10.062559127807617,-5.91278076171875e-05
tiger,kangaroo,-9.812572479248047,-7.2479248046875e-05
tiger,platypus,-9.750076293945312,-7.62939453125e-05
tiger,crocodile,-10.062559127807617,-5.91278076171875e-05
tiger,alligator,-10.125059127807617,-5.91278076171875e-05
tiger,lizard,-10.125055313110352,-5.53131103515625e-05
tiger,iguana,-9.812572479248047,-7.2479248046875e-05
tiger,rattlesnake,-9.937568664550781,-6.866455078125e-05
tiger,tortoise,-9.875068664550781,-6.866455078125e-05
tiger,turtle,-9.750076293945312,-7.62939453125e-05
tiger,frog,-9.937566757202148,-6.67572021484375e-05
tiger,toad,-9.625085830688477,-8.58306884765625e-05
tiger,budgie,-9.437599182128906,-9.918212890625e-05
tiger,parakeet,-9.625091552734375,-9.1552734375e-05
tiger,buzzard,-9.87507438659668,-7.43865966796875e-05
tiger,falcon,-9.812572479248047,-7.2479248046875e-05
tiger,hawk,-9.937568664550781,-6.866455078125e-05
tiger,eagle,-9.937568664550781,-6.866455078125e-05
tiger,owl,-9.875068664550781,-6.866455078125e-05
tiger,canary,-9.437599182128906,-9.918212890625e-05
tiger,magpie,-9.562589645385742,-8.96453857421875e-05
tiger,raven,-9.500097274780273,-9.72747802734375e-05
tiger,nightingale,-9.375104904174805,-0.0001049041748046875
tiger,robin,-9.500093460083008,-9.34600830078125e-05
tiger,starling,-9.437601089477539,-0.0001010894775390625
tiger,sparrow,-9.500093460083008,-9.34600830078125e-05
tiger,wren,-9.312610626220703,-0.000110626220703125
tiger,chicken,-9.625083923339844,-8.392333984375e-05
tiger,cockerel,-9.500097274780273,-9.72747802734375e-05
tiger,turkey,-9.312610626220703,-0.000110626220703125
tiger,dove,-9.562589645385742,-8.96453857421875e-05
tiger,pigeon,-9.625082015991211,-8.20159912109375e-05
tiger,partridge,-9.500097274780273,-9.72747802734375e-05
tiger,peacock,-9.37510871887207,-0.0001087188720703125
tiger,crane,-9.625083923339844,-8.392333984375e-05
tiger,flamingo,-9.687580108642578,-8.0108642578125e-05
tiger,heron,-9.687583923339844,-8.392333984375e-05
tiger,duck,-9.812572479248047,-7.2479248046875e-05
tiger,goose,-9.687580108642578,-8.0108642578125e-05
tiger,pelican,-9.500097274780273,-9.72747802734375e-05
tiger,penguin,-9.625085830688477,-8.58306884765625e-05
tiger,seagull,-9.62508773803711,-8.7738037109375e-05
tiger,swan,-9.62508773803711,-8.7738037109375e-05
tiger,hummingbird,-9.625085830688477,-8.58306884765625e-05
tiger,kingfisher,-9.437601089477539,-0.0001010894775390625
tiger,woodpecker,-9.50009536743164,-9.5367431640625e-05
tiger,emu,-9.562591552734375,-9.1552734375e-05
tiger,ostrich,-9.812572479248047,-7.2479248046875e-05
tiger,carp,-9.375104904174805,-0.0001049041748046875
tiger,goldfish,-9.500093460083008,-9.34600830078125e-05
tiger,minnow,-9.37510871887207,-0.0001087188720703125
tiger,cod,-9.312606811523438,-0.0001068115234375
tiger,herring,-9.437599182128906,-9.918212890625e-05
tiger,sardine,-9.437599182128906,-9.918212890625e-05
tiger,salmon,-9.500091552734375,-9.1552734375e-05
tiger,trout,-9.437597274780273,-9.72747802734375e-05
tiger,eel,-9.750076293945312,-7.62939453125e-05
tiger,flounder,-9.375106811523438,-0.0001068115234375
tiger,mackerel,-8.937658309936523,-0.0001583099365234375
tiger,tuna,-9.437599182128906,-9.918212890625e-05
tiger,seahorse,-9.62508773803711,-8.7738037109375e-05
tiger,shark,-10.000064849853516,-6.4849853515625e-05
tiger,bee,-9.812570571899414,-7.05718994140625e-05
tiger,hornet,-9.625089645385742,-8.96453857421875e-05
tiger,wasp,-9.687583923339844,-8.392333984375e-05
tiger,ant,-9.437599182128906,-9.918212890625e-05
tiger,beetle,-10.062559127807617,-5.91278076171875e-05
tiger,ladybird,-9.375104904174805,-0.0001049041748046875
tiger,butterfly,-9.687583923339844,-8.392333984375e-05
tiger,moth,-8.87516975402832,-0.0001697540283203125
tiger,cockroach,-9.562591552734375,-9.1552734375e-05
tiger,cricket,-9.56258773803711,-8.7738037109375e-05
tiger,grasshopper,-9.812572479248047,-7.2479248046875e-05
tiger,locust,-9.687582015991211,-8.20159912109375e-05
tiger,dragonfly,-9.62508773803711,-8.7738037109375e-05
tiger,flea,-9.562589645385742,-8.96453857421875e-05
tiger,housefly,-9.750076293945312,-7.62939453125e-05
tiger,mosquito,-9.500097274780273,-9.72747802734375e-05
tiger,stick_insect,-9.437601089477539,-0.0001010894775390625
tiger,termite,-9.75007438659668,-7.43865966796875e-05
tiger,centipede,-9.625089645385742,-8.96453857421875e-05
tiger,millipede,-9.500099182128906,-9.918212890625e-05
tiger,scorpion,-9.937568664550781,-6.866455078125e-05
tiger,spider,-9.875072479248047,-7.2479248046875e-05
tiger,tarantula,-9.437602996826172,-0.000102996826171875
tiger,crab,-9.687580108642578,-8.0108642578125e-05
tiger,crayfish,-9.437601089477539,-0.0001010894775390625
tiger,lobster,-9.437599182128906,-9.918212890625e-05
tiger,prawn,-9.312612533569336,-0.0001125335693359375
tiger,shrimp,-9.375106811523438,-0.0001068115234375
tiger,slug,-9.625085830688477,-8.58306884765625e-05
tiger,snail,-9.625085830688477,-8.58306884765625e-05
tiger,clam,-9.375106811523438,-0.0001068115234375
tiger,mussel,-9.250118255615234,-0.000118255615234375
tiger,scallop,-9.437601089477539,-0.0001010894775390625
tiger,oyster,-9.250116348266602,-0.0001163482666015625
tiger,squid,-9.687580108642578,-8.0108642578125e-05
tiger,octopus,-9.625085830688477,-8.58306884765625e-05
tiger,worm,-9.750076293945312,-7.62939453125e-05
tiger,jellyfish,-9.937568664550781,-6.866455078125e-05
dog,animal,-4.1961669921875e-05,-12.000041961669922
dog,vertebrate,-4.57763671875e-05,-11.500045776367188
dog,invertebrate,-9.937568664550781,-6.866455078125e-05
dog,mammal,-2.86102294921875e-05,-12.500028610229492
dog,bird,-9.875068664550781,-6.866455078125e-05
dog,reptile,-10.187553405761719,-5.340576171875e-05
dog,amphibian,-10.000064849853516,-6.4849853515625e-05
dog,fish,-10.062555313110352,-5.53131103515625e-05
dog,arthropod,-10.000068664550781,-6.866455078125e-05
dog,insect,-10.125059127807617,-5.91278076171875e-05
dog,bird of prey,-9.750083923339844,-8.392333984375e-05
dog,aquatic bird,-9.43760871887207,-0.0001087188720703125
dog,canine,-4.9591064453125e-05,-12.000049591064453
dog,feline,-10.125053405761719,-5.340576171875e-05
dog,primate,-9.875068664550781,-6.866455078125e-05
dog,aquatic mammal,-8.562732696533203,-0.000232696533203125
dog,rodent,-9.75007438659668,-7.43865966796875e-05
dog,bat,-9.37510871887207,-0.0001087188720703125
dog,bear,-9.000144958496094,-0.00014495849609375
dog,cat,-10.312543869018555,-4.38690185546875e-05
dog,cheetah,-9.500093460083008,-9.34600830078125e-05
dog,leopard,-9.437599182128906,-9.918212890625e-05
dog,lion,-9.06263542175293,-0.0001354217529296875
dog,panther,-9.312612533569336,-0.0001125335693359375
dog,tiger,-9.562589645385742,-8.96453857421875e-05
dog,dog,-0.0001430511474609375,-9.750143051147461
dog,fox,-7.812938690185547,-0.000438690185546875
dog,hyena,-9.625085830688477,-8.58306884765625e-05
dog,wolf,-0.00254058837890625,-6.190040588378906
dog,raccoon,-9.562589645385742,-8.96453857421875e-05
dog,skunk,-9.312612533569336,-0.0001125335693359375
dog,otter,-9.125131607055664,-0.0001316070556640625
dog,beaver,-9.312610626220703,-0.000110626220703125
dog,chipmunk,-9.312612533569336,-0.0001125335693359375
dog,squirrel,-9.375102996826172,-0.000102996826171875
dog,gerbil,-9.437597274780273,-9.72747802734375e-05
dog,guinea_pig,-9.562591552734375,-9.1552734375e-05
dog,hamster,-9.562585830688477,-8.58306884765625e-05
dog,mouse,-9.500089645385742,-8.96453857421875e-05
dog,porcupine,-9.125137329101562,-0.0001373291015625
dog,rat,-8.750179290771484,-0.000179290771484375
dog,buffalo,-9.187627792358398,-0.0001277923583984375
dog,cow,-9.625082015991211,-8.20159912109375e-05
dog,ox,-9.312610626220703,-0.000110626220703125
dog,goat,-9.50009536743164,-9.5367431640625e-05
dog,sheep,-9.625082015991211,-8.20159912109375e-05
dog,deer,-9.437599182128906,-9.918212890625e-05
dog,moose,-9.562591552734375,-9.1552734375e-05
dog,giraffe,-9.375106811523438,-0.0001068115234375
dog,camel,-9.437599182128906,-9.918212890625e-05
dog,hippo,-9.250118255615234,-0.000118255615234375
dog,llama,-9.312610626220703,-0.000110626220703125
dog,pig,-9.437597274780273,-9.72747802734375e-05
dog,donkey,-9.687582015991211,-8.20159912109375e-05
dog,horse,-10.062557220458984,-5.7220458984375e-05
dog,pony,-9.437599182128906,-9.918212890625e-05
dog,zebra,-9.625085830688477,-8.58306884765625e-05
dog,rhino,-9.37510871887207,-0.0001087188720703125
dog,gorilla,-9.312610626220703,-0.000110626220703125
dog,monkey,-9.750078201293945,-7.82012939453125e-05
dog,hedgehog,-9.437602996826172,-0.000102996826171875
dog,rabbit,-9.937562942504883,-6.29425048828125e-05
dog,seal,-9.187623977661133,-0.0001239776611328125
dog,walrus,-9.250118255615234,-0.000118255615234375
dog,dolphin,-9.375106811523438,-0.0001068115234375
dog,whale,-9.000144958496094,-0.00014495849609375
dog,elephant,-9.500093460083008,-9.34600830078125e-05
dog,kangaroo,-9.50009536743164,-9.5367431640625e-05
dog,platypus,-9.500097274780273,-9.72747802734375e-05
dog,crocodile,-9.437599182128906,-9.918212890625e-05
dog,alligator,-9.625085830688477,-8.58306884765625e-05
dog,lizard,-9.937564849853516,-6.4849853515625e-05
dog,iguana,-9.62508773803711,-8.7738037109375e-05
dog,rattlesnake,-9.562593460083008,-9.34600830078125e-05
dog,tortoise,-9.687580108642578,-8.0108642578125e-05
dog,turtle,-9.562589645385742,-8.96453857421875e-05
dog,frog,-9.937566757202148,-6.67572021484375e-05
dog,toad,-9.500097274780273,-9.72747802734375e-05
dog,budgie,-9.375106811523438,-0.0001068115234375
dog,parakeet,-9.687585830688477,-8.58306884765625e-05
dog,buzzard,-9.625089645385742,-8.96453857421875e-05
dog,falcon,-9.500097274780273,-9.72747802734375e-05
dog,hawk,-9.62508773803711,-8.7738037109375e-05
dog,eagle,-9.500097274780273,-9.72747802734375e-05
dog,owl,-9.562591552734375,-9.1552734375e-05
dog,canary,-9.500093460083008,-9.34600830078125e-05
dog,magpie,-9.312612533569336,-0.0001125335693359375
dog,raven,-9.250120162963867,-0.0001201629638671875
dog,nightingale,-9.125133514404297,-0.000133514404296875
dog,robin,-9.187625885009766,-0.000125885009765625
dog,starling,-9.187627792358398,-0.0001277923583984375
dog,sparrow,-9.50009536743164,-9.5367431640625e-05
dog,wren,-9.062641143798828,-0.000141143798828125
dog,chicken,-9.625083923339844,-8.392333984375e-05
dog,cockerel,-9.312614440917969,-0.00011444091796875
dog,turkey,-9.187627792358398,-0.0001277923583984375
dog,dove,-9.375106811523438,-0.0001068115234375
dog,pigeon,-9.562589645385742,-8.96453857421875e-05
dog,partridge,-9.187627792358398,-0.0001277923583984375
dog,peacock,-9.312614440917969,-0.00011444091796875
dog,crane,-9.2501220703125,-0.0001220703125
dog,flamingo,-9.187623977661133,-0.0001239776611328125
dog,heron,-9.312618255615234,-0.000118255615234375
dog,duck,-9.750076293945312,-7.62939453125e-05
dog,goose,-9.500097274780273,-9.72747802734375e-05
dog,pelican,-9.312614440917969,-0.00011444091796875
dog,penguin,-9.312612533569336,-0.0001125335693359375
dog,seagull,-9.437602996826172,-0.000102996826171875
dog,swan,-9.437602996826172,-0.000102996826171875
dog,hummingbird,-9.37510871887207,-0.0001087188720703125
dog,kingfisher,-9.187629699707031,-0.00012969970703125
dog,woodpecker,-9.187623977661133,-0.0001239776611328125
dog,emu,-9.437604904174805,-0.0001049041748046875
dog,ostrich,-9.50009536743164,-9.5367431640625e-05
dog,carp,-9.375104904174805,-0.0001049041748046875
dog,goldfish,-9.500093460083008,-9.34600830078125e-05
dog,minnow,-9.312614440917969,-0.00011444091796875
dog,cod,-8.937654495239258,-0.0001544952392578125
dog,herring,-9.250116348266602,-0.0001163482666015625
dog,sardine,-9.437601089477539,-0.0001010894775390625
dog,salmon,-9.250116348266602,-0.0001163482666015625
dog,trout,-9.250116348266602,-0.0001163482666015625
dog,eel,-9.625083923339844,-8.392333984375e-05
dog,flounder,-9.125133514404297,-0.000133514404296875
dog,mackerel,-9.062641143798828,-0.000141143798828125
dog,tuna,-9.437599182128906,-9.918212890625e-05
dog,seahorse,-9.37510871887207,-0.0001087188720703125
dog,shark,-9.437601089477539,-0.0001010894775390625
dog,bee,-9.625085830688477,-8.58306884765625e-05
dog,hornet,-9.500101089477539,-0.0001010894775390625
dog,wasp,-9.750080108642578,-8.0108642578125e-05
dog,ant,-9.375106811523438,-0.0001068115234375
dog,beetle,-9.750076293945312,-7.62939453125e-05
dog,ladybird,-9.37510871887207,-0.0001087188720703125
dog,butterfly,-9.687583923339844,-8.392333984375e-05
dog,moth,-9.437602996826172,-0.000102996826171875
dog,cockroach,-9.500097274780273,-9.72747802734375e-05
dog,cricket,-9.37510871887207,-0.0001087188720703125
dog,grasshopper,-9.687583923339844,-8.392333984375e-05
dog,locust,-9.500099182128906,-9.918212890625e-05
dog,dragonfly,-9.625089645385742,-8.96453857421875e-05
dog,flea,-9.250120162963867,-0.0001201629638671875
dog,housefly,-9.687583923339844,-8.392333984375e-05
dog,mosquito,-9.437604904174805,-0.0001049041748046875
dog,stick_insect,-9.375106811523438,-0.0001068115234375
dog,termite,-9.437601089477539,-0.0001010894775390625
dog,centipede,-9.500102996826172,-0.000102996826171875
dog,millipede,-9.312614440917969,-0.00011444091796875
dog,scorpion,-9.62508773803711,-8.7738037109375e-05
dog,spider,-9.62508773803711,-8.7738037109375e-05
dog,tarantula,-9.500099182128906,-9.918212890625e-05
dog,crab,-9.312610626220703,-0.000110626220703125
dog,crayfish,-9.2501220703125,-0.0001220703125
dog,lobster,-8.937652587890625,-0.000152587890625
dog,prawn,-9.125131607055664,-0.0001316070556640625
dog,shrimp,-9.250116348266602,-0.0001163482666015625
dog,slug,-9.50009536743164,-9.5367431640625e-05
dog,snail,-9.437599182128906,-9.918212890625e-05
dog,clam,-9.250120162963867,-0.0001201629638671875
dog,mussel,-9.187625885009766,-0.000125885009765625
dog,scallop,-9.187627792358398,-0.0001277923583984375
dog,oyster,-9.00014877319336,-0.000148773193359375
dog,squid,-9.687578201293945,-7.82012939453125e-05
dog,octopus,-9.562589645385742,-8.96453857421875e-05
dog,worm,-9.625083923339844,-8.392333984375e-05
dog,jellyfish,-9.625085830688477,-8.58306884765625e-05
fox,animal,-4.9591064453125e-05,-11.750049591064453
fox,vertebrate,-5.14984130859375e-05,-11.250051498413086
fox,invertebrate,-10.000066757202148,-6.67572021484375e-05
fox,mammal,-3.4332275390625e-05,-11.93753433227539
fox,bird,-10.187553405761719,-5.340576171875e-05
fox,reptile,-10.312549591064453,-4.9591064453125e-05
fox,amphibian,-10.312549591064453,-4.9591064453125e-05
fox,fish,-10.062559127807617,-5.91278076171875e-05
fox,arthropod,-10.125064849853516,-6.4849853515625e-05
fox,insect,-10.125059127807617,-5.91278076171875e-05
fox,bird of prey,-10.125059127807617,-5.91278076171875e-05
fox,aquatic bird,-9.875078201293945,-7.82012939453125e-05
fox,canine,-4.1961669921875e-05,-11.687541961669922
fox,feline,-9.937562942504883,-6.29425048828125e-05
fox,primate,-10.187555313110352,-5.53131103515625e-05
fox,aquatic mammal,-9.875076293945312,-7.62939453125e-05
fox,rodent,-10.187553405761719,-5.340576171875e-05
fox,bat,-9.937568664550781,-6.866455078125e-05
fox,bear,-10.125055313110352,-5.53131103515625e-05
fox,cat,-9.375104904174805,-0.0001049041748046875
fox,cheetah,-9.875070571899414,-7.05718994140625e-05
fox,leopard,-10.00006103515625,-6.103515625e-05
fox,lion,-9.937564849853516,-6.4849853515625e-05
fox,panther,-9.875070571899414,-7.05718994140625e-05
fox,tiger,-10.000062942504883,-6.29425048828125e-05
fox,dog,-6.439199447631836,-0.0016994476318359375
fox,fox,-0.000171661376953125,-9.500171661376953
fox,hyena,-10.062562942504883,-6.29425048828125e-05
fox,wolf,-8.812673568725586,-0.0001735687255859375
fox,raccoon,-9.937568664550781,-6.866455078125e-05
fox,skunk,-9.937568664550781,-6.866455078125e-05
fox,otter,-9.937566757202148,-6.67572021484375e-05
fox,beaver,-9.875068664550781,-6.866455078125e-05
fox,chipmunk,-9.750078201293945,-7.82012939453125e-05
fox,squirrel,-9.750076293945312,-7.62939453125e-05
fox,gerbil,-9.562589645385742,-8.96453857421875e-05
fox,guinea_pig,-9.750078201293945,-7.82012939453125e-05
fox,hamster,-9.75007438659668,-7.43865966796875e-05
fox,mouse,-9.625082015991211,-8.20159912109375e-05
fox,porcupine,-9.750082015991211,-8.20159912109375e-05
fox,rat,-9.625083923339844,-8.392333984375e-05
fox,buffalo,-9.937568664550781,-6.866455078125e-05
fox,cow,-10.000062942504883,-6.29425048828125e-05
fox,ox,-9.750080108642578,-8.0108642578125e-05
fox,goat,-9.812576293945312,-7.62939453125e-05
fox,sheep,-10.000062942504883,-6.29425048828125e-05
fox,deer,-10.125055313110352,-5.53131103515625e-05
fox,moose,-9.875070571899414,-7.05718994140625e-05
fox,giraffe,-9.625085830688477,-8.58306884765625e-05
fox,camel,-9.750078201293945,-7.82012939453125e-05
fox,hippo,-9.562593460083008,-9.34600830078125e-05
fox,llama,-9.625085830688477,-8.58306884765625e-05
fox,pig,-9.875070571899414,-7.05718994140625e-05
fox,donkey,-9.875072479248047,-7.2479248046875e-05
fox,horse,-10.000062942504883,-6.29425048828125e-05
fox,pony,-9.750076293945312,-7.62939453125e-05
fox,zebra,-9.937568664550781,-6.866455078125e-05
fox,rhino,-9.875072479248047,-7.2479248046875e-05
fox,gorilla,-9.625085830688477,-8.58306884765625e-05
fox,monkey,-10.187555313110352,-5.53131103515625e-05
fox,hedgehog,-9.875070571899414,-7.05718994140625e-05
fox,rabbit,-10.062559127807617,-5.91278076171875e-05
fox,seal,-9.937566757202148,-6.67572021484375e-05
fox,walrus,-9.62508773803711,-8.7738037109375e-05
fox,dolphin,-9.937568664550781,-6.866455078125e-05
fox,whale,-10.000064849853516,-6.4849853515625e-05
fox,elephant,-9.750076293945312,-7.62939453125e-05
fox,kangaroo,-9.937566757202148,-6.67572021484375e-05
fox,platypus,-9.875072479248047,-7.2479248046875e-05
fox,crocodile,-9.937566757202148,-6.67572021484375e-05
fox,alligator,-10.000062942504883,-6.29425048828125e-05
fox,lizard,-10.250051498413086,-5.14984130859375e-05
fox,iguana,-9.937566757202148,-6.67572021484375e-05
fox,rattlesnake,-10.000066757202148,-6.67572021484375e-05
fox,tortoise,-9.875070571899414,-7.05718994140625e-05
fox,turtle,-9.875072479248047,-7.2479248046875e-05
fox,frog,-10.06256103515625,-6.103515625e-05
fox,toad,-9.875072479248047,-7.2479248046875e-05
fox,budgie,-9.50009536743164,-9.5367431640625e-05
fox,parakeet,-9.937570571899414,-7.05718994140625e-05
fox,buzzard,-10.062562942504883,-6.29425048828125e-05
fox,falcon,-9.937568664550781,-6.866455078125e-05
fox,hawk,-10.187555313110352,-5.53131103515625e-05
fox,eagle,-10.06256103515625,-6.103515625e-05
fox,owl,-10.125057220458984,-5.7220458984375e-05
fox,canary,-9.750076293945312,-7.62939453125e-05
fox,magpie,-9.937566757202148,-6.67572021484375e-05
fox,raven,-9.81257438659668,-7.43865966796875e-05
fox,nightingale,-9.375104904174805,-0.0001049041748046875
fox,robin,-9.625085830688477,-8.58306884765625e-05
fox,starling,-9.56259536743164,-9.5367431640625e-05
fox,sparrow,-9.812576293945312,-7.62939453125e-05
fox,wren,-9.750076293945312,-7.62939453125e-05
fox,chicken,-9.81257438659668,-7.43865966796875e-05
fox,cockerel,-9.500097274780273,-9.72747802734375e-05
fox,turkey,-9.500097274780273,-9.72747802734375e-05
fox,dove,-9.875068664550781,-6.866455078125e-05
fox,pigeon,-9.875068664550781,-6.866455078125e-05
fox,partridge,-9.81257438659668,-7.43865966796875e-05
fox,peacock,-9.500099182128906,-9.918212890625e-05
fox,crane,-9.875070571899414,-7.05718994140625e-05
fox,flamingo,-9.50009536743164,-9.5367431640625e-05
fox,heron,-9.812578201293945,-7.82012939453125e-05
fox,duck,-10.000062942504883,-6.29425048828125e-05
fox,goose,-9.81257438659668,-7.43865966796875e-05
fox,pelican,-9.562593460083008,-9.34600830078125e-05
fox,penguin,-9.687583923339844,-8.392333984375e-05
fox,seagull,-9.937566757202148,-6.67572021484375e-05
fox,swan,-9.812576293945312,-7.62939453125e-05
fox,hummingbird,-9.750078201293945,-7.82012939453125e-05
fox,kingfisher,-9.687580108642578,-8.0108642578125e-05
fox,woodpecker,-9.937564849853516,-6.4849853515625e-05
fox,emu,-9.750082015991211,-8.20159912109375e-05
fox,ostrich,-9.62508773803711,-8.7738037109375e-05
fox,carp,-9.687582015991211,-8.20159912109375e-05
fox,goldfish,-9.50009536743164,-9.5367431640625e-05
fox,minnow,-9.687583923339844,-8.392333984375e-05
fox,cod,-9.1876220703125,-0.0001220703125
fox,herring,-9.562593460083008,-9.34600830078125e-05
fox,sardine,-9.812572479248047,-7.2479248046875e-05
fox,salmon,-9.562591552734375,-9.1552734375e-05
fox,trout,-9.625083923339844,-8.392333984375e-05
fox,eel,-10.000064849853516,-6.4849853515625e-05
fox,flounder,-9.37510871887207,-0.0001087188720703125
fox,mackerel,-9.125137329101562,-0.0001373291015625
fox,tuna,-9.625085830688477,-8.58306884765625e-05
fox,seahorse,-9.62508773803711,-8.7738037109375e-05
fox,shark,-10.000064849853516,-6.4849853515625e-05
fox,bee,-9.875070571899414,-7.05718994140625e-05
fox,hornet,-9.812578201293945,-7.82012939453125e-05
fox,wasp,-9.875072479248047,-7.2479248046875e-05
fox,ant,-9.625089645385742,-8.96453857421875e-05
fox,beetle,-10.187553405761719,-5.340576171875e-05
fox,ladybird,-9.437602996826172,-0.000102996826171875
fox,butterfly,-9.875072479248047,-7.2479248046875e-05
fox,moth,-9.625089645385742,-8.96453857421875e-05
fox,cockroach,-9.687583923339844,-8.392333984375e-05
fox,cricket,-9.81257438659668,-7.43865966796875e-05
fox,grasshopper,-9.875070571899414,-7.05718994140625e-05
fox,locust,-9.812576293945312,-7.62939453125e-05
fox,dragonfly,-9.875070571899414,-7.05718994140625e-05
fox,flea,-9.750080108642578,-8.0108642578125e-05
fox,housefly,-9.937568664550781,-6.866455078125e-05
fox,mosquito,-9.687583923339844,-8.392333984375e-05
fox,stick_insect,-9.625083923339844,-8.392333984375e-05
fox,termite,-9.687583923339844,-8.392333984375e-05
fox,centipede,-9.812578201293945,-7.82012939453125e-05
fox,millipede,-9.56259536743164,-9.5367431640625e-05
fox,scorpion,-9.937568664550781,-6.866455078125e-05
fox,spider,-9.875072479248047,-7.2479248046875e-05
fox,tarantula,-9.625091552734375,-9.1552734375e-05
fox,crab,-9.812576293945312,-7.62939453125e-05
fox,crayfish,-9.625089645385742,-8.96453857421875e-05
fox,lobster,-9.50009536743164,-9.5367431640625e-05
fox,prawn,-9.687582015991211,-8.20159912109375e-05
fox,shrimp,-9.62508773803711,-8.7738037109375e-05
fox,slug,-9.81257438659668,-7.43865966796875e-05
fox,snail,-9.875068664550781,-6.866455078125e-05
fox,clam,-9.500099182128906,-9.918212890625e-05
fox,mussel,-9.500099182128906,-9.918212890625e-05
fox,scallop,-9.62508773803711,-8.7738037109375e-05
fox,oyster,-9.37510871887207,-0.0001087188720703125
fox,squid,-9.937566757202148,-6.67572021484375e-05
fox,octopus,-9.750080108642578,-8.0108642578125e-05
fox,worm,-10.000062942504883,-6.29425048828125e-05
fox,jellyfish,-9.87507438659668,-7.43865966796875e-05
hyena,animal,-6.103515625e-05,-11.37506103515625
hyena,vertebrate,-6.29425048828125e-05,-10.812562942504883
hyena,invertebrate,-10.125062942504883,-6.29425048828125e-05
hyena,mammal,-4.38690185546875e-05,-11.375043869018555
hyena,bird,-10.000064849853516,-6.4849853515625e-05
hyena,reptile,-10.250053405761719,-5.340576171875e-05
hyena,amphibian,-10.125059127807617,-5.91278076171875e-05
hyena,fish,-10.062559127807617,-5.91278076171875e-05
hyena,arthropod,-10.000076293945312,-7.62939453125e-05
hyena,insect,-10.12506103515625,-6.103515625e-05
hyena,bird of prey,-10.312551498413086,-5.14984130859375e-05
hyena,aquatic bird,-9.875080108642578,-8.0108642578125e-05
hyena,canine,-0.0056056976318359375,-5.318105697631836
hyena,feline,-9.31260871887207,-0.0001087188720703125
hyena,primate,-10.06256103515625,-6.103515625e-05
hyena,aquatic mammal,-9.562591552734375,-9.1552734375e-05
hyena,rodent,-8.875165939331055,-0.0001659393310546875
hyena,bat,-9.81257438659668,-7.43865966796875e-05
hyena,bear,-10.125055313110352,-5.53131103515625e-05
hyena,cat,-9.31260871887207,-0.0001087188720703125
hyena,cheetah,-10.125057220458984,-5.7220458984375e-05
hyena,leopard,-10.125055313110352,-5.53131103515625e-05
hyena,lion,-10.062557220458984,-5.7220458984375e-05
hyena,panther,-9.875072479248047,-7.2479248046875e-05
hyena,tiger,-10.187555313110352,-5.53131103515625e-05
hyena,dog,-7.188312530517578,-0.000812530517578125
hyena,fox,-9.937564849853516,-6.4849853515625e-05
hyena,hyena,-0.0003032684326171875,-8.875303268432617
hyena,wolf,-10.125053405761719,-5.340576171875e-05
hyena,raccoon,-9.625089645385742,-8.96453857421875e-05
hyena,skunk,-9.562591552734375,-9.1552734375e-05
hyena,otter,-9.687582015991211,-8.20159912109375e-05
hyena,beaver,-9.750078201293945,-7.82012939453125e-05
hyena,chipmunk,-9.687582015991211,-8.20159912109375e-05
hyena,squirrel,-9.687582015991211,-8.20159912109375e-05
hyena,gerbil,-9.437601089477539,-0.0001010894775390625
hyena,guinea_pig,-9.625089645385742,-8.96453857421875e-05
hyena,hamster,-9.562589645385742,-8.96453857421875e-05
hyena,mouse,-9.31260871887207,-0.0001087188720703125
hyena,porcupine,-9.625089645385742,-8.96453857421875e-05
hyena,rat,-9.125131607055664,-0.0001316070556640625
hyena,buffalo,-9.687583923339844,-8.392333984375e-05
hyena,cow,-9.812572479248047,-7.2479248046875e-05
hyena,ox,-9.687582015991211,-8.20159912109375e-05
hyena,goat,-9.687582015991211,-8.20159912109375e-05
hyena,sheep,-10.000062942504883,-6.29425048828125e-05
hyena,deer,-10.06256103515625,-6.103515625e-05
hyena,moose,-9.812578201293945,-7.82012939453125e-05
hyena,giraffe,-9.750080108642578,-8.0108642578125e-05
hyena,camel,-9.750076293945312,-7.62939453125e-05
hyena,hippo,-9.62508773803711,-8.7738037109375e-05
hyena,llama,-9.562589645385742,-8.96453857421875e-05
hyena,pig,-9.687580108642578,-8.0108642578125e-05
hyena,donkey,-9.875070571899414,-7.05718994140625e-05
hyena,horse,-10.125057220458984,-5.7220458984375e-05
hyena,pony,-9.750080108642578,-8.0108642578125e-05
hyena,zebra,-10.000064849853516,-6.4849853515625e-05
hyena,rhino,-9.875070571899414,-7.05718994140625e-05
hyena,gorilla,-9.812572479248047,-7.2479248046875e-05
hyena,monkey,-10.06256103515625,-6.103515625e-05
hyena,hedgehog,-9.750078201293945,-7.82012939453125e-05
hyena,rabbit,-10.062559127807617,-5.91278076171875e-05
hyena,seal,-9.875068664550781,-6.866455078125e-05
hyena,walrus,-9.437606811523438,-0.0001068115234375
hyena,dolphin,-9.750078201293945,-7.82012939453125e-05
hyena,whale,-9.750080108642578,-8.0108642578125e-05
hyena,elephant,-9.750080108642578,-8.0108642578125e-05
hyena,kangaroo,-10.187553405761719,-5.340576171875e-05
hyena,platypus,-9.750080108642578,-8.0108642578125e-05
hyena,crocodile,-10.000064849853516,-6.4849853515625e-05
hyena,alligator,-9.937570571899414,-7.05718994140625e-05
hyena,lizard,-10.06256103515625,-6.103515625e-05
hyena,iguana,-9.812576293945312,-7.62939453125e-05
hyena,rattlesnake,-10.062564849853516,-6.4849853515625e-05
hyena,tortoise,-9.937568664550781,-6.866455078125e-05
hyena,turtle,-9.875070571899414,-7.05718994140625e-05
hyena,frog,-10.06256103515625,-6.103515625e-05
hyena,toad,-9.750080108642578,-8.0108642578125e-05
hyena,budgie,-9.437602996826172,-0.000102996826171875
hyena,parakeet,-9.875076293945312,-7.62939453125e-05
hyena,buzzard,-9.687585830688477,-8.58306884765625e-05
hyena,falcon,-10.000064849853516,-6.4849853515625e-05
hyena,hawk,-10.062562942504883,-6.29425048828125e-05
hyena,eagle,-10.125059127807617,-5.91278076171875e-05
hyena,owl,-9.81257438659668,-7.43865966796875e-05
hyena,canary,-9.437602996826172,-0.000102996826171875
hyena,magpie,-9.562593460083008,-9.34600830078125e-05
hyena,raven,-9.625089645385742,-8.96453857421875e-05
hyena,nightingale,-9.312614440917969,-0.00011444091796875
hyena,robin,-9.562591552734375,-9.1552734375e-05
hyena,starling,-9.062646865844727,-0.0001468658447265625
hyena,sparrow,-9.625089645385742,-8.96453857421875e-05
hyena,wren,-9.37510871887207,-0.0001087188720703125
hyena,chicken,-9.750078201293945,-7.82012939453125e-05
hyena,cockerel,-9.437606811523438,-0.0001068115234375
hyena,turkey,-9.437604904174805,-0.0001049041748046875
hyena,dove,-9.687582015991211,-8.20159912109375e-05
hyena,pigeon,-9.750078201293945,-7.82012939453125e-05
hyena,partridge,-9.625089645385742,-8.96453857421875e-05
hyena,peacock,-9.625093460083008,-9.34600830078125e-05
hyena,crane,-9.937568664550781,-6.866455078125e-05
hyena,flamingo,-9.562591552734375,-9.1552734375e-05
hyena,heron,-10.000066757202148,-6.67572021484375e-05
hyena,duck,-10.000064849853516,-6.4849853515625e-05
hyena,goose,-9.750078201293945,-7.82012939453125e-05
hyena,pelican,-9.625089645385742,-8.96453857421875e-05
hyena,penguin,-9.562593460083008,-9.34600830078125e-05
hyena,seagull,-9.750080108642578,-8.0108642578125e-05
hyena,swan,-9.875076293945312,-7.62939453125e-05
hyena,hummingbird,-9.750078201293945,-7.82012939453125e-05
hyena,kingfisher,-9.625085830688477,-8.58306884765625e-05
hyena,woodpecker,-9.750076293945312,-7.62939453125e-05
hyena,emu,-9.625091552734375,-9.1552734375e-05
hyena,ostrich,-9.625085830688477,-8.58306884765625e-05
hyena,carp,-9.312616348266602,-0.0001163482666015625
hyena,goldfish,-9.562593460083008,-9.34600830078125e-05
hyena,minnow,-9.62509536743164,-9.5367431640625e-05
hyena,cod,-9.187625885009766,-0.000125885009765625
hyena,herring,-9.437604904174805,-0.0001049041748046875
hyena,sardine,-9.500101089477539,-0.0001010894775390625
hyena,salmon,-9.750080108642578,-8.0108642578125e-05
hyena,trout,-9.625085830688477,-8.58306884765625e-05
hyena,eel,-9.750080108642578,-8.0108642578125e-05
hyena,flounder,-9.437604904174805,-0.0001049041748046875
hyena,mackerel,-9.312620162963867,-0.0001201629638671875
hyena,tuna,-9.687582015991211,-8.20159912109375e-05
hyena,seahorse,-9.625091552734375,-9.1552734375e-05
hyena,shark,-10.000066757202148,-6.67572021484375e-05
hyena,bee,-9.812576293945312,-7.62939453125e-05
hyena,hornet,-9.625093460083008,-9.34600830078125e-05
hyena,wasp,-9.87507438659668,-7.43865966796875e-05
hyena,ant,-9.2501220703125,-0.0001220703125
hyena,beetle,-10.000062942504883,-6.29425048828125e-05
hyena,ladybird,-9.375110626220703,-0.000110626220703125
hyena,butterfly,-9.875072479248047,-7.2479248046875e-05
hyena,moth,-9.500099182128906,-9.918212890625e-05
hyena,cockroach,-9.625089645385742,-8.96453857421875e-05
hyena,cricket,-9.562591552734375,-9.1552734375e-05
hyena,grasshopper,-9.875070571899414,-7.05718994140625e-05
hyena,locust,-9.687583923339844,-8.392333984375e-05
hyena,dragonfly,-9.750080108642578,-8.0108642578125e-05
hyena,flea,-9.562593460083008,-9.34600830078125e-05
hyena,housefly,-9.750080108642578,-8.0108642578125e-05
hyena,mosquito,-9.68758773803711,-8.7738037109375e-05
hyena,stick_insect,-9.62508773803711,-8.7738037109375e-05
hyena,termite,-9.50009536743164,-9.5367431640625e-05
hyena,centipede,-9.812578201293945,-7.82012939453125e-05
hyena,millipede,-9.625093460083008,-9.34600830078125e-05
hyena,scorpion,-9.937570571899414,-7.05718994140625e-05
hyena,spider,-10.000066757202148,-6.67572021484375e-05
hyena,tarantula,-9.625091552734375,-9.1552734375e-05
hyena,crab,-9.750080108642578,-8.0108642578125e-05
hyena,crayfish,-9.562597274780273,-9.72747802734375e-05
hyena,lobster,-9.500097274780273,-9.72747802734375e-05
hyena,prawn,-9.437602996826172,-0.000102996826171875
hyena,shrimp,-9.500101089477539,-0.0001010894775390625
hyena,slug,-9.687583923339844,-8.392333984375e-05
hyena,snail,-9.750080108642578,-8.0108642578125e-05
hyena,clam,-9.375112533569336,-0.0001125335693359375
hyena,mussel,-9.437606811523438,-0.0001068115234375
hyena,scallop,-9.437606811523438,-0.0001068115234375
hyena,oyster,-9.06264877319336,-0.000148773193359375
hyena,squid,-9.875070571899414,-7.05718994140625e-05
hyena,octopus,-9.68758773803711,-8.7738037109375e-05
hyena,worm,-10.06256103515625,-6.103515625e-05
hyena,jellyfish,-9.87507438659668,-7.43865966796875e-05
wolf,animal,-4.9591064453125e-05,-11.687549591064453
wolf,vertebrate,-4.9591064453125e-05,-11.437549591064453
wolf,invertebrate,-9.937568664550781,-6.866455078125e-05
wolf,mammal,-3.0517578125e-05,-12.187530517578125
wolf,bird,-9.875068664550781,-6.866455078125e-05
wolf,reptile,-10.06256103515625,-6.103515625e-05
wolf,amphibian,-10.187555313110352,-5.53131103515625e-05
wolf,fish,-9.81257438659668,-7.43865966796875e-05
wolf,arthropod,-10.125064849853516,-6.4849853515625e-05
wolf,insect,-10.062562942504883,-6.29425048828125e-05
wolf,bird of prey,-10.062562942504883,-6.29425048828125e-05
wolf,aquatic bird,-9.625097274780273,-9.72747802734375e-05
wolf,canine,-3.814697265625e-05,-12.187538146972656
wolf,feline,-9.812570571899414,-7.05718994140625e-05
wolf,primate,-10.000062942504883,-6.29425048828125e-05
wolf,aquatic mammal,-9.437604904174805,-0.0001049041748046875
wolf,rodent,-9.937564849853516,-6.4849853515625e-05
wolf,bat,-9.62508773803711,-8.7738037109375e-05
wolf,bear,-9.875066757202148,-6.67572021484375e-05
wolf,cat,-9.812570571899414,-7.05718994140625e-05
wolf,cheetah,-9.875070571899414,-7.05718994140625e-05
wolf,leopard,-9.81257438659668,-7.43865966796875e-05
wolf,lion,-10.00006103515625,-6.103515625e-05
wolf,panther,-9.750078201293945,-7.82012939453125e-05
wolf,tiger,-9.875070571899414,-7.05718994140625e-05
wolf,dog,-0.012166976928710938,-4.512166976928711
wolf,fox,-9.31260871887207,-0.0001087188720703125
wolf,hyena,-10.06256103515625,-6.103515625e-05
wolf,wolf,-0.000179290771484375,-9.312679290771484
wolf,raccoon,-9.500097274780273,-9.72747802734375e-05
wolf,skunk,-9.562591552734375,-9.1552734375e-05
wolf,otter,-9.562589645385742,-8.96453857421875e-05
wolf,beaver,-9.437599182128906,-9.918212890625e-05
wolf,chipmunk,-9.437599182128906,-9.918212890625e-05
wolf,squirrel,-9.562589645385742,-8.96453857421875e-05
wolf,gerbil,-9.31260871887207,-0.0001087188720703125
wolf,guinea_pig,-9.37510871887207,-0.0001087188720703125
wolf,hamster,-9.56258773803711,-8.7738037109375e-05
wolf,mouse,-9.500089645385742,-8.96453857421875e-05
wolf,porcupine,-9.500101089477539,-0.0001010894775390625
wolf,rat,-9.500091552734375,-9.1552734375e-05
wolf,buffalo,-9.625089645385742,-8.96453857421875e-05
wolf,cow,-9.937566757202148,-6.67572021484375e-05
wolf,ox,-9.625085830688477,-8.58306884765625e-05
wolf,goat,-9.750078201293945,-7.82012939453125e-05
wolf,sheep,-9.875068664550781,-6.866455078125e-05
wolf,deer,-9.875068664550781,-6.866455078125e-05
wolf,moose,-9.62508773803711,-8.7738037109375e-05
wolf,giraffe,-9.500097274780273,-9.72747802734375e-05
wolf,camel,-9.500097274780273,-9.72747802734375e-05
wolf,hippo,-9.375110626220703,-0.000110626220703125
wolf,llama,-9.312612533569336,-0.0001125335693359375
wolf,pig,-9.562591552734375,-9.1552734375e-05
wolf,donkey,-9.750080108642578,-8.0108642578125e-05
wolf,horse,-9.81257438659668,-7.43865966796875e-05
wolf,pony,-9.500097274780273,-9.72747802734375e-05
wolf,zebra,-9.750078201293945,-7.82012939453125e-05
wolf,rhino,-9.687585830688477,-8.58306884765625e-05
wolf,gorilla,-9.50009536743164,-9.5367431640625e-05
wolf,monkey,-9.812576293945312,-7.62939453125e-05
wolf,hedgehog,-9.500099182128906,-9.918212890625e-05
wolf,rabbit,-9.625083923339844,-8.392333984375e-05
wolf,seal,-9.562589645385742,-8.96453857421875e-05
wolf,walrus,-9.250120162963867,-0.0001201629638671875
wolf,dolphin,-9.62508773803711,-8.7738037109375e-05
wolf,whale,-9.625085830688477,-8.58306884765625e-05
wolf,elephant,-9.562591552734375,-9.1552734375e-05
wolf,kangaroo,-9.750076293945312,-7.62939453125e-05
wolf,platypus,-9.562593460083008,-9.34600830078125e-05
wolf,crocodile,-9.750078201293945,-7.82012939453125e-05
wolf,alligator,-9.812576293945312,-7.62939453125e-05
wolf,lizard,-10.000062942504883,-6.29425048828125e-05
wolf,iguana,-9.750078201293945,-7.82012939453125e-05
wolf,rattlesnake,-9.937570571899414,-7.05718994140625e-05
wolf,tortoise,-9.812572479248047,-7.2479248046875e-05
wolf,turtle,-9.750078201293945,-7.82012939453125e-05
wolf,frog,-9.875070571899414,-7.05718994140625e-05
wolf,toad,-9.750080108642578,-8.0108642578125e-05
wolf,budgie,-9.437599182128906,-9.918212890625e-05
wolf,parakeet,-9.750083923339844,-8.392333984375e-05
wolf,buzzard,-9.875076293945312,-7.62939453125e-05
wolf,falcon,-9.937566757202148,-6.67572021484375e-05
wolf,hawk,-9.87507438659668,-7.43865966796875e-05
wolf,eagle,-9.875070571899414,-7.05718994140625e-05
wolf,owl,-9.81257438659668,-7.43865966796875e-05
wolf,canary,-9.437601089477539,-0.0001010894775390625
wolf,magpie,-9.50009536743164,-9.5367431640625e-05
wolf,raven,-9.500097274780273,-9.72747802734375e-05
wolf,nightingale,-9.250120162963867,-0.0001201629638671875
wolf,robin,-9.437599182128906,-9.918212890625e-05
wolf,starling,-9.37510871887207,-0.0001087188720703125
wolf,sparrow,-9.50009536743164,-9.5367431640625e-05
wolf,wren,-9.312612533569336,-0.0001125335693359375
wolf,chicken,-9.625085830688477,-8.58306884765625e-05
wolf,cockerel,-9.375110626220703,-0.000110626220703125
wolf,turkey,-9.375106811523438,-0.0001068115234375
wolf,dove,-9.50009536743164,-9.5367431640625e-05
wolf,pigeon,-9.562589645385742,-8.96453857421875e-05
wolf,partridge,-9.437606811523438,-0.0001068115234375
wolf,peacock,-9.250123977661133,-0.0001239776611328125
wolf,crane,-9.50009536743164,-9.5367431640625e-05
wolf,flamingo,-9.375104904174805,-0.0001049041748046875
wolf,heron,-9.625091552734375,-9.1552734375e-05
wolf,duck,-9.687582015991211,-8.20159912109375e-05
wolf,goose,-9.625085830688477,-8.58306884765625e-05
wolf,pelican,-9.437602996826172,-0.000102996826171875
wolf,penguin,-9.50009536743164,-9.5367431640625e-05
wolf,seagull,-9.687583923339844,-8.392333984375e-05
wolf,swan,-9.62508773803711,-8.7738037109375e-05
wolf,hummingbird,-9.50009536743164,-9.5367431640625e-05
wolf,kingfisher,-9.437602996826172,-0.000102996826171875
wolf,woodpecker,-9.437602996826172,-0.000102996826171875
wolf,emu,-9.500097274780273,-9.72747802734375e-05
wolf,ostrich,-9.625085830688477,-8.58306884765625e-05
wolf,carp,-9.437602996826172,-0.000102996826171875
wolf,goldfish,-9.437602996826172,-0.000102996826171875
wolf,minnow,-9.500099182128906,-9.918212890625e-05
wolf,cod,-9.1876220703125,-0.0001220703125
wolf,herring,-9.312616348266602,-0.0001163482666015625
wolf,sardine,-9.562591552734375,-9.1552734375e-05
wolf,salmon,-9.50009536743164,-9.5367431640625e-05
wolf,trout,-9.375104904174805,-0.0001049041748046875
wolf,eel,-9.750080108642578,-8.0108642578125e-05
wolf,flounder,-9.2501220703125,-0.0001220703125
wolf,mackerel,-9.187629699707031,-0.00012969970703125
wolf,tuna,-9.562593460083008,-9.34600830078125e-05
wolf,seahorse,-9.625089645385742,-8.96453857421875e-05
wolf,shark,-9.937568664550781,-6.866455078125e-05
wolf,bee,-9.750078201293945,-7.82012939453125e-05
wolf,hornet,-9.750083923339844,-8.392333984375e-05
wolf,wasp,-9.750083923339844,-8.392333984375e-05
wolf,ant,-9.37510871887207,-0.0001087188720703125
wolf,beetle,-10.00006103515625,-6.103515625e-05
wolf,ladybird,-9.37510871887207,-0.0001087188720703125
wolf,butterfly,-9.812576293945312,-7.62939453125e-05
wolf,moth,-9.312616348266602,-0.0001163482666015625
wolf,cockroach,-9.500099182128906,-9.918212890625e-05
wolf,cricket,-9.562591552734375,-9.1552734375e-05
wolf,grasshopper,-9.81257438659668,-7.43865966796875e-05
wolf,locust,-9.62508773803711,-8.7738037109375e-05
wolf,dragonfly,-9.62508773803711,-8.7738037109375e-05
wolf,flea,-9.50009536743164,-9.5367431640625e-05
wolf,housefly,-9.687582015991211,-8.20159912109375e-05
wolf,mosquito,-9.56259536743164,-9.5367431640625e-05
wolf,stick_insect,-9.562589645385742,-8.96453857421875e-05
wolf,termite,-9.625083923339844,-8.392333984375e-05
wolf,centipede,-9.687583923339844,-8.392333984375e-05
wolf,millipede,-9.437604904174805,-0.0001049041748046875
wolf,scorpion,-9.875072479248047,-7.2479248046875e-05
wolf,spider,-9.812576293945312,-7.62939453125e-05
wolf,tarantula,-9.500101089477539,-0.0001010894775390625
wolf,crab,-9.562591552734375,-9.1552734375e-05
wolf,crayfish,-9.500097274780273,-9.72747802734375e-05
wolf,lobster,-9.312614440917969,-0.00011444091796875
wolf,prawn,-9.50009536743164,-9.5367431640625e-05
wolf,shrimp,-9.500097274780273,-9.72747802734375e-05
wolf,slug,-9.750078201293945,-7.82012939453125e-05
wolf,snail,-9.625085830688477,-8.58306884765625e-05
wolf,clam,-9.37510871887207,-0.0001087188720703125
wolf,mussel,-9.37510871887207,-0.0001087188720703125
wolf,scallop,-9.437602996826172,-0.000102996826171875
wolf,oyster,-9.250120162963867,-0.0001201629638671875
wolf,squid,-9.750076293945312,-7.62939453125e-05
wolf,octopus,-9.687583923339844,-8.392333984375e-05
wolf,worm,-9.625085830688477,-8.58306884765625e-05
wolf,jellyfish,-9.937568664550781,-6.866455078125e-05
raccoon,animal,-5.53131103515625e-05,-11.687555313110352
raccoon,vertebrate,-5.91278076171875e-05,-11.062559127807617
raccoon,invertebrate,-9.937576293945312,-7.62939453125e-05
raccoon,mammal,-3.4332275390625e-05,-12.00003433227539
raccoon,bird,-9.937568664550781,-6.866455078125e-05
raccoon,reptile,-10.12506103515625,-6.103515625e-05
raccoon,amphibian,-10.000068664550781,-6.866455078125e-05
raccoon,fish,-10.000064849853516,-6.4849853515625e-05
raccoon,arthropod,-10.312557220458984,-5.7220458984375e-05
raccoon,insect,-10.12506103515625,-6.103515625e-05
raccoon,bird of prey,-10.000070571899414,-7.05718994140625e-05
raccoon,aquatic bird,-9.75008773803711,-8.7738037109375e-05
raccoon,canine,-9.562589645385742,-8.96453857421875e-05
raccoon,feline,-9.375104904174805,-0.0001049041748046875
raccoon,primate,-9.250123977661133,-0.0001239776611328125
raccoon,aquatic mammal,-7.563093185424805,-0.0005931854248046875
raccoon,rodent,-6.688825607299805,-0.0013256072998046875
raccoon,bat,-10.062562942504883,-6.29425048828125e-05
raccoon,bear,-7.1258697509765625,-0.0008697509765625
raccoon,cat,-8.625205993652344,-0.00020599365234375
raccoon,cheetah,-9.750082015991211,-8.20159912109375e-05
raccoon,leopard,-9.562593460083008,-9.34600830078125e-05
raccoon,lion,-9.750080108642578,-8.0108642578125e-05
raccoon,panther,-9.437602996826172,-0.000102996826171875
raccoon,tiger,-9.500099182128906,-9.918212890625e-05
raccoon,dog,-9.937566757202148,-6.67572021484375e-05
raccoon,fox,-9.312614440917969,-0.00011444091796875
raccoon,hyena,-9.87507438659668,-7.43865966796875e-05
raccoon,wolf,-9.937568664550781,-6.866455078125e-05
raccoon,raccoon,-0.0002841949462890625,-8.812784194946289
raccoon,skunk,-9.750078201293945,-7.82012939453125e-05
raccoon,otter,-9.625089645385742,-8.96453857421875e-05
raccoon,beaver,-9.625085830688477,-8.58306884765625e-05
raccoon,chipmunk,-9.562593460083008,-9.34600830078125e-05
raccoon,squirrel,-7.75047492980957,-0.0004749298095703125
raccoon,gerbil,-9.500099182128906,-9.918212890625e-05
raccoon,guinea_pig,-9.687585830688477,-8.58306884765625e-05
raccoon,hamster,-9.562591552734375,-9.1552734375e-05
raccoon,mouse,-9.437597274780273,-9.72747802734375e-05
raccoon,porcupine,-9.750080108642578,-8.0108642578125e-05
raccoon,rat,-8.750185012817383,-0.0001850128173828125
raccoon,buffalo,-9.500102996826172,-0.000102996826171875
raccoon,cow,-9.750082015991211,-8.20159912109375e-05
raccoon,ox,-9.437606811523438,-0.0001068115234375
raccoon,goat,-9.625089645385742,-8.96453857421875e-05
raccoon,sheep,-9.812578201293945,-7.82012939453125e-05
raccoon,deer,-9.62508773803711,-8.7738037109375e-05
raccoon,moose,-9.562597274780273,-9.72747802734375e-05
raccoon,giraffe,-9.562597274780273,-9.72747802734375e-05
raccoon,camel,-9.437606811523438,-0.0001068115234375
raccoon,hippo,-9.375114440917969,-0.00011444091796875
raccoon,llama,-9.500102996826172,-0.000102996826171875
raccoon,pig,-9.437602996826172,-0.000102996826171875
raccoon,donkey,-9.687589645385742,-8.96453857421875e-05
raccoon,horse,-9.68758773803711,-8.7738037109375e-05
raccoon,pony,-9.56259536743164,-9.5367431640625e-05
raccoon,zebra,-9.687589645385742,-8.96453857421875e-05
raccoon,rhino,-9.625093460083008,-9.34600830078125e-05
raccoon,gorilla,-9.500101089477539,-0.0001010894775390625
raccoon,monkey,-9.750080108642578,-8.0108642578125e-05
raccoon,hedgehog,-9.87507438659668,-7.43865966796875e-05
raccoon,rabbit,-10.125057220458984,-5.7220458984375e-05
raccoon,seal,-9.56259536743164,-9.5367431640625e-05
raccoon,walrus,-9.500101089477539,-0.0001010894775390625
raccoon,dolphin,-9.687585830688477,-8.58306884765625e-05
raccoon,whale,-9.625089645385742,-8.96453857421875e-05
raccoon,elephant,-9.500101089477539,-0.0001010894775390625
raccoon,kangaroo,-9.750082015991211,-8.20159912109375e-05
raccoon,platypus,-9.625091552734375,-9.1552734375e-05
raccoon,crocodile,-9.750082015991211,-8.20159912109375e-05
raccoon,alligator,-9.750082015991211,-8.20159912109375e-05
raccoon,lizard,-10.187557220458984,-5.7220458984375e-05
raccoon,iguana,-9.87507438659668,-7.43865966796875e-05
raccoon,rattlesnake,-9.93757438659668,-7.43865966796875e-05
raccoon,tortoise,-9.87507438659668,-7.43865966796875e-05
raccoon,turtle,-9.937570571899414,-7.05718994140625e-05
raccoon,frog,-10.062562942504883,-6.29425048828125e-05
raccoon,toad,-9.68758773803711,-8.7738037109375e-05
raccoon,budgie,-9.437604904174805,-0.0001049041748046875
raccoon,parakeet,-9.875080108642578,-8.0108642578125e-05
raccoon,buzzard,-9.875076293945312,-7.62939453125e-05
raccoon,falcon,-9.750082015991211,-8.20159912109375e-05
raccoon,hawk,-9.875078201293945,-7.82012939453125e-05
raccoon,eagle,-9.812576293945312,-7.62939453125e-05
raccoon,owl,-10.06256103515625,-6.103515625e-05
raccoon,canary,-9.62508773803711,-8.7738037109375e-05
raccoon,magpie,-9.812576293945312,-7.62939453125e-05
raccoon,raven,-9.625093460083008,-9.34600830078125e-05
raccoon,nightingale,-9.312614440917969,-0.00011444091796875
raccoon,robin,-9.62508773803711,-8.7738037109375e-05
raccoon,starling,-9.500102996826172,-0.000102996826171875
raccoon,sparrow,-9.687585830688477,-8.58306884765625e-05
raccoon,wren,-9.562593460083008,-9.34600830078125e-05
raccoon,chicken,-9.750080108642578,-8.0108642578125e-05
raccoon,cockerel,-9.375112533569336,-0.0001125335693359375
raccoon,turkey,-9.312616348266602,-0.0001163482666015625
raccoon,dove,-9.625089645385742,-8.96453857421875e-05
raccoon,pigeon,-9.750078201293945,-7.82012939453125e-05
raccoon,partridge,-9.56259536743164,-9.5367431640625e-05
raccoon,peacock,-9.43760871887207,-0.0001087188720703125
raccoon,crane,-9.625089645385742,-8.96453857421875e-05
raccoon,flamingo,-9.56259536743164,-9.5367431640625e-05
raccoon,heron,-9.687589645385742,-8.96453857421875e-05
raccoon,duck,-9.87507438659668,-7.43865966796875e-05
raccoon,goose,-9.625091552734375,-9.1552734375e-05
raccoon,pelican,-9.500101089477539,-0.0001010894775390625
raccoon,penguin,-9.750082015991211,-8.20159912109375e-05
raccoon,seagull,-9.812576293945312,-7.62939453125e-05
raccoon,swan,-9.687585830688477,-8.58306884765625e-05
raccoon,hummingbird,-9.625091552734375,-9.1552734375e-05
raccoon,kingfisher,-9.500101089477539,-0.0001010894775390625
raccoon,woodpecker,-9.750078201293945,-7.82012939453125e-05
raccoon,emu,-9.562599182128906,-9.918212890625e-05
raccoon,ostrich,-9.687583923339844,-8.392333984375e-05
raccoon,carp,-9.375112533569336,-0.0001125335693359375
raccoon,goldfish,-9.500099182128906,-9.918212890625e-05
raccoon,minnow,-9.68758773803711,-8.7738037109375e-05
raccoon,cod,-9.125133514404297,-0.000133514404296875
raccoon,herring,-9.312618255615234,-0.000118255615234375
raccoon,sardine,-9.56259536743164,-9.5367431640625e-05
raccoon,salmon,-9.500097274780273,-9.72747802734375e-05
raccoon,trout,-9.437602996826172,-0.000102996826171875
raccoon,eel,-9.87507438659668,-7.43865966796875e-05
raccoon,flounder,-9.312618255615234,-0.000118255615234375
raccoon,mackerel,-9.06264877319336,-0.000148773193359375
raccoon,tuna,-9.500097274780273,-9.72747802734375e-05
raccoon,seahorse,-9.562597274780273,-9.72747802734375e-05
raccoon,shark,-9.68758773803711,-8.7738037109375e-05
raccoon,bee,-9.812576293945312,-7.62939453125e-05
raccoon,hornet,-9.687591552734375,-9.1552734375e-05
raccoon,wasp,-9.937576293945312,-7.62939453125e-05
raccoon,ant,-9.562597274780273,-9.72747802734375e-05
raccoon,beetle,-10.062562942504883,-6.29425048828125e-05
raccoon,ladybird,-9.312620162963867,-0.0001201629638671875
raccoon,butterfly,-9.750083923339844,-8.392333984375e-05
raccoon,moth,-9.500102996826172,-0.000102996826171875
raccoon,cockroach,-9.500102996826172,-0.000102996826171875
raccoon,cricket,-9.750080108642578,-8.0108642578125e-05
raccoon,grasshopper,-10.000066757202148,-6.67572021484375e-05
raccoon,locust,-9.625093460083008,-9.34600830078125e-05
raccoon,dragonfly,-9.687585830688477,-8.58306884765625e-05
raccoon,flea,-9.500099182128906,-9.918212890625e-05
raccoon,housefly,-9.687589645385742,-8.96453857421875e-05
raccoon,mosquito,-9.56259536743164,-9.5367431640625e-05
raccoon,stick_insect,-9.562593460083008,-9.34600830078125e-05
raccoon,termite,-9.562593460083008,-9.34600830078125e-05
raccoon,centipede,-9.75008773803711,-8.7738037109375e-05
raccoon,millipede,-9.625093460083008,-9.34600830078125e-05
raccoon,scorpion,-9.93757438659668,-7.43865966796875e-05
raccoon,spider,-9.937576293945312,-7.62939453125e-05
raccoon,tarantula,-9.62509536743164,-9.5367431640625e-05
raccoon,crab,-9.625093460083008,-9.34600830078125e-05
raccoon,crayfish,-9.500102996826172,-0.000102996826171875
raccoon,lobster,-9.375110626220703,-0.000110626220703125
raccoon,prawn,-9.37510871887207,-0.0001087188720703125
raccoon,shrimp,-9.437606811523438,-0.0001068115234375
raccoon,slug,-9.625091552734375,-9.1552734375e-05
raccoon,snail,-9.687585830688477,-8.58306884765625e-05
raccoon,clam,-9.375114440917969,-0.00011444091796875
raccoon,mussel,-9.312620162963867,-0.0001201629638671875
raccoon,scallop,-9.312618255615234,-0.000118255615234375
raccoon,oyster,-8.937665939331055,-0.0001659393310546875
raccoon,squid,-9.875072479248047,-7.2479248046875e-05
raccoon,octopus,-9.750083923339844,-8.392333984375e-05
raccoon,worm,-9.937572479248047,-7.2479248046875e-05
raccoon,jellyfish,-9.687589645385742,-8.96453857421875e-05
skunk,animal,-5.91278076171875e-05,-11.375059127807617
skunk,vertebrate,-6.29425048828125e-05,-10.750062942504883
skunk,invertebrate,-10.062564849853516,-6.4849853515625e-05
skunk,mammal,-3.814697265625e-05,-11.562538146972656
skunk,bird,-10.125057220458984,-5.7220458984375e-05
skunk,reptile,-10.187557220458984,-5.7220458984375e-05
skunk,amphibian,-10.062564849853516,-6.4849853515625e-05
skunk,fish,-10.00006103515625,-6.103515625e-05
skunk,arthropod,-10.187562942504883,-6.29425048828125e-05
skunk,insect,-10.12506103515625,-6.103515625e-05
skunk,bird of prey,-10.062566757202148,-6.67572021484375e-05
skunk,aquatic bird,-9.750085830688477,-8.58306884765625e-05
skunk,canine,-0.0040130615234375,-5.6290130615234375
skunk,feline,-9.437597274780273,-9.72747802734375e-05
skunk,primate,-10.000066757202148,-6.67572021484375e-05
skunk,aquatic mammal,-9.187625885009766,-0.000125885009765625
skunk,rodent,-0.030668258666992188,-3.530668258666992
skunk,bat,-10.000064849853516,-6.4849853515625e-05
skunk,bear,-9.437599182128906,-9.918212890625e-05
skunk,cat,-9.31260871887207,-0.0001087188720703125
skunk,cheetah,-10.000066757202148,-6.67572021484375e-05
skunk,leopard,-9.56259536743164,-9.5367431640625e-05
skunk,lion,-9.875070571899414,-7.05718994140625e-05
skunk,panther,-9.750078201293945,-7.82012939453125e-05
skunk,tiger,-9.562591552734375,-9.1552734375e-05
skunk,dog,-6.0026092529296875,-0.0026092529296875
skunk,fox,-9.625083923339844,-8.392333984375e-05
skunk,hyena,-9.812578201293945,-7.82012939453125e-05
skunk,wolf,-10.062559127807617,-5.91278076171875e-05
skunk,raccoon,-9.562591552734375,-9.1552734375e-05
skunk,skunk,-0.0002899169921875,-8.750289916992188
skunk,otter,-9.812572479248047,-7.2479248046875e-05
skunk,beaver,-9.625083923339844,-8.392333984375e-05
skunk,chipmunk,-9.687580108642578,-8.0108642578125e-05
skunk,squirrel,-9.500097274780273,-9.72747802734375e-05
skunk,gerbil,-9.562589645385742,-8.96453857421875e-05
skunk,guinea_pig,-9.62508773803711,-8.7738037109375e-05
skunk,hamster,-9.750076293945312,-7.62939453125e-05
skunk,mouse,-9.687576293945312,-7.62939453125e-05
skunk,porcupine,-9.500097274780273,-9.72747802734375e-05
skunk,rat,-9.437597274780273,-9.72747802734375e-05
skunk,buffalo,-9.500101089477539,-0.0001010894775390625
skunk,cow,-9.687583923339844,-8.392333984375e-05
skunk,ox,-9.437602996826172,-0.000102996826171875
skunk,goat,-9.750082015991211,-8.20159912109375e-05
skunk,sheep,-9.750080108642578,-8.0108642578125e-05
skunk,deer,-9.812572479248047,-7.2479248046875e-05
skunk,moose,-9.750082015991211,-8.20159912109375e-05
skunk,giraffe,-9.687585830688477,-8.58306884765625e-05
skunk,camel,-9.625089645385742,-8.96453857421875e-05
skunk,hippo,-9.500099182128906,-9.918212890625e-05
skunk,llama,-9.437604904174805,-0.0001049041748046875
skunk,pig,-9.562591552734375,-9.1552734375e-05
skunk,donkey,-9.750083923339844,-8.392333984375e-05
skunk,horse,-9.687585830688477,-8.58306884765625e-05
skunk,pony,-9.437604904174805,-0.0001049041748046875
skunk,zebra,-9.750083923339844,-8.392333984375e-05
skunk,rhino,-9.68758773803711,-8.7738037109375e-05
skunk,gorilla,-9.562593460083008,-9.34600830078125e-05
skunk,monkey,-10.062562942504883,-6.29425048828125e-05
skunk,hedgehog,-9.687583923339844,-8.392333984375e-05
skunk,rabbit,-10.062559127807617,-5.91278076171875e-05
skunk,seal,-9.750078201293945,-7.82012939453125e-05
skunk,walrus,-9.56259536743164,-9.5367431640625e-05
skunk,dolphin,-9.812576293945312,-7.62939453125e-05
skunk,whale,-9.687585830688477,-8.58306884765625e-05
skunk,elephant,-9.562593460083008,-9.34600830078125e-05
skunk,kangaroo,-9.875070571899414,-7.05718994140625e-05
skunk,platypus,-9.750080108642578,-8.0108642578125e-05
skunk,crocodile,-9.750080108642578,-8.0108642578125e-05
skunk,alligator,-9.812578201293945,-7.82012939453125e-05
skunk,lizard,-10.187555313110352,-5.53131103515625e-05
skunk,iguana,-9.937568664550781,-6.866455078125e-05
skunk,rattlesnake,-10.187559127807617,-5.91278076171875e-05
skunk,tortoise,-9.875072479248047,-7.2479248046875e-05
skunk,turtle,-10.000064849853516,-6.4849853515625e-05
skunk,frog,-10.06256103515625,-6.103515625e-05
skunk,toad,-9.625089645385742,-8.96453857421875e-05
skunk,budgie,-9.687582015991211,-8.20159912109375e-05
skunk,parakeet,-9.875078201293945,-7.82012939453125e-05
skunk,buzzard,-9.87507438659668,-7.43865966796875e-05
skunk,falcon,-9.812576293945312,-7.62939453125e-05
skunk,hawk,-10.062564849853516,-6.4849853515625e-05
skunk,eagle,-10.000066757202148,-6.67572021484375e-05
skunk,owl,-9.812576293945312,-7.62939453125e-05
skunk,canary,-9.687583923339844,-8.392333984375e-05
skunk,magpie,-9.875072479248047,-7.2479248046875e-05
skunk,raven,-9.812576293945312,-7.62939453125e-05
skunk,nightingale,-9.562591552734375,-9.1552734375e-05
skunk,robin,-9.81257438659668,-7.43865966796875e-05
skunk,starling,-9.56259536743164,-9.5367431640625e-05
skunk,sparrow,-9.750078201293945,-7.82012939453125e-05
skunk,wren,-9.437601089477539,-0.0001010894775390625
skunk,chicken,-9.750078201293945,-7.82012939453125e-05
skunk,cockerel,-9.375110626220703,-0.000110626220703125
skunk,turkey,-9.437601089477539,-0.0001010894775390625
skunk,dove,-9.625089645385742,-8.96453857421875e-05
skunk,pigeon,-9.875068664550781,-6.866455078125e-05
skunk,partridge,-9.562593460083008,-9.34600830078125e-05
skunk,peacock,-9.56259536743164,-9.5367431640625e-05
skunk,crane,-9.750080108642578,-8.0108642578125e-05
skunk,flamingo,-9.687582015991211,-8.20159912109375e-05
skunk,heron,-9.750083923339844,-8.392333984375e-05
skunk,duck,-9.875070571899414,-7.05718994140625e-05
skunk,goose,-9.750080108642578,-8.0108642578125e-05
skunk,pelican,-9.625089645385742,-8.96453857421875e-05
skunk,penguin,-9.812576293945312,-7.62939453125e-05
skunk,seagull,-9.750082015991211,-8.20159912109375e-05
skunk,swan,-9.687585830688477,-8.58306884765625e-05
skunk,hummingbird,-9.750080108642578,-8.0108642578125e-05
skunk,kingfisher,-9.56259536743164,-9.5367431640625e-05
skunk,woodpecker,-9.750080108642578,-8.0108642578125e-05
skunk,emu,-9.750082015991211,-8.20159912109375e-05
skunk,ostrich,-9.687583923339844,-8.392333984375e-05
skunk,carp,-9.437602996826172,-0.000102996826171875
skunk,goldfish,-9.62508773803711,-8.7738037109375e-05
skunk,minnow,-9.687585830688477,-8.58306884765625e-05
skunk,cod,-9.250116348266602,-0.0001163482666015625
skunk,herring,-9.500099182128906,-9.918212890625e-05
skunk,sardine,-9.687583923339844,-8.392333984375e-05
skunk,salmon,-9.437602996826172,-0.000102996826171875
skunk,trout,-9.562589645385742,-8.96453857421875e-05
skunk,eel,-9.875070571899414,-7.05718994140625e-05
skunk,flounder,-9.437602996826172,-0.000102996826171875
skunk,mackerel,-9.000152587890625,-0.000152587890625
skunk,tuna,-9.62508773803711,-8.7738037109375e-05
skunk,seahorse,-9.625091552734375,-9.1552734375e-05
skunk,shark,-9.875072479248047,-7.2479248046875e-05
skunk,bee,-10.000064849853516,-6.4849853515625e-05
skunk,hornet,-10.062566757202148,-6.67572021484375e-05
skunk,wasp,-10.062566757202148,-6.67572021484375e-05
skunk,ant,-9.750078201293945,-7.82012939453125e-05
skunk,beetle,-9.875072479248047,-7.2479248046875e-05
skunk,ladybird,-9.437604904174805,-0.0001049041748046875
skunk,butterfly,-10.000066757202148,-6.67572021484375e-05
skunk,moth,-9.750078201293945,-7.82012939453125e-05
skunk,cockroach,-9.68758773803711,-8.7738037109375e-05
skunk,cricket,-9.750078201293945,-7.82012939453125e-05
skunk,grasshopper,-10.000064849853516,-6.4849853515625e-05
skunk,locust,-9.750080108642578,-8.0108642578125e-05
skunk,dragonfly,-9.875072479248047,-7.2479248046875e-05
skunk,flea,-9.750080108642578,-8.0108642578125e-05
skunk,housefly,-9.812578201293945,-7.82012939453125e-05
skunk,mosquito,-9.750083923339844,-8.392333984375e-05
skunk,stick_insect,-9.375106811523438,-0.0001068115234375
skunk,termite,-9.750078201293945,-7.82012939453125e-05
skunk,centipede,-9.875076293945312,-7.62939453125e-05
skunk,millipede,-9.500099182128906,-9.918212890625e-05
skunk,scorpion,-10.000066757202148,-6.67572021484375e-05
skunk,spider,-10.062564849853516,-6.4849853515625e-05
skunk,tarantula,-9.812578201293945,-7.82012939453125e-05
skunk,crab,-9.750080108642578,-8.0108642578125e-05
skunk,crayfish,-9.56259536743164,-9.5367431640625e-05
skunk,lobster,-9.500097274780273,-9.72747802734375e-05
skunk,prawn,-9.562589645385742,-8.96453857421875e-05
skunk,shrimp,-9.437604904174805,-0.0001049041748046875
skunk,slug,-9.625089645385742,-8.96453857421875e-05
skunk,snail,-9.875070571899414,-7.05718994140625e-05
skunk,clam,-9.56259536743164,-9.5367431640625e-05
skunk,mussel,-9.375110626220703,-0.000110626220703125
skunk,scallop,-9.437606811523438,-0.0001068115234375
skunk,oyster,-9.250125885009766,-0.000125885009765625
skunk,squid,-9.750080108642578,-8.0108642578125e-05
skunk,octopus,-9.687583923339844,-8.392333984375e-05
skunk,worm,-9.875070571899414,-7.05718994140625e-05
skunk,jellyfish,-9.87507438659668,-7.43865966796875e-05
otter,animal,-5.340576171875e-05,-11.750053405761719
otter,vertebrate,-5.14984130859375e-05,-11.250051498413086
otter,invertebrate,-9.875072479248047,-7.2479248046875e-05
otter,mammal,-3.4332275390625e-05,-11.87503433227539
otter,bird,-10.062559127807617,-5.91278076171875e-05
otter,reptile,-10.125057220458984,-5.7220458984375e-05
otter,amphibian,-10.000064849853516,-6.4849853515625e-05
otter,fish,-10.062557220458984,-5.7220458984375e-05
otter,arthropod,-10.187562942504883,-6.29425048828125e-05
otter,insect,-10.187559127807617,-5.91278076171875e-05
otter,bird of prey,-9.937572479248047,-7.2479248046875e-05
otter,aquatic bird,-10.06256103515625,-6.103515625e-05
otter,canine,-9.625083923339844,-8.392333984375e-05
otter,feline,-9.687578201293945,-7.82012939453125e-05
otter,primate,-10.000064849853516,-6.4849853515625e-05
otter,aquatic mammal,-5.53131103515625e-05,-10.937555313110352
otter,rodent,-3.5302791595458984,-0.030279159545898438
otter,bat,-9.937568664550781,-6.866455078125e-05
otter,bear,-7.875415802001953,-0.000415802001953125
otter,cat,-9.312610626220703,-0.000110626220703125
otter,cheetah,-10.06256103515625,-6.103515625e-05
otter,leopard,-9.625085830688477,-8.58306884765625e-05
otter,lion,-9.750078201293945,-7.82012939453125e-05
otter,panther,-9.750078201293945,-7.82012939453125e-05
otter,tiger,-9.62508773803711,-8.7738037109375e-05
otter,dog,-9.687580108642578,-8.0108642578125e-05
otter,fox,-10.00006103515625,-6.103515625e-05
otter,hyena,-9.812576293945312,-7.62939453125e-05
otter,wolf,-10.062559127807617,-5.91278076171875e-05
otter,raccoon,-9.125133514404297,-0.000133514404296875
otter,skunk,-9.50009536743164,-9.5367431640625e-05
otter,otter,-0.000232696533203125,-9.250232696533203
otter,beaver,-9.625083923339844,-8.392333984375e-05
otter,chipmunk,-9.562591552734375,-9.1552734375e-05
otter,squirrel,-9.437599182128906,-9.918212890625e-05
otter,gerbil,-9.500097274780273,-9.72747802734375e-05
otter,guinea_pig,-9.625089645385742,-8.96453857421875e-05
otter,hamster,-9.625083923339844,-8.392333984375e-05
otter,mouse,-9.562585830688477,-8.58306884765625e-05
otter,porcupine,-9.62508773803711,-8.7738037109375e-05
otter,rat,-8.687692642211914,-0.0001926422119140625
otter,buffalo,-9.750080108642578,-8.0108642578125e-05
otter,cow,-9.750078201293945,-7.82012939453125e-05
otter,ox,-9.500097274780273,-9.72747802734375e-05
otter,goat,-9.625089645385742,-8.96453857421875e-05
otter,sheep,-9.750078201293945,-7.82012939453125e-05
otter,deer,-9.750078201293945,-7.82012939453125e-05
otter,moose,-9.750078201293945,-7.82012939453125e-05
otter,giraffe,-9.625089645385742,-8.96453857421875e-05
otter,camel,-9.56259536743164,-9.5367431640625e-05
otter,hippo,-9.500097274780273,-9.72747802734375e-05
otter,llama,-9.562591552734375,-9.1552734375e-05
otter,pig,-9.500097274780273,-9.72747802734375e-05
otter,donkey,-9.625091552734375,-9.1552734375e-05
otter,horse,-9.875072479248047,-7.2479248046875e-05
otter,pony,-9.687582015991211,-8.20159912109375e-05
otter,zebra,-9.750080108642578,-8.0108642578125e-05
otter,rhino,-9.750082015991211,-8.20159912109375e-05
otter,gorilla,-9.62508773803711,-8.7738037109375e-05
otter,monkey,-10.000064849853516,-6.4849853515625e-05
otter,hedgehog,-9.750078201293945,-7.82012939453125e-05
otter,rabbit,-9.875068664550781,-6.866455078125e-05
otter,seal,-7.87542724609375,-0.00042724609375
otter,walrus,-9.437601089477539,-0.0001010894775390625
otter,dolphin,-8.500232696533203,-0.000232696533203125
otter,whale,-9.000143051147461,-0.0001430511474609375
otter,elephant,-9.687583923339844,-8.392333984375e-05
otter,kangaroo,-9.750078201293945,-7.82012939453125e-05
otter,platypus,-9.81257438659668,-7.43865966796875e-05
otter,crocodile,-9.875068664550781,-6.866455078125e-05
otter,alligator,-10.000062942504883,-6.29425048828125e-05
otter,lizard,-10.125057220458984,-5.7220458984375e-05
otter,iguana,-9.875070571899414,-7.05718994140625e-05
otter,rattlesnake,-9.875072479248047,-7.2479248046875e-05
otter,tortoise,-10.000062942504883,-6.29425048828125e-05
otter,turtle,-10.062559127807617,-5.91278076171875e-05
otter,frog,-10.062559127807617,-5.91278076171875e-05
otter,toad,-9.750080108642578,-8.0108642578125e-05
otter,budgie,-9.437602996826172,-0.000102996826171875
otter,parakeet,-9.812578201293945,-7.82012939453125e-05
otter,buzzard,-9.87507438659668,-7.43865966796875e-05
otter,falcon,-9.875072479248047,-7.2479248046875e-05
otter,hawk,-9.875072479248047,-7.2479248046875e-05
otter,eagle,-10.06256103515625,-6.103515625e-05
otter,owl,-9.812572479248047,-7.2479248046875e-05
otter,canary,-9.437601089477539,-0.0001010894775390625
otter,magpie,-9.62508773803711,-8.7738037109375e-05
otter,raven,-9.750078201293945,-7.82012939453125e-05
otter,nightingale,-9.312612533569336,-0.0001125335693359375
otter,robin,-9.500097274780273,-9.72747802734375e-05
otter,starling,-9.437604904174805,-0.0001049041748046875
otter,sparrow,-9.625089645385742,-8.96453857421875e-05
otter,wren,-9.437601089477539,-0.0001010894775390625
otter,chicken,-9.750080108642578,-8.0108642578125e-05
otter,cockerel,-9.312616348266602,-0.0001163482666015625
otter,turkey,-9.437601089477539,-0.0001010894775390625
otter,dove,-9.687583923339844,-8.392333984375e-05
otter,pigeon,-9.750076293945312,-7.62939453125e-05
otter,partridge,-9.56259536743164,-9.5367431640625e-05
otter,peacock,-9.500099182128906,-9.918212890625e-05
otter,crane,-9.687582015991211,-8.20159912109375e-05
otter,flamingo,-9.562591552734375,-9.1552734375e-05
otter,heron,-9.875070571899414,-7.05718994140625e-05
otter,duck,-10.000062942504883,-6.29425048828125e-05
otter,goose,-9.750076293945312,-7.62939453125e-05
otter,pelican,-9.562591552734375,-9.1552734375e-05
otter,penguin,-9.875068664550781,-6.866455078125e-05
otter,seagull,-10.000062942504883,-6.29425048828125e-05
otter,swan,-9.875070571899414,-7.05718994140625e-05
otter,hummingbird,-9.687580108642578,-8.0108642578125e-05
otter,kingfisher,-9.437601089477539,-0.0001010894775390625
otter,woodpecker,-9.562589645385742,-8.96453857421875e-05
otter,emu,-9.687585830688477,-8.58306884765625e-05
otter,ostrich,-9.62508773803711,-8.7738037109375e-05
otter,carp,-9.50009536743164,-9.5367431640625e-05
otter,goldfish,-9.562589645385742,-8.96453857421875e-05
otter,minnow,-9.625085830688477,-8.58306884765625e-05
otter,cod,-9.1876220703125,-0.0001220703125
otter,herring,-9.375106811523438,-0.0001068115234375
otter,sardine,-9.562589645385742,-8.96453857421875e-05
otter,salmon,-9.437597274780273,-9.72747802734375e-05
otter,trout,-9.437599182128906,-9.918212890625e-05
otter,eel,-9.875068664550781,-6.866455078125e-05
otter,flounder,-9.562589645385742,-8.96453857421875e-05
otter,mackerel,-9.062641143798828,-0.000141143798828125
otter,tuna,-9.437599182128906,-9.918212890625e-05
otter,seahorse,-9.750078201293945,-7.82012939453125e-05
otter,shark,-10.187553405761719,-5.340576171875e-05
otter,bee,-10.000064849853516,-6.4849853515625e-05
otter,hornet,-9.625093460083008,-9.34600830078125e-05
otter,wasp,-9.812576293945312,-7.62939453125e-05
otter,ant,-9.625091552734375,-9.1552734375e-05
otter,beetle,-10.06256103515625,-6.103515625e-05
otter,ladybird,-9.312614440917969,-0.00011444091796875
otter,butterfly,-9.875070571899414,-7.05718994140625e-05
otter,moth,-9.625089645385742,-8.96453857421875e-05
otter,cockroach,-9.68758773803711,-8.7738037109375e-05
otter,cricket,-9.750076293945312,-7.62939453125e-05
otter,grasshopper,-10.06256103515625,-6.103515625e-05
otter,locust,-9.687585830688477,-8.58306884765625e-05
otter,dragonfly,-9.687582015991211,-8.20159912109375e-05
otter,flea,-9.750078201293945,-7.82012939453125e-05
otter,housefly,-9.750080108642578,-8.0108642578125e-05
otter,mosquito,-9.625091552734375,-9.1552734375e-05
otter,stick_insect,-9.562589645385742,-8.96453857421875e-05
otter,termite,-9.62508773803711,-8.7738037109375e-05
otter,centipede,-9.812580108642578,-8.0108642578125e-05
otter,millipede,-9.500099182128906,-9.918212890625e-05
otter,scorpion,-10.000066757202148,-6.67572021484375e-05
otter,spider,-9.93757438659668,-7.43865966796875e-05
otter,tarantula,-9.68758773803711,-8.7738037109375e-05
otter,crab,-9.875070571899414,-7.05718994140625e-05
otter,crayfish,-9.562593460083008,-9.34600830078125e-05
otter,lobster,-9.625083923339844,-8.392333984375e-05
otter,prawn,-9.375104904174805,-0.0001049041748046875
otter,shrimp,-9.50009536743164,-9.5367431640625e-05
otter,slug,-9.62508773803711,-8.7738037109375e-05
otter,snail,-9.750078201293945,-7.82012939453125e-05
otter,clam,-9.312616348266602,-0.0001163482666015625
otter,mussel,-9.312614440917969,-0.00011444091796875
otter,scallop,-9.437604904174805,-0.0001049041748046875
otter,oyster,-9.250120162963867,-0.0001201629638671875
otter,squid,-9.937564849853516,-6.4849853515625e-05
otter,octopus,-9.750080108642578,-8.0108642578125e-05
otter,worm,-10.062559127807617,-5.91278076171875e-05
otter,jellyfish,-10.062562942504883,-6.29425048828125e-05
beaver,animal,-5.7220458984375e-05,-11.687557220458984
beaver,vertebrate,-5.53131103515625e-05,-11.000055313110352
beaver,invertebrate,-10.125057220458984,-5.7220458984375e-05
beaver,mammal,-3.24249267578125e-05,-11.937532424926758
beaver,bird,-10.062557220458984,-5.7220458984375e-05
beaver,reptile,-10.312549591064453,-4.9591064453125e-05
beaver,amphibian,-10.187555313110352,-5.53131103515625e-05
beaver,fish,-10.125053405761719,-5.340576171875e-05
beaver,arthropod,-10.25006103515625,-6.103515625e-05
beaver,insect,-10.125057220458984,-5.7220458984375e-05
beaver,bird of prey,-10.12506103515625,-6.103515625e-05
beaver,aquatic bird,-9.937570571899414,-7.05718994140625e-05
beaver,canine,-8.875165939331055,-0.0001659393310546875
beaver,feline,-9.875066757202148,-6.67572021484375e-05
beaver,primate,-10.06256103515625,-6.103515625e-05
beaver,aquatic mammal,-6.67572021484375e-05,-10.562566757202148
beaver,rodent,-3.4332275390625e-05,-11.93753433227539
beaver,bat,-9.937568664550781,-6.866455078125e-05
beaver,bear,-9.625085830688477,-8.58306884765625e-05
beaver,cat,-10.062557220458984,-5.7220458984375e-05
beaver,cheetah,-10.125059127807617,-5.91278076171875e-05
beaver,leopard,-9.875072479248047,-7.2479248046875e-05
beaver,lion,-9.875072479248047,-7.2479248046875e-05
beaver,panther,-9.875072479248047,-7.2479248046875e-05
beaver,tiger,-9.937570571899414,-7.05718994140625e-05
beaver,dog,-9.937564849853516,-6.4849853515625e-05
beaver,fox,-10.187553405761719,-5.340576171875e-05
beaver,hyena,-10.062562942504883,-6.29425048828125e-05
beaver,wolf,-10.000064849853516,-6.4849853515625e-05
beaver,raccoon,-9.687580108642578,-8.0108642578125e-05
beaver,skunk,-9.687580108642578,-8.0108642578125e-05
beaver,otter,-9.750076293945312,-7.62939453125e-05
beaver,beaver,-0.0001964569091796875,-9.25019645690918
beaver,chipmunk,-9.625083923339844,-8.392333984375e-05
beaver,squirrel,-3.409025192260742,-0.03402519226074219
beaver,gerbil,-9.50009536743164,-9.5367431640625e-05
beaver,guinea_pig,-9.625085830688477,-8.58306884765625e-05
beaver,hamster,-9.437597274780273,-9.72747802734375e-05
beaver,mouse,-8.375249862670898,-0.0002498626708984375
beaver,porcupine,-9.50009536743164,-9.5367431640625e-05
beaver,rat,-3.4091854095458984,-0.03418540954589844
beaver,buffalo,-9.62508773803711,-8.7738037109375e-05
beaver,cow,-9.812572479248047,-7.2479248046875e-05
beaver,ox,-9.625085830688477,-8.58306884765625e-05
beaver,goat,-10.000062942504883,-6.29425048828125e-05
beaver,sheep,-10.000062942504883,-6.29425048828125e-05
beaver,deer,-9.875068664550781,-6.866455078125e-05
beaver,moose,-9.812572479248047,-7.2479248046875e-05
beaver,giraffe,-9.750080108642578,-8.0108642578125e-05
beaver,camel,-9.625089645385742,-8.96453857421875e-05
beaver,hippo,-9.562591552734375,-9.1552734375e-05
beaver,llama,-9.750078201293945,-7.82012939453125e-05
beaver,pig,-9.750078201293945,-7.82012939453125e-05
beaver,donkey,-9.937570571899414,-7.05718994140625e-05
beaver,horse,-9.937568664550781,-6.866455078125e-05
beaver,pony,-9.687582015991211,-8.20159912109375e-05
beaver,zebra,-10.000066757202148,-6.67572021484375e-05
beaver,rhino,-10.062562942504883,-6.29425048828125e-05
beaver,gorilla,-9.750078201293945,-7.82012939453125e-05
beaver,monkey,-10.125057220458984,-5.7220458984375e-05
beaver,hedgehog,-10.06256103515625,-6.103515625e-05
beaver,rabbit,-10.00006103515625,-6.103515625e-05
beaver,seal,-9.812570571899414,-7.05718994140625e-05
beaver,walrus,-9.750078201293945,-7.82012939453125e-05
beaver,dolphin,-9.81257438659668,-7.43865966796875e-05
beaver,whale,-9.875070571899414,-7.05718994140625e-05
beaver,elephant,-9.875070571899414,-7.05718994140625e-05
beaver,kangaroo,-10.000064849853516,-6.4849853515625e-05
beaver,platypus,-10.06256103515625,-6.103515625e-05
beaver,crocodile,-10.062559127807617,-5.91278076171875e-05
beaver,alligator,-10.125057220458984,-5.7220458984375e-05
beaver,lizard,-10.250051498413086,-5.14984130859375e-05
beaver,iguana,-10.06256103515625,-6.103515625e-05
beaver,rattlesnake,-10.000066757202148,-6.67572021484375e-05
beaver,tortoise,-10.062559127807617,-5.91278076171875e-05
beaver,turtle,-10.06256103515625,-6.103515625e-05
beaver,frog,-10.125057220458984,-5.7220458984375e-05
beaver,toad,-9.687583923339844,-8.392333984375e-05
beaver,budgie,-9.625085830688477,-8.58306884765625e-05
beaver,parakeet,-10.000068664550781,-6.866455078125e-05
beaver,buzzard,-10.062564849853516,-6.4849853515625e-05
beaver,falcon,-10.000064849853516,-6.4849853515625e-05
beaver,hawk,-10.062562942504883,-6.29425048828125e-05
beaver,eagle,-10.06256103515625,-6.103515625e-05
beaver,owl,-9.875070571899414,-7.05718994140625e-05
beaver,canary,-9.687582015991211,-8.20159912109375e-05
beaver,magpie,-9.750080108642578,-8.0108642578125e-05
beaver,raven,-9.687583923339844,-8.392333984375e-05
beaver,nightingale,-9.437601089477539,-0.0001010894775390625
beaver,robin,-9.750076293945312,-7.62939453125e-05
beaver,starling,-9.625089645385742,-8.96453857421875e-05
beaver,sparrow,-9.687583923339844,-8.392333984375e-05
beaver,wren,-9.625085830688477,-8.58306884765625e-05
beaver,chicken,-10.000064849853516,-6.4849853515625e-05
beaver,cockerel,-9.562593460083008,-9.34600830078125e-05
beaver,turkey,-9.687582015991211,-8.20159912109375e-05
beaver,dove,-9.750078201293945,-7.82012939453125e-05
beaver,pigeon,-9.812572479248047,-7.2479248046875e-05
beaver,partridge,-9.81257438659668,-7.43865966796875e-05
beaver,peacock,-9.750082015991211,-8.20159912109375e-05
beaver,crane,-9.750078201293945,-7.82012939453125e-05
beaver,flamingo,-9.625085830688477,-8.58306884765625e-05
beaver,heron,-10.062562942504883,-6.29425048828125e-05
beaver,duck,-9.875068664550781,-6.866455078125e-05
beaver,goose,-9.812572479248047,-7.2479248046875e-05
beaver,pelican,-9.750080108642578,-8.0108642578125e-05
beaver,penguin,-9.875070571899414,-7.05718994140625e-05
beaver,seagull,-10.06256103515625,-6.103515625e-05
beaver,swan,-10.06256103515625,-6.103515625e-05
beaver,hummingbird,-9.750078201293945,-7.82012939453125e-05
beaver,kingfisher,-9.625091552734375,-9.1552734375e-05
beaver,woodpecker,-9.812570571899414,-7.05718994140625e-05
beaver,emu,-9.750080108642578,-8.0108642578125e-05
beaver,ostrich,-9.81257438659668,-7.43865966796875e-05
beaver,carp,-9.687580108642578,-8.0108642578125e-05
beaver,goldfish,-9.687580108642578,-8.0108642578125e-05
beaver,minnow,-9.750078201293945,-7.82012939453125e-05
beaver,cod,-9.31260871887207,-0.0001087188720703125
beaver,herring,-9.687582015991211,-8.20159912109375e-05
beaver,sardine,-9.875066757202148,-6.67572021484375e-05
beaver,salmon,-9.812572479248047,-7.2479248046875e-05
beaver,trout,-9.750076293945312,-7.62939453125e-05
beaver,eel,-10.125055313110352,-5.53131103515625e-05
beaver,flounder,-9.625085830688477,-8.58306884765625e-05
beaver,mackerel,-9.500097274780273,-9.72747802734375e-05
beaver,tuna,-9.750076293945312,-7.62939453125e-05
beaver,seahorse,-9.812576293945312,-7.62939453125e-05
beaver,shark,-10.062562942504883,-6.29425048828125e-05
beaver,bee,-9.81257438659668,-7.43865966796875e-05
beaver,hornet,-9.68758773803711,-8.7738037109375e-05
beaver,wasp,-10.062564849853516,-6.4849853515625e-05
beaver,ant,-9.81257438659668,-7.43865966796875e-05
beaver,beetle,-10.06256103515625,-6.103515625e-05
beaver,ladybird,-9.562591552734375,-9.1552734375e-05
beaver,butterfly,-9.937570571899414,-7.05718994140625e-05
beaver,moth,-9.750080108642578,-8.0108642578125e-05
beaver,cockroach,-9.62508773803711,-8.7738037109375e-05
beaver,cricket,-9.875070571899414,-7.05718994140625e-05
beaver,grasshopper,-10.125055313110352,-5.53131103515625e-05
beaver,locust,-9.62508773803711,-8.7738037109375e-05
beaver,dragonfly,-9.937568664550781,-6.866455078125e-05
beaver,flea,-9.750078201293945,-7.82012939453125e-05
beaver,housefly,-9.812572479248047,-7.2479248046875e-05
beaver,mosquito,-9.750082015991211,-8.20159912109375e-05
beaver,stick_insect,-9.562589645385742,-8.96453857421875e-05
beaver,termite,-9.937566757202148,-6.67572021484375e-05
beaver,centipede,-9.937572479248047,-7.2479248046875e-05
beaver,millipede,-9.625089645385742,-8.96453857421875e-05
beaver,scorpion,-10.12506103515625,-6.103515625e-05
beaver,spider,-10.062562942504883,-6.29425048828125e-05
beaver,tarantula,-9.750080108642578,-8.0108642578125e-05
beaver,crab,-10.06256103515625,-6.103515625e-05
beaver,crayfish,-9.750080108642578,-8.0108642578125e-05
beaver,lobster,-9.625083923339844,-8.392333984375e-05
beaver,prawn,-9.687580108642578,-8.0108642578125e-05
beaver,shrimp,-9.750078201293945,-7.82012939453125e-05
beaver,slug,-9.937566757202148,-6.67572021484375e-05
beaver,snail,-10.062559127807617,-5.91278076171875e-05
beaver,clam,-9.62508773803711,-8.7738037109375e-05
beaver,mussel,-9.625089645385742,-8.96453857421875e-05
beaver,scallop,-9.750080108642578,-8.0108642578125e-05
beaver,oyster,-9.437602996826172,-0.000102996826171875
beaver,squid,-10.187555313110352,-5.53131103515625e-05
beaver,octopus,-9.812576293945312,-7.62939453125e-05
beaver,worm,-10.000062942504883,-6.29425048828125e-05
beaver,jellyfish,-10.125059127807617,-5.91278076171875e-05
chipmunk,animal,-5.14984130859375e-05,-11.625051498413086
chipmunk,vertebrate,-7.82012939453125e-05,-10.437578201293945
chipmunk,invertebrate,-10.125062942504883,-6.29425048828125e-05
chipmunk,mammal,-3.24249267578125e-05,-11.750032424926758
chipmunk,bird,-10.187555313110352,-5.53131103515625e-05
chipmunk,reptile,-10.312551498413086,-5.14984130859375e-05
chipmunk,amphibian,-10.312551498413086,-5.14984130859375e-05
chipmunk,fish,-10.187553405761719,-5.340576171875e-05
chipmunk,arthropod,-10.375055313110352,-5.53131103515625e-05
chipmunk,insect,-10.187557220458984,-5.7220458984375e-05
chipmunk,bird of prey,-10.062566757202148,-6.67572021484375e-05
chipmunk,aquatic bird,-9.937576293945312,-7.62939453125e-05
chipmunk,canine,-9.937566757202148,-6.67572021484375e-05
chipmunk,feline,-10.062559127807617,-5.91278076171875e-05
chipmunk,primate,-10.125057220458984,-5.7220458984375e-05
chipmunk,aquatic mammal,-9.875076293945312,-7.62939453125e-05
chipmunk,rodent,-3.4332275390625e-05,-11.75003433227539
chipmunk,bat,-10.125059127807617,-5.91278076171875e-05
chipmunk,bear,-9.812572479248047,-7.2479248046875e-05
chipmunk,cat,-10.125057220458984,-5.7220458984375e-05
chipmunk,cheetah,-10.062562942504883,-6.29425048828125e-05
chipmunk,leopard,-9.375110626220703,-0.000110626220703125
chipmunk,lion,-9.750082015991211,-8.20159912109375e-05
chipmunk,panther,-9.750082015991211,-8.20159912109375e-05
chipmunk,tiger,-9.562591552734375,-9.1552734375e-05
chipmunk,dog,-10.000064849853516,-6.4849853515625e-05
chipmunk,fox,-10.000062942504883,-6.29425048828125e-05
chipmunk,hyena,-9.87507438659668,-7.43865966796875e-05
chipmunk,wolf,-10.000064849853516,-6.4849853515625e-05
chipmunk,raccoon,-9.750078201293945,-7.82012939453125e-05
chipmunk,skunk,-9.937566757202148,-6.67572021484375e-05
chipmunk,otter,-9.937566757202148,-6.67572021484375e-05
chipmunk,beaver,-9.812572479248047,-7.2479248046875e-05
chipmunk,chipmunk,-0.000270843505859375,-8.87527084350586
chipmunk,squirrel,-9.1552734375e-05,-10.125091552734375
chipmunk,gerbil,-9.37510871887207,-0.0001087188720703125
chipmunk,guinea_pig,-9.625085830688477,-8.58306884765625e-05
chipmunk,hamster,-8.625207901000977,-0.0002079010009765625
chipmunk,mouse,-6.064922332763672,-0.002422332763671875
chipmunk,porcupine,-9.875070571899414,-7.05718994140625e-05
chipmunk,rat,-6.439178466796875,-0.001678466796875
chipmunk,buffalo,-9.750082015991211,-8.20159912109375e-05
chipmunk,cow,-9.750080108642578,-8.0108642578125e-05
chipmunk,ox,-9.625089645385742,-8.96453857421875e-05
chipmunk,goat,-9.812576293945312,-7.62939453125e-05
chipmunk,sheep,-9.875072479248047,-7.2479248046875e-05
chipmunk,deer,-9.750078201293945,-7.82012939453125e-05
chipmunk,moose,-9.750080108642578,-8.0108642578125e-05
chipmunk,giraffe,-9.750082015991211,-8.20159912109375e-05
chipmunk,camel,-9.750080108642578,-8.0108642578125e-05
chipmunk,hippo,-9.56259536743164,-9.5367431640625e-05
chipmunk,llama,-9.687583923339844,-8.392333984375e-05
chipmunk,pig,-9.750080108642578,-8.0108642578125e-05
chipmunk,donkey,-9.812578201293945,-7.82012939453125e-05
chipmunk,horse,-9.812576293945312,-7.62939453125e-05
chipmunk,pony,-9.625089645385742,-8.96453857421875e-05
chipmunk,zebra,-9.812578201293945,-7.82012939453125e-05
chipmunk,rhino,-9.750082015991211,-8.20159912109375e-05
chipmunk,gorilla,-9.687583923339844,-8.392333984375e-05
chipmunk,monkey,-9.875072479248047,-7.2479248046875e-05
chipmunk,hedgehog,-10.125057220458984,-5.7220458984375e-05
chipmunk,rabbit,-10.062559127807617,-5.91278076171875e-05
chipmunk,seal,-9.875072479248047,-7.2479248046875e-05
chipmunk,walrus,-9.750082015991211,-8.20159912109375e-05
chipmunk,dolphin,-9.87507438659668,-7.43865966796875e-05
chipmunk,whale,-10.000066757202148,-6.67572021484375e-05
chipmunk,elephant,-9.687583923339844,-8.392333984375e-05
chipmunk,kangaroo,-9.875072479248047,-7.2479248046875e-05
chipmunk,platypus,-10.062562942504883,-6.29425048828125e-05
chipmunk,crocodile,-10.062562942504883,-6.29425048828125e-05
chipmunk,alligator,-10.062564849853516,-6.4849853515625e-05
chipmunk,lizard,-10.375049591064453,-4.9591064453125e-05
chipmunk,iguana,-10.062562942504883,-6.29425048828125e-05
chipmunk,rattlesnake,-10.000070571899414,-7.05718994140625e-05
chipmunk,tortoise,-10.187555313110352,-5.53131103515625e-05
chipmunk,turtle,-10.125059127807617,-5.91278076171875e-05
chipmunk,frog,-10.250053405761719,-5.340576171875e-05
chipmunk,toad,-10.000066757202148,-6.67572021484375e-05
chipmunk,budgie,-9.750078201293945,-7.82012939453125e-05
chipmunk,parakeet,-10.187559127807617,-5.91278076171875e-05
chipmunk,buzzard,-10.062566757202148,-6.67572021484375e-05
chipmunk,falcon,-9.875072479248047,-7.2479248046875e-05
chipmunk,hawk,-10.062564849853516,-6.4849853515625e-05
chipmunk,eagle,-10.000064849853516,-6.4849853515625e-05
chipmunk,owl,-10.125059127807617,-5.91278076171875e-05
chipmunk,canary,-9.875070571899414,-7.05718994140625e-05
chipmunk,magpie,-10.062562942504883,-6.29425048828125e-05
chipmunk,raven,-10.000064849853516,-6.4849853515625e-05
chipmunk,nightingale,-9.62508773803711,-8.7738037109375e-05
chipmunk,robin,-10.062559127807617,-5.91278076171875e-05
chipmunk,starling,-10.062562942504883,-6.29425048828125e-05
chipmunk,sparrow,-10.06256103515625,-6.103515625e-05
chipmunk,wren,-10.000064849853516,-6.4849853515625e-05
chipmunk,chicken,-9.875072479248047,-7.2479248046875e-05
chipmunk,cockerel,-9.687583923339844,-8.392333984375e-05
chipmunk,turkey,-9.50009536743164,-9.5367431640625e-05
chipmunk,dove,-9.875070571899414,-7.05718994140625e-05
chipmunk,pigeon,-10.250051498413086,-5.14984130859375e-05
chipmunk,partridge,-9.500099182128906,-9.918212890625e-05
chipmunk,peacock,-9.625093460083008,-9.34600830078125e-05
chipmunk,crane,-10.000064849853516,-6.4849853515625e-05
chipmunk,flamingo,-9.750078201293945,-7.82012939453125e-05
chipmunk,heron,-10.12506103515625,-6.103515625e-05
chipmunk,duck,-10.125059127807617,-5.91278076171875e-05
chipmunk,goose,-10.000062942504883,-6.29425048828125e-05
chipmunk,pelican,-9.812576293945312,-7.62939453125e-05
chipmunk,penguin,-10.000064849853516,-6.4849853515625e-05
chipmunk,seagull,-10.062562942504883,-6.29425048828125e-05
chipmunk,swan,-9.875072479248047,-7.2479248046875e-05
chipmunk,hummingbird,-10.062562942504883,-6.29425048828125e-05
chipmunk,kingfisher,-9.750082015991211,-8.20159912109375e-05
chipmunk,woodpecker,-10.06256103515625,-6.103515625e-05
chipmunk,emu,-9.87507438659668,-7.43865966796875e-05
chipmunk,ostrich,-9.812576293945312,-7.62939453125e-05
chipmunk,carp,-9.62508773803711,-8.7738037109375e-05
chipmunk,goldfish,-9.81257438659668,-7.43865966796875e-05
chipmunk,minnow,-9.750080108642578,-8.0108642578125e-05
chipmunk,cod,-9.312612533569336,-0.0001125335693359375
chipmunk,herring,-9.500099182128906,-9.918212890625e-05
chipmunk,sardine,-9.875070571899414,-7.05718994140625e-05
chipmunk,salmon,-9.750080108642578,-8.0108642578125e-05
chipmunk,trout,-9.750078201293945,-7.82012939453125e-05
chipmunk,eel,-10.250055313110352,-5.53131103515625e-05
chipmunk,flounder,-9.750082015991211,-8.20159912109375e-05
chipmunk,mackerel,-9.375110626220703,-0.000110626220703125
chipmunk,tuna,-9.750080108642578,-8.0108642578125e-05
chipmunk,seahorse,-10.000068664550781,-6.866455078125e-05
chipmunk,shark,-10.000066757202148,-6.67572021484375e-05
chipmunk,bee,-10.062562942504883,-6.29425048828125e-05
chipmunk,hornet,-9.93757438659668,-7.43865966796875e-05
chipmunk,wasp,-10.125062942504883,-6.29425048828125e-05
chipmunk,ant,-10.062562942504883,-6.29425048828125e-05
chipmunk,beetle,-10.312551498413086,-5.14984130859375e-05
chipmunk,ladybird,-9.750080108642578,-8.0108642578125e-05
chipmunk,butterfly,-10.062562942504883,-6.29425048828125e-05
chipmunk,moth,-9.937570571899414,-7.05718994140625e-05
chipmunk,cockroach,-10.062566757202148,-6.67572021484375e-05
chipmunk,cricket,-10.062559127807617,-5.91278076171875e-05
chipmunk,grasshopper,-10.187555313110352,-5.53131103515625e-05
chipmunk,locust,-10.000064849853516,-6.4849853515625e-05
chipmunk,dragonfly,-10.12506103515625,-6.103515625e-05
chipmunk,flea,-9.875072479248047,-7.2479248046875e-05
chipmunk,housefly,-10.06256103515625,-6.103515625e-05
chipmunk,mosquito,-10.062564849853516,-6.4849853515625e-05
chipmunk,stick_insect,-9.875070571899414,-7.05718994140625e-05
chipmunk,termite,-10.06256103515625,-6.103515625e-05
chipmunk,centipede,-10.125062942504883,-6.29425048828125e-05
chipmunk,millipede,-9.812580108642578,-8.0108642578125e-05
chipmunk,scorpion,-10.12506103515625,-6.103515625e-05
chipmunk,spider,-10.187559127807617,-5.91278076171875e-05
chipmunk,tarantula,-9.875076293945312,-7.62939453125e-05
chipmunk,crab,-10.062564849853516,-6.4849853515625e-05
chipmunk,crayfish,-9.875072479248047,-7.2479248046875e-05
chipmunk,lobster,-9.750080108642578,-8.0108642578125e-05
chipmunk,prawn,-9.687583923339844,-8.392333984375e-05
chipmunk,shrimp,-9.750082015991211,-8.20159912109375e-05
chipmunk,slug,-10.12506103515625,-6.103515625e-05
chipmunk,snail,-10.125059127807617,-5.91278076171875e-05
chipmunk,clam,-9.68758773803711,-8.7738037109375e-05
chipmunk,mussel,-9.750082015991211,-8.20159912109375e-05
chipmunk,scallop,-9.68758773803711,-8.7738037109375e-05
chipmunk,oyster,-9.43760871887207,-0.0001087188720703125
chipmunk,squid,-10.187555313110352,-5.53131103515625e-05
chipmunk,octopus,-9.875076293945312,-7.62939453125e-05
chipmunk,worm,-10.250053405761719,-5.340576171875e-05
chipmunk,jellyfish,-10.125062942504883,-6.29425048828125e-05
squirrel,animal,-4.76837158203125e-05,-11.68754768371582
squirrel,vertebrate,-7.43865966796875e-05,-10.37507438659668
squirrel,invertebrate,-10.12506103515625,-6.103515625e-05
squirrel,mammal,-3.0517578125e-05,-11.875030517578125
squirrel,bird,-10.250049591064453,-4.9591064453125e-05
squirrel,reptile,-10.312551498413086,-5.14984130859375e-05
squirrel,amphibian,-10.250053405761719,-5.340576171875e-05
squirrel,fish,-10.187553405761719,-5.340576171875e-05
squirrel,arthropod,-10.375055313110352,-5.53131103515625e-05
squirrel,insect,-10.250053405761719,-5.340576171875e-05
squirrel,bird of prey,-10.000068664550781,-6.866455078125e-05
squirrel,aquatic bird,-10.000068664550781,-6.866455078125e-05
squirrel,canine,-10.000062942504883,-6.29425048828125e-05
squirrel,feline,-10.062559127807617,-5.91278076171875e-05
squirrel,primate,-9.875070571899414,-7.05718994140625e-05
squirrel,aquatic mammal,-9.750083923339844,-8.392333984375e-05
squirrel,rodent,-3.24249267578125e-05,-12.062532424926758
squirrel,bat,-10.062562942504883,-6.29425048828125e-05
squirrel,bear,-9.750076293945312,-7.62939453125e-05
squirrel,cat,-10.062559127807617,-5.91278076171875e-05
squirrel,cheetah,-9.875070571899414,-7.05718994140625e-05
squirrel,leopard,-9.562591552734375,-9.1552734375e-05
squirrel,lion,-9.687582015991211,-8.20159912109375e-05
squirrel,panther,-9.625089645385742,-8.96453857421875e-05
squirrel,tiger,-9.62508773803711,-8.7738037109375e-05
squirrel,dog,-10.125055313110352,-5.53131103515625e-05
squirrel,fox,-10.062559127807617,-5.91278076171875e-05
squirrel,hyena,-9.812578201293945,-7.82012939453125e-05
squirrel,wolf,-9.875070571899414,-7.05718994140625e-05
squirrel,raccoon,-9.750078201293945,-7.82012939453125e-05
squirrel,skunk,-9.750080108642578,-8.0108642578125e-05
squirrel,otter,-9.750078201293945,-7.82012939453125e-05
squirrel,beaver,-9.687582015991211,-8.20159912109375e-05
squirrel,chipmunk,-8.125343322753906,-0.00034332275390625
squirrel,squirrel,-0.0001888275146484375,-9.437688827514648
squirrel,gerbil,-9.50009536743164,-9.5367431640625e-05
squirrel,guinea_pig,-9.81257438659668,-7.43865966796875e-05
squirrel,hamster,-9.437597274780273,-9.72747802734375e-05
squirrel,mouse,-8.062843322753906,-0.00034332275390625
squirrel,porcupine,-9.750078201293945,-7.82012939453125e-05
squirrel,rat,-7.250759124755859,-0.000759124755859375
squirrel,buffalo,-9.62508773803711,-8.7738037109375e-05
squirrel,cow,-9.812576293945312,-7.62939453125e-05
squirrel,ox,-9.562591552734375,-9.1552734375e-05
squirrel,goat,-9.81257438659668,-7.43865966796875e-05
squirrel,sheep,-9.937566757202148,-6.67572021484375e-05
squirrel,deer,-9.562591552734375,-9.1552734375e-05
squirrel,moose,-9.687583923339844,-8.392333984375e-05
squirrel,giraffe,-9.500097274780273,-9.72747802734375e-05
squirrel,camel,-9.62508773803711,-8.7738037109375e-05
squirrel,hippo,-9.437604904174805,-0.0001049041748046875
squirrel,llama,-9.500097274780273,-9.72747802734375e-05
squirrel,pig,-9.812576293945312,-7.62939453125e-05
squirrel,donkey,-9.812576293945312,-7.62939453125e-05
squirrel,horse,-9.750080108642578,-8.0108642578125e-05
squirrel,pony,-9.625085830688477,-8.58306884765625e-05
squirrel,zebra,-9.750080108642578,-8.0108642578125e-05
squirrel,rhino,-9.750080108642578,-8.0108642578125e-05
squirrel,gorilla,-9.437601089477539,-0.0001010894775390625
squirrel,monkey,-9.750078201293945,-7.82012939453125e-05
squirrel,hedgehog,-10.062562942504883,-6.29425048828125e-05
squirrel,rabbit,-10.062559127807617,-5.91278076171875e-05
squirrel,seal,-9.750078201293945,-7.82012939453125e-05
squirrel,walrus,-9.437604904174805,-0.0001049041748046875
squirrel,dolphin,-9.750080108642578,-8.0108642578125e-05
squirrel,whale,-9.750080108642578,-8.0108642578125e-05
squirrel,elephant,-9.625085830688477,-8.58306884765625e-05
squirrel,kangaroo,-9.687583923339844,-8.392333984375e-05
squirrel,platypus,-9.750080108642578,-8.0108642578125e-05
squirrel,crocodile,-9.750080108642578,-8.0108642578125e-05
squirrel,alligator,-9.875072479248047,-7.2479248046875e-05
squirrel,lizard,-10.312551498413086,-5.14984130859375e-05
squirrel,iguana,-9.812576293945312,-7.62939453125e-05
squirrel,rattlesnake,-9.750082015991211,-8.20159912109375e-05
squirrel,tortoise,-10.06256103515625,-6.103515625e-05
squirrel,turtle,-10.000064849853516,-6.4849853515625e-05
squirrel,frog,-10.125059127807617,-5.91278076171875e-05
squirrel,toad,-9.87507438659668,-7.43865966796875e-05
squirrel,budgie,-9.562591552734375,-9.1552734375e-05
squirrel,parakeet,-10.000068664550781,-6.866455078125e-05
squirrel,buzzard,-10.000066757202148,-6.67572021484375e-05
squirrel,falcon,-9.750080108642578,-8.0108642578125e-05
squirrel,hawk,-10.000064849853516,-6.4849853515625e-05
squirrel,eagle,-9.81257438659668,-7.43865966796875e-05
squirrel,owl,-10.06256103515625,-6.103515625e-05
squirrel,canary,-9.687582015991211,-8.20159912109375e-05
squirrel,magpie,-10.000064849853516,-6.4849853515625e-05
squirrel,raven,-9.81257438659668,-7.43865966796875e-05
squirrel,nightingale,-9.375106811523438,-0.0001068115234375
squirrel,robin,-9.875068664550781,-6.866455078125e-05
squirrel,starling,-9.750080108642578,-8.0108642578125e-05
squirrel,sparrow,-10.06256103515625,-6.103515625e-05
squirrel,wren,-9.750078201293945,-7.82012939453125e-05
squirrel,chicken,-9.875070571899414,-7.05718994140625e-05
squirrel,cockerel,-9.437606811523438,-0.0001068115234375
squirrel,turkey,-9.437601089477539,-0.0001010894775390625
squirrel,dove,-9.750078201293945,-7.82012939453125e-05
squirrel,pigeon,-9.875068664550781,-6.866455078125e-05
squirrel,partridge,-9.62508773803711,-8.7738037109375e-05
squirrel,peacock,-9.437604904174805,-0.0001049041748046875
squirrel,crane,-9.62508773803711,-8.7738037109375e-05
squirrel,flamingo,-9.687580108642578,-8.0108642578125e-05
squirrel,heron,-9.937570571899414,-7.05718994140625e-05
squirrel,duck,-10.062562942504883,-6.29425048828125e-05
squirrel,goose,-9.875070571899414,-7.05718994140625e-05
squirrel,pelican,-9.437604904174805,-0.0001049041748046875
squirrel,penguin,-9.812576293945312,-7.62939453125e-05
squirrel,seagull,-9.812576293945312,-7.62939453125e-05
squirrel,swan,-9.750080108642578,-8.0108642578125e-05
squirrel,hummingbird,-9.81257438659668,-7.43865966796875e-05
squirrel,kingfisher,-9.750080108642578,-8.0108642578125e-05
squirrel,woodpecker,-9.75007438659668,-7.43865966796875e-05
squirrel,emu,-9.750080108642578,-8.0108642578125e-05
squirrel,ostrich,-9.625085830688477,-8.58306884765625e-05
squirrel,carp,-9.687583923339844,-8.392333984375e-05
squirrel,goldfish,-9.750080108642578,-8.0108642578125e-05
squirrel,minnow,-9.750082015991211,-8.20159912109375e-05
squirrel,cod,-9.250116348266602,-0.0001163482666015625
squirrel,herring,-9.500099182128906,-9.918212890625e-05
squirrel,sardine,-9.750080108642578,-8.0108642578125e-05
squirrel,salmon,-9.562591552734375,-9.1552734375e-05
squirrel,trout,-9.687580108642578,-8.0108642578125e-05
squirrel,eel,-9.937568664550781,-6.866455078125e-05
squirrel,flounder,-9.437602996826172,-0.000102996826171875
squirrel,mackerel,-9.375110626220703,-0.000110626220703125
squirrel,tuna,-9.625083923339844,-8.392333984375e-05
squirrel,seahorse,-9.687585830688477,-8.58306884765625e-05
squirrel,shark,-9.687583923339844,-8.392333984375e-05
squirrel,bee,-10.06256103515625,-6.103515625e-05
squirrel,hornet,-9.87507438659668,-7.43865966796875e-05
squirrel,wasp,-10.062564849853516,-6.4849853515625e-05
squirrel,ant,-9.875072479248047,-7.2479248046875e-05
squirrel,beetle,-10.250053405761719,-5.340576171875e-05
squirrel,ladybird,-9.62508773803711,-8.7738037109375e-05
squirrel,butterfly,-10.062562942504883,-6.29425048828125e-05
squirrel,moth,-9.87507438659668,-7.43865966796875e-05
squirrel,cockroach,-9.750082015991211,-8.20159912109375e-05
squirrel,cricket,-10.062559127807617,-5.91278076171875e-05
squirrel,grasshopper,-10.125057220458984,-5.7220458984375e-05
squirrel,locust,-9.81257438659668,-7.43865966796875e-05
squirrel,dragonfly,-10.000066757202148,-6.67572021484375e-05
squirrel,flea,-9.812576293945312,-7.62939453125e-05
squirrel,housefly,-10.000066757202148,-6.67572021484375e-05
squirrel,mosquito,-9.875072479248047,-7.2479248046875e-05
squirrel,stick_insect,-9.625085830688477,-8.58306884765625e-05
squirrel,termite,-9.81257438659668,-7.43865966796875e-05
squirrel,centipede,-10.000068664550781,-6.866455078125e-05
squirrel,millipede,-9.812578201293945,-7.82012939453125e-05
squirrel,scorpion,-10.000068664550781,-6.866455078125e-05
squirrel,spider,-10.062564849853516,-6.4849853515625e-05
squirrel,tarantula,-9.750082015991211,-8.20159912109375e-05
squirrel,crab,-9.812576293945312,-7.62939453125e-05
squirrel,crayfish,-9.750080108642578,-8.0108642578125e-05
squirrel,lobster,-9.562591552734375,-9.1552734375e-05
squirrel,prawn,-9.62508773803711,-8.7738037109375e-05
squirrel,shrimp,-9.750080108642578,-8.0108642578125e-05
squirrel,slug,-9.750082015991211,-8.20159912109375e-05
squirrel,snail,-10.000064849853516,-6.4849853515625e-05
squirrel,clam,-9.625089645385742,-8.96453857421875e-05
squirrel,mussel,-9.687585830688477,-8.58306884765625e-05
squirrel,scallop,-9.437604904174805,-0.0001049041748046875
squirrel,oyster,-9.312616348266602,-0.0001163482666015625
squirrel,squid,-9.750080108642578,-8.0108642578125e-05
squirrel,octopus,-9.750082015991211,-8.20159912109375e-05
squirrel,worm,-10.125059127807617,-5.91278076171875e-05
squirrel,jellyfish,-10.000068664550781,-6.866455078125e-05
gerbil,animal,-6.103515625e-05,-11.50006103515625
gerbil,vertebrate,-0.0001430511474609375,-9.500143051147461
gerbil,invertebrate,-10.062564849853516,-6.4849853515625e-05
gerbil,mammal,-4.1961669921875e-05,-11.500041961669922
gerbil,bird,-10.125057220458984,-5.7220458984375e-05
gerbil,reptile,-10.250053405761719,-5.340576171875e-05
gerbil,amphibian,-10.12506103515625,-6.103515625e-05
gerbil,fish,-10.312549591064453,-4.9591064453125e-05
gerbil,arthropod,-10.18756103515625,-6.103515625e-05
gerbil,insect,-10.12506103515625,-6.103515625e-05
gerbil,bird of prey,-9.93757438659668,-7.43865966796875e-05
gerbil,aquatic bird,-9.687593460083008,-9.34600830078125e-05
gerbil,canine,-9.687580108642578,-8.0108642578125e-05
gerbil,feline,-9.750076293945312,-7.62939453125e-05
gerbil,primate,-9.875070571899414,-7.05718994140625e-05
gerbil,aquatic mammal,-9.62509536743164,-9.5367431640625e-05
gerbil,rodent,-4.1961669921875e-05,-11.750041961669922
gerbil,bat,-9.812576293945312,-7.62939453125e-05
gerbil,bear,-9.687582015991211,-8.20159912109375e-05
gerbil,cat,-10.125057220458984,-5.7220458984375e-05
gerbil,cheetah,-9.750082015991211,-8.20159912109375e-05
gerbil,leopard,-9.312618255615234,-0.000118255615234375
gerbil,lion,-9.437604904174805,-0.0001049041748046875
gerbil,panther,-9.500101089477539,-0.0001010894775390625
gerbil,tiger,-9.437606811523438,-0.0001068115234375
gerbil,dog,-10.125057220458984,-5.7220458984375e-05
gerbil,fox,-9.500097274780273,-9.72747802734375e-05
gerbil,hyena,-9.500099182128906,-9.918212890625e-05
gerbil,wolf,-9.62508773803711,-8.7738037109375e-05
gerbil,raccoon,-9.500099182128906,-9.918212890625e-05
gerbil,skunk,-9.437602996826172,-0.000102996826171875
gerbil,otter,-9.62508773803711,-8.7738037109375e-05
gerbil,beaver,-9.437601089477539,-0.0001010894775390625
gerbil,chipmunk,-7.250764846801758,-0.0007648468017578125
gerbil,squirrel,-6.501583099365234,-0.001583099365234375
gerbil,gerbil,-0.000385284423828125,-8.437885284423828
gerbil,guinea_pig,-10.187557220458984,-5.7220458984375e-05
gerbil,hamster,-8.500236511230469,-0.00023651123046875
gerbil,mouse,-2.6959171295166016,-0.07091712951660156
gerbil,porcupine,-9.375110626220703,-0.000110626220703125
gerbil,rat,-1.6020946502685547,-0.2270946502685547
gerbil,buffalo,-9.375110626220703,-0.000110626220703125
gerbil,cow,-9.750082015991211,-8.20159912109375e-05
gerbil,ox,-9.2501220703125,-0.0001220703125
gerbil,goat,-9.750082015991211,-8.20159912109375e-05
gerbil,sheep,-9.687585830688477,-8.58306884765625e-05
gerbil,deer,-9.625089645385742,-8.96453857421875e-05
gerbil,moose,-9.625091552734375,-9.1552734375e-05
gerbil,giraffe,-9.56259536743164,-9.5367431640625e-05
gerbil,camel,-9.375110626220703,-0.000110626220703125
gerbil,hippo,-9.375110626220703,-0.000110626220703125
gerbil,llama,-9.37510871887207,-0.0001087188720703125
gerbil,pig,-9.500099182128906,-9.918212890625e-05
gerbil,donkey,-9.68758773803711,-8.7738037109375e-05
gerbil,horse,-9.687585830688477,-8.58306884765625e-05
gerbil,pony,-9.437606811523438,-0.0001068115234375
gerbil,zebra,-9.437606811523438,-0.0001068115234375
gerbil,rhino,-9.500101089477539,-0.0001010894775390625
gerbil,gorilla,-9.437604904174805,-0.0001049041748046875
gerbil,monkey,-9.875072479248047,-7.2479248046875e-05
gerbil,hedgehog,-9.812578201293945,-7.82012939453125e-05
gerbil,rabbit,-9.875068664550781,-6.866455078125e-05
gerbil,seal,-9.625089645385742,-8.96453857421875e-05
gerbil,walrus,-9.437606811523438,-0.0001068115234375
gerbil,dolphin,-9.687585830688477,-8.58306884765625e-05
gerbil,whale,-9.750080108642578,-8.0108642578125e-05
gerbil,elephant,-9.500099182128906,-9.918212890625e-05
gerbil,kangaroo,-9.56259536743164,-9.5367431640625e-05
gerbil,platypus,-9.562597274780273,-9.72747802734375e-05
gerbil,crocodile,-9.687585830688477,-8.58306884765625e-05
gerbil,alligator,-9.687589645385742,-8.96453857421875e-05
gerbil,lizard,-10.312551498413086,-5.14984130859375e-05
gerbil,iguana,-9.750080108642578,-8.0108642578125e-05
gerbil,rattlesnake,-9.625091552734375,-9.1552734375e-05
gerbil,tortoise,-10.06256103515625,-6.103515625e-05
gerbil,turtle,-10.062562942504883,-6.29425048828125e-05
gerbil,frog,-10.12506103515625,-6.103515625e-05
gerbil,toad,-9.812576293945312,-7.62939453125e-05
gerbil,budgie,-9.750080108642578,-8.0108642578125e-05
gerbil,parakeet,-10.062566757202148,-6.67572021484375e-05
gerbil,buzzard,-9.62509536743164,-9.5367431640625e-05
gerbil,falcon,-9.56259536743164,-9.5367431640625e-05
gerbil,hawk,-9.750082015991211,-8.20159912109375e-05
gerbil,eagle,-9.750082015991211,-8.20159912109375e-05
gerbil,owl,-9.750080108642578,-8.0108642578125e-05
gerbil,canary,-9.750078201293945,-7.82012939453125e-05
gerbil,magpie,-9.437604904174805,-0.0001049041748046875
gerbil,raven,-9.56259536743164,-9.5367431640625e-05
gerbil,nightingale,-9.187627792358398,-0.0001277923583984375
gerbil,robin,-9.500097274780273,-9.72747802734375e-05
gerbil,starling,-9.312620162963867,-0.0001201629638671875
gerbil,sparrow,-9.750080108642578,-8.0108642578125e-05
gerbil,wren,-9.37510871887207,-0.0001087188720703125
gerbil,chicken,-9.812576293945312,-7.62939453125e-05
gerbil,cockerel,-9.312620162963867,-0.0001201629638671875
gerbil,turkey,-9.437602996826172,-0.000102996826171875
gerbil,dove,-9.500097274780273,-9.72747802734375e-05
gerbil,pigeon,-9.750080108642578,-8.0108642578125e-05
gerbil,partridge,-9.125139236450195,-0.0001392364501953125
gerbil,peacock,-9.500101089477539,-0.0001010894775390625
gerbil,crane,-9.56259536743164,-9.5367431640625e-05
gerbil,flamingo,-9.500097274780273,-9.72747802734375e-05
gerbil,heron,-9.750083923339844,-8.392333984375e-05
gerbil,duck,-9.87507438659668,-7.43865966796875e-05
gerbil,goose,-9.687585830688477,-8.58306884765625e-05
gerbil,pelican,-9.437606811523438,-0.0001068115234375
gerbil,penguin,-9.500101089477539,-0.0001010894775390625
gerbil,seagull,-9.750083923339844,-8.392333984375e-05
gerbil,swan,-9.68758773803711,-8.7738037109375e-05
gerbil,hummingbird,-9.56259536743164,-9.5367431640625e-05
gerbil,kingfisher,-9.312620162963867,-0.0001201629638671875
gerbil,woodpecker,-9.312616348266602,-0.0001163482666015625
gerbil,emu,-9.56259536743164,-9.5367431640625e-05
gerbil,ostrich,-9.562593460083008,-9.34600830078125e-05
gerbil,carp,-9.437602996826172,-0.000102996826171875
gerbil,goldfish,-9.875072479248047,-7.2479248046875e-05
gerbil,minnow,-9.56259536743164,-9.5367431640625e-05
gerbil,cod,-9.000146865844727,-0.0001468658447265625
gerbil,herring,-9.312616348266602,-0.0001163482666015625
gerbil,sardine,-9.562591552734375,-9.1552734375e-05
gerbil,salmon,-9.625085830688477,-8.58306884765625e-05
gerbil,trout,-9.625085830688477,-8.58306884765625e-05
gerbil,eel,-9.875072479248047,-7.2479248046875e-05
gerbil,flounder,-9.312616348266602,-0.0001163482666015625
gerbil,mackerel,-9.250123977661133,-0.0001239776611328125
gerbil,tuna,-9.437604904174805,-0.0001049041748046875
gerbil,seahorse,-9.750083923339844,-8.392333984375e-05
gerbil,shark,-9.750080108642578,-8.0108642578125e-05
gerbil,bee,-9.750082015991211,-8.20159912109375e-05
gerbil,hornet,-9.750083923339844,-8.392333984375e-05
gerbil,wasp,-9.875078201293945,-7.82012939453125e-05
gerbil,ant,-9.625091552734375,-9.1552734375e-05
gerbil,beetle,-9.812576293945312,-7.62939453125e-05
gerbil,ladybird,-9.312616348266602,-0.0001163482666015625
gerbil,butterfly,-10.000070571899414,-7.05718994140625e-05
gerbil,moth,-9.437606811523438,-0.0001068115234375
gerbil,cockroach,-9.750082015991211,-8.20159912109375e-05
gerbil,cricket,-9.62508773803711,-8.7738037109375e-05
gerbil,grasshopper,-9.812576293945312,-7.62939453125e-05
gerbil,locust,-9.625089645385742,-8.96453857421875e-05
gerbil,dragonfly,-9.87507438659668,-7.43865966796875e-05
gerbil,flea,-9.562597274780273,-9.72747802734375e-05
gerbil,housefly,-9.875072479248047,-7.2479248046875e-05
gerbil,mosquito,-9.812578201293945,-7.82012939453125e-05
gerbil,stick_insect,-9.500099182128906,-9.918212890625e-05
gerbil,termite,-9.687582015991211,-8.20159912109375e-05
gerbil,centipede,-9.750083923339844,-8.392333984375e-05
gerbil,millipede,-9.437606811523438,-0.0001068115234375
gerbil,scorpion,-9.812578201293945,-7.82012939453125e-05
gerbil,spider,-10.062566757202148,-6.67572021484375e-05
gerbil,tarantula,-9.750082015991211,-8.20159912109375e-05
gerbil,crab,-9.750082015991211,-8.20159912109375e-05
gerbil,crayfish,-9.562599182128906,-9.918212890625e-05
gerbil,lobster,-9.437604904174805,-0.0001049041748046875
gerbil,prawn,-9.37510871887207,-0.0001087188720703125
gerbil,shrimp,-9.625093460083008,-9.34600830078125e-05
gerbil,slug,-10.000066757202148,-6.67572021484375e-05
gerbil,snail,-10.000066757202148,-6.67572021484375e-05
gerbil,clam,-9.437606811523438,-0.0001068115234375
gerbil,mussel,-9.437606811523438,-0.0001068115234375
gerbil,scallop,-9.312616348266602,-0.0001163482666015625
gerbil,oyster,-9.250123977661133,-0.0001239776611328125
gerbil,squid,-9.81257438659668,-7.43865966796875e-05
gerbil,octopus,-9.562597274780273,-9.72747802734375e-05
gerbil,worm,-10.125059127807617,-5.91278076171875e-05
gerbil,jellyfish,-10.000070571899414,-7.05718994140625e-05
guinea_pig,animal,-6.103515625e-05,-11.50006103515625
guinea_pig,vertebrate,-7.05718994140625e-05,-10.500070571899414
guinea_pig,invertebrate,-10.125062942504883,-6.29425048828125e-05
guinea_pig,mammal,-3.4332275390625e-05,-11.75003433227539
guinea_pig,bird,-10.06256103515625,-6.103515625e-05
guinea_pig,reptile,-10.187553405761719,-5.340576171875e-05
guinea_pig,amphibian,-10.250053405761719,-5.340576171875e-05
guinea_pig,fish,-10.250053405761719,-5.340576171875e-05
guinea_pig,arthropod,-10.25006103515625,-6.103515625e-05
guinea_pig,insect,-10.125062942504883,-6.29425048828125e-05
guinea_pig,bird of prey,-10.000070571899414,-7.05718994140625e-05
guinea_pig,aquatic bird,-9.750085830688477,-8.58306884765625e-05
guinea_pig,canine,-9.937562942504883,-6.29425048828125e-05
guinea_pig,feline,-9.875068664550781,-6.866455078125e-05
guinea_pig,primate,-10.000062942504883,-6.29425048828125e-05
guinea_pig,aquatic mammal,-9.625089645385742,-8.96453857421875e-05
guinea_pig,rodent,-3.0517578125e-05,-12.000030517578125
guinea_pig,bat,-9.750082015991211,-8.20159912109375e-05
guinea_pig,bear,-9.375104904174805,-0.0001049041748046875
guinea_pig,cat,-10.312545776367188,-4.57763671875e-05
guinea_pig,cheetah,-9.687585830688477,-8.58306884765625e-05
guinea_pig,leopard,-9.062646865844727,-0.0001468658447265625
guinea_pig,lion,-9.437604904174805,-0.0001049041748046875
guinea_pig,panther,-9.375112533569336,-0.0001125335693359375
guinea_pig,tiger,-9.437606811523438,-0.0001068115234375
guinea_pig,dog,-10.062559127807617,-5.91278076171875e-05
guinea_pig,fox,-9.437601089477539,-0.0001010894775390625
guinea_pig,hyena,-9.625089645385742,-8.96453857421875e-05
guinea_pig,wolf,-9.562589645385742,-8.96453857421875e-05
guinea_pig,raccoon,-9.562593460083008,-9.34600830078125e-05
guinea_pig,skunk,-9.2501220703125,-0.0001220703125
guinea_pig,otter,-9.62508773803711,-8.7738037109375e-05
guinea_pig,beaver,-9.437601089477539,-0.0001010894775390625
guinea_pig,chipmunk,-7.7504730224609375,-0.0004730224609375
guinea_pig,squirrel,-7.375677108764648,-0.0006771087646484375
guinea_pig,gerbil,-9.750080108642578,-8.0108642578125e-05
guinea_pig,guinea_pig,-0.0012760162353515625,-7.063776016235352
guinea_pig,hamster,-9.875066757202148,-6.67572021484375e-05
guinea_pig,mouse,-8.31277084350586,-0.000270843505859375
guinea_pig,porcupine,-8.750188827514648,-0.0001888275146484375
guinea_pig,rat,-6.127294540405273,-0.0022945404052734375
guinea_pig,buffalo,-9.125133514404297,-0.000133514404296875
guinea_pig,cow,-9.562589645385742,-8.96453857421875e-05
guinea_pig,ox,-9.125131607055664,-0.0001316070556640625
guinea_pig,goat,-9.437601089477539,-0.0001010894775390625
guinea_pig,sheep,-9.625085830688477,-8.58306884765625e-05
guinea_pig,deer,-9.437601089477539,-0.0001010894775390625
guinea_pig,moose,-9.56259536743164,-9.5367431640625e-05
guinea_pig,giraffe,-9.500099182128906,-9.918212890625e-05
guinea_pig,camel,-9.312612533569336,-0.0001125335693359375
guinea_pig,hippo,-9.125137329101562,-0.0001373291015625
guinea_pig,llama,-8.125324249267578,-0.000324249267578125
guinea_pig,pig,-7.250766754150391,-0.000766754150390625
guinea_pig,donkey,-9.625089645385742,-8.96453857421875e-05
guinea_pig,horse,-9.875070571899414,-7.05718994140625e-05
guinea_pig,pony,-9.562591552734375,-9.1552734375e-05
guinea_pig,zebra,-9.437606811523438,-0.0001068115234375
guinea_pig,rhino,-9.375112533569336,-0.0001125335693359375
guinea_pig,gorilla,-9.437604904174805,-0.0001049041748046875
guinea_pig,monkey,-9.812578201293945,-7.82012939453125e-05
guinea_pig,hedgehog,-9.750080108642578,-8.0108642578125e-05
guinea_pig,rabbit,-9.375106811523438,-0.0001068115234375
guinea_pig,seal,-9.437602996826172,-0.000102996826171875
guinea_pig,walrus,-9.375112533569336,-0.0001125335693359375
guinea_pig,dolphin,-9.687585830688477,-8.58306884765625e-05
guinea_pig,whale,-9.562593460083008,-9.34600830078125e-05
guinea_pig,elephant,-9.437604904174805,-0.0001049041748046875
guinea_pig,kangaroo,-9.81257438659668,-7.43865966796875e-05
guinea_pig,platypus,-9.750082015991211,-8.20159912109375e-05
guinea_pig,crocodile,-9.687583923339844,-8.392333984375e-05
guinea_pig,alligator,-9.875072479248047,-7.2479248046875e-05
guinea_pig,lizard,-10.31254768371582,-4.76837158203125e-05
guinea_pig,iguana,-9.750078201293945,-7.82012939453125e-05
guinea_pig,rattlesnake,-9.625093460083008,-9.34600830078125e-05
guinea_pig,tortoise,-10.06256103515625,-6.103515625e-05
guinea_pig,turtle,-10.187555313110352,-5.53131103515625e-05
guinea_pig,frog,-10.062562942504883,-6.29425048828125e-05
guinea_pig,toad,-9.750080108642578,-8.0108642578125e-05
guinea_pig,budgie,-9.687585830688477,-8.58306884765625e-05
guinea_pig,parakeet,-10.062566757202148,-6.67572021484375e-05
guinea_pig,buzzard,-9.625093460083008,-9.34600830078125e-05
guinea_pig,falcon,-9.56259536743164,-9.5367431640625e-05
guinea_pig,hawk,-9.687585830688477,-8.58306884765625e-05
guinea_pig,eagle,-9.687585830688477,-8.58306884765625e-05
guinea_pig,owl,-9.687583923339844,-8.392333984375e-05
guinea_pig,canary,-9.687582015991211,-8.20159912109375e-05
guinea_pig,magpie,-9.437606811523438,-0.0001068115234375
guinea_pig,raven,-9.56259536743164,-9.5367431640625e-05
guinea_pig,nightingale,-9.2501220703125,-0.0001220703125
guinea_pig,robin,-9.562589645385742,-8.96453857421875e-05
guinea_pig,starling,-9.437604904174805,-0.0001049041748046875
guinea_pig,sparrow,-9.62508773803711,-8.7738037109375e-05
guinea_pig,wren,-9.312614440917969,-0.00011444091796875
guinea_pig,chicken,-9.812576293945312,-7.62939453125e-05
guinea_pig,cockerel,-9.375112533569336,-0.0001125335693359375
guinea_pig,turkey,-9.437602996826172,-0.000102996826171875
guinea_pig,dove,-9.437601089477539,-0.0001010894775390625
guinea_pig,pigeon,-9.81257438659668,-7.43865966796875e-05
guinea_pig,partridge,-9.062646865844727,-0.0001468658447265625
guinea_pig,peacock,-9.437606811523438,-0.0001068115234375
guinea_pig,crane,-9.500101089477539,-0.0001010894775390625
guinea_pig,flamingo,-9.437602996826172,-0.000102996826171875
guinea_pig,heron,-9.68758773803711,-8.7738037109375e-05
guinea_pig,duck,-9.812578201293945,-7.82012939453125e-05
guinea_pig,goose,-9.750078201293945,-7.82012939453125e-05
guinea_pig,pelican,-9.56259536743164,-9.5367431640625e-05
guinea_pig,penguin,-9.562597274780273,-9.72747802734375e-05
guinea_pig,seagull,-9.750083923339844,-8.392333984375e-05
guinea_pig,swan,-9.625091552734375,-9.1552734375e-05
guinea_pig,hummingbird,-9.625089645385742,-8.96453857421875e-05
guinea_pig,kingfisher,-9.250127792358398,-0.0001277923583984375
guinea_pig,woodpecker,-9.37510871887207,-0.0001087188720703125
guinea_pig,emu,-9.625091552734375,-9.1552734375e-05
guinea_pig,ostrich,-9.62508773803711,-8.7738037109375e-05
guinea_pig,carp,-9.562591552734375,-9.1552734375e-05
guinea_pig,goldfish,-9.87507438659668,-7.43865966796875e-05
guinea_pig,minnow,-9.500099182128906,-9.918212890625e-05
guinea_pig,cod,-9.125131607055664,-0.0001316070556640625
guinea_pig,herring,-9.250123977661133,-0.0001239776611328125
guinea_pig,sardine,-9.500099182128906,-9.918212890625e-05
guinea_pig,salmon,-9.437604904174805,-0.0001049041748046875
guinea_pig,trout,-9.562591552734375,-9.1552734375e-05
guinea_pig,eel,-9.875072479248047,-7.2479248046875e-05
guinea_pig,flounder,-9.37510871887207,-0.0001087188720703125
guinea_pig,mackerel,-9.125137329101562,-0.0001373291015625
guinea_pig,tuna,-9.562591552734375,-9.1552734375e-05
guinea_pig,seahorse,-9.68758773803711,-8.7738037109375e-05
guinea_pig,shark,-9.750082015991211,-8.20159912109375e-05
guinea_pig,bee,-9.687585830688477,-8.58306884765625e-05
guinea_pig,hornet,-9.750083923339844,-8.392333984375e-05
guinea_pig,wasp,-9.750083923339844,-8.392333984375e-05
guinea_pig,ant,-9.56259536743164,-9.5367431640625e-05
guinea_pig,beetle,-9.937566757202148,-6.67572021484375e-05
guinea_pig,ladybird,-9.2501220703125,-0.0001220703125
guinea_pig,butterfly,-9.812578201293945,-7.82012939453125e-05
guinea_pig,moth,-9.437606811523438,-0.0001068115234375
guinea_pig,cockroach,-9.625091552734375,-9.1552734375e-05
guinea_pig,cricket,-9.81257438659668,-7.43865966796875e-05
guinea_pig,grasshopper,-10.000066757202148,-6.67572021484375e-05
guinea_pig,locust,-9.687585830688477,-8.58306884765625e-05
guinea_pig,dragonfly,-9.750080108642578,-8.0108642578125e-05
guinea_pig,flea,-9.312618255615234,-0.000118255615234375
guinea_pig,housefly,-10.000068664550781,-6.866455078125e-05
guinea_pig,mosquito,-9.750083923339844,-8.392333984375e-05
guinea_pig,stick_insect,-9.437602996826172,-0.000102996826171875
guinea_pig,termite,-9.750080108642578,-8.0108642578125e-05
guinea_pig,centipede,-9.812580108642578,-8.0108642578125e-05
guinea_pig,millipede,-9.375112533569336,-0.0001125335693359375
guinea_pig,scorpion,-9.937568664550781,-6.866455078125e-05
guinea_pig,spider,-9.875076293945312,-7.62939453125e-05
guinea_pig,tarantula,-9.687589645385742,-8.96453857421875e-05
guinea_pig,crab,-9.750082015991211,-8.20159912109375e-05
guinea_pig,crayfish,-9.625091552734375,-9.1552734375e-05
guinea_pig,lobster,-9.500097274780273,-9.72747802734375e-05
guinea_pig,prawn,-9.437601089477539,-0.0001010894775390625
guinea_pig,shrimp,-9.625089645385742,-8.96453857421875e-05
guinea_pig,slug,-9.750080108642578,-8.0108642578125e-05
guinea_pig,snail,-9.875070571899414,-7.05718994140625e-05
guinea_pig,clam,-9.375112533569336,-0.0001125335693359375
guinea_pig,mussel,-9.2501220703125,-0.0001220703125
guinea_pig,scallop,-9.250123977661133,-0.0001239776611328125
guinea_pig,oyster,-9.125139236450195,-0.0001392364501953125
guinea_pig,squid,-9.750080108642578,-8.0108642578125e-05
guinea_pig,octopus,-9.562597274780273,-9.72747802734375e-05
guinea_pig,worm,-10.062564849853516,-6.4849853515625e-05
guinea_pig,jellyfish,-9.937570571899414,-7.05718994140625e-05
hamster,animal,-5.14984130859375e-05,-11.562551498413086
hamster,vertebrate,-4.511272430419922,-0.011272430419921875
hamster,invertebrate,-10.06256103515625,-6.103515625e-05
hamster,mammal,-3.0517578125e-05,-11.875030517578125
hamster,bird,-10.125055313110352,-5.53131103515625e-05
hamster,reptile,-10.375045776367188,-4.57763671875e-05
hamster,amphibian,-10.187555313110352,-5.53131103515625e-05
hamster,fish,-10.187551498413086,-5.14984130859375e-05
hamster,arthropod,-10.187559127807617,-5.91278076171875e-05
hamster,insect,-10.250053405761719,-5.340576171875e-05
hamster,bird of prey,-10.06256103515625,-6.103515625e-05
hamster,aquatic bird,-9.812576293945312,-7.62939453125e-05
hamster,canine,-9.812568664550781,-6.866455078125e-05
hamster,feline,-9.875066757202148,-6.67572021484375e-05
hamster,primate,-10.00006103515625,-6.103515625e-05
hamster,aquatic mammal,-9.750080108642578,-8.0108642578125e-05
hamster,rodent,-3.0517578125e-05,-12.125030517578125
hamster,bat,-9.750078201293945,-7.82012939453125e-05
hamster,bear,-9.375101089477539,-0.0001010894775390625
hamster,cat,-10.187551498413086,-5.14984130859375e-05
hamster,cheetah,-9.750076293945312,-7.62939453125e-05
hamster,leopard,-9.437601089477539,-0.0001010894775390625
hamster,lion,-9.437599182128906,-9.918212890625e-05
hamster,panther,-9.562591552734375,-9.1552734375e-05
hamster,tiger,-9.50009536743164,-9.5367431640625e-05
hamster,dog,-10.125053405761719,-5.340576171875e-05
hamster,fox,-9.500093460083008,-9.34600830078125e-05
hamster,hyena,-9.562591552734375,-9.1552734375e-05
hamster,wolf,-9.562589645385742,-8.96453857421875e-05
hamster,raccoon,-9.500093460083008,-9.34600830078125e-05
hamster,skunk,-9.562589645385742,-8.96453857421875e-05
hamster,otter,-9.625085830688477,-8.58306884765625e-05
hamster,beaver,-9.56258773803711,-8.7738037109375e-05
hamster,chipmunk,-7.937892913818359,-0.000392913818359375
hamster,squirrel,-6.876087188720703,-0.001087188720703125
hamster,gerbil,-10.125057220458984,-5.7220458984375e-05
hamster,guinea_pig,-10.31254768371582,-4.76837158203125e-05
hamster,hamster,-0.000324249267578125,-8.750324249267578
hamster,mouse,-3.4092788696289062,-0.03427886962890625
hamster,porcupine,-9.375104904174805,-0.0001049041748046875
hamster,rat,-4.63502311706543,-0.010023117065429688
hamster,buffalo,-9.437601089477539,-0.0001010894775390625
hamster,cow,-9.750076293945312,-7.62939453125e-05
hamster,ox,-9.312610626220703,-0.000110626220703125
hamster,goat,-9.750076293945312,-7.62939453125e-05
hamster,sheep,-9.750076293945312,-7.62939453125e-05
hamster,deer,-9.625085830688477,-8.58306884765625e-05
hamster,moose,-9.50009536743164,-9.5367431640625e-05
hamster,giraffe,-9.562589645385742,-8.96453857421875e-05
hamster,camel,-9.437599182128906,-9.918212890625e-05
hamster,hippo,-9.375106811523438,-0.0001068115234375
hamster,llama,-9.437601089477539,-0.0001010894775390625
hamster,pig,-9.437599182128906,-9.918212890625e-05
hamster,donkey,-9.81257438659668,-7.43865966796875e-05
hamster,horse,-9.750076293945312,-7.62939453125e-05
hamster,pony,-9.562589645385742,-8.96453857421875e-05
hamster,zebra,-9.62508773803711,-8.7738037109375e-05
hamster,rhino,-9.562591552734375,-9.1552734375e-05
hamster,gorilla,-9.50009536743164,-9.5367431640625e-05
hamster,monkey,-10.000062942504883,-6.29425048828125e-05
hamster,hedgehog,-9.812572479248047,-7.2479248046875e-05
hamster,rabbit,-10.062557220458984,-5.7220458984375e-05
hamster,seal,-9.625085830688477,-8.58306884765625e-05
hamster,walrus,-9.437601089477539,-0.0001010894775390625
hamster,dolphin,-9.875070571899414,-7.05718994140625e-05
hamster,whale,-9.750078201293945,-7.82012939453125e-05
hamster,elephant,-9.500093460083008,-9.34600830078125e-05
hamster,kangaroo,-9.687582015991211,-8.20159912109375e-05
hamster,platypus,-9.750078201293945,-7.82012939453125e-05
hamster,crocodile,-9.687580108642578,-8.0108642578125e-05
hamster,alligator,-9.750076293945312,-7.62939453125e-05
hamster,lizard,-10.437543869018555,-4.38690185546875e-05
hamster,iguana,-9.750076293945312,-7.62939453125e-05
hamster,rattlesnake,-9.687583923339844,-8.392333984375e-05
hamster,tortoise,-10.062557220458984,-5.7220458984375e-05
hamster,turtle,-10.06256103515625,-6.103515625e-05
hamster,frog,-10.187553405761719,-5.340576171875e-05
hamster,toad,-9.875068664550781,-6.866455078125e-05
hamster,budgie,-9.750078201293945,-7.82012939453125e-05
hamster,parakeet,-10.062562942504883,-6.29425048828125e-05
hamster,buzzard,-9.812576293945312,-7.62939453125e-05
hamster,falcon,-9.625085830688477,-8.58306884765625e-05
hamster,hawk,-9.750078201293945,-7.82012939453125e-05
hamster,eagle,-9.750076293945312,-7.62939453125e-05
hamster,owl,-9.750076293945312,-7.62939453125e-05
hamster,canary,-9.75007438659668,-7.43865966796875e-05
hamster,magpie,-9.562591552734375,-9.1552734375e-05
hamster,raven,-9.562591552734375,-9.1552734375e-05
hamster,nightingale,-9.375104904174805,-0.0001049041748046875
hamster,robin,-9.687578201293945,-7.82012939453125e-05
hamster,starling,-9.500097274780273,-9.72747802734375e-05
hamster,sparrow,-9.875068664550781,-6.866455078125e-05
hamster,wren,-9.437599182128906,-9.918212890625e-05
hamster,chicken,-9.875068664550781,-6.866455078125e-05
hamster,cockerel,-9.37510871887207,-0.0001087188720703125
hamster,turkey,-9.437599182128906,-9.918212890625e-05
hamster,dove,-9.687580108642578,-8.0108642578125e-05
hamster,pigeon,-9.875066757202148,-6.67572021484375e-05
hamster,partridge,-9.37510871887207,-0.0001087188720703125
hamster,peacock,-9.500097274780273,-9.72747802734375e-05
hamster,crane,-9.50009536743164,-9.5367431640625e-05
hamster,flamingo,-9.56258773803711,-8.7738037109375e-05
hamster,heron,-9.750080108642578,-8.0108642578125e-05
hamster,duck,-9.875068664550781,-6.866455078125e-05
hamster,goose,-9.750076293945312,-7.62939453125e-05
hamster,pelican,-9.562589645385742,-8.96453857421875e-05
hamster,penguin,-9.750076293945312,-7.62939453125e-05
hamster,seagull,-9.687582015991211,-8.20159912109375e-05
hamster,swan,-9.687582015991211,-8.20159912109375e-05
hamster,hummingbird,-9.687580108642578,-8.0108642578125e-05
hamster,kingfisher,-9.437602996826172,-0.000102996826171875
hamster,woodpecker,-9.56258773803711,-8.7738037109375e-05
hamster,emu,-9.687582015991211,-8.20159912109375e-05
hamster,ostrich,-9.687580108642578,-8.0108642578125e-05
hamster,carp,-9.562589645385742,-8.96453857421875e-05
hamster,goldfish,-9.812572479248047,-7.2479248046875e-05
hamster,minnow,-9.62508773803711,-8.7738037109375e-05
hamster,cod,-9.1876220703125,-0.0001220703125
hamster,herring,-9.375106811523438,-0.0001068115234375
hamster,sardine,-9.687580108642578,-8.0108642578125e-05
hamster,salmon,-9.56258773803711,-8.7738037109375e-05
hamster,trout,-9.75007438659668,-7.43865966796875e-05
hamster,eel,-9.875068664550781,-6.866455078125e-05
hamster,flounder,-9.437599182128906,-9.918212890625e-05
hamster,mackerel,-9.437602996826172,-0.000102996826171875
hamster,tuna,-9.625083923339844,-8.392333984375e-05
hamster,seahorse,-9.687582015991211,-8.20159912109375e-05
hamster,shark,-9.750076293945312,-7.62939453125e-05
hamster,bee,-10.000062942504883,-6.29425048828125e-05
hamster,hornet,-9.56259536743164,-9.5367431640625e-05
hamster,wasp,-9.875072479248047,-7.2479248046875e-05
hamster,ant,-9.625085830688477,-8.58306884765625e-05
hamster,beetle,-10.187553405761719,-5.340576171875e-05
hamster,ladybird,-9.437599182128906,-9.918212890625e-05
hamster,butterfly,-10.06256103515625,-6.103515625e-05
hamster,moth,-9.50009536743164,-9.5367431640625e-05
hamster,cockroach,-9.750078201293945,-7.82012939453125e-05
hamster,cricket,-9.750076293945312,-7.62939453125e-05
hamster,grasshopper,-10.062559127807617,-5.91278076171875e-05
hamster,locust,-9.750076293945312,-7.62939453125e-05
hamster,dragonfly,-10.000062942504883,-6.29425048828125e-05
hamster,flea,-9.750078201293945,-7.82012939453125e-05
hamster,housefly,-10.000064849853516,-6.4849853515625e-05
hamster,mosquito,-9.687583923339844,-8.392333984375e-05
hamster,stick_insect,-9.687580108642578,-8.0108642578125e-05
hamster,termite,-9.750076293945312,-7.62939453125e-05
hamster,centipede,-9.812578201293945,-7.82012939453125e-05
hamster,millipede,-9.562591552734375,-9.1552734375e-05
hamster,scorpion,-10.000062942504883,-6.29425048828125e-05
hamster,spider,-10.06256103515625,-6.103515625e-05
hamster,tarantula,-9.750080108642578,-8.0108642578125e-05
hamster,crab,-9.750078201293945,-7.82012939453125e-05
hamster,crayfish,-9.687582015991211,-8.20159912109375e-05
hamster,lobster,-9.437599182128906,-9.918212890625e-05
hamster,prawn,-9.375104904174805,-0.0001049041748046875
hamster,shrimp,-9.562589645385742,-8.96453857421875e-05
hamster,slug,-9.875068664550781,-6.866455078125e-05
hamster,snail,-10.062559127807617,-5.91278076171875e-05
hamster,clam,-9.50009536743164,-9.5367431640625e-05
hamster,mussel,-9.437602996826172,-0.000102996826171875
hamster,scallop,-9.437601089477539,-0.0001010894775390625
hamster,oyster,-9.312614440917969,-0.00011444091796875
hamster,squid,-9.875066757202148,-6.67572021484375e-05
hamster,octopus,-9.750076293945312,-7.62939453125e-05
hamster,worm,-10.125055313110352,-5.53131103515625e-05
hamster,jellyfish,-9.875070571899414,-7.05718994140625e-05
mouse,animal,-4.57763671875e-05,-11.750045776367188
mouse,vertebrate,-6.29425048828125e-05,-10.625062942504883
mouse,invertebrate,-9.812582015991211,-8.20159912109375e-05
mouse,mammal,-3.4332275390625e-05,-12.12503433227539
mouse,bird,-9.875068664550781,-6.866455078125e-05
mouse,reptile,-10.000064849853516,-6.4849853515625e-05
mouse,amphibian,-10.06256103515625,-6.103515625e-05
mouse,fish,-9.750076293945312,-7.62939453125e-05
mouse,arthropod,-10.062566757202148,-6.67572021484375e-05
mouse,insect,-10.000064849853516,-6.4849853515625e-05
mouse,bird of prey,-9.500101089477539,-0.0001010894775390625
mouse,aquatic bird,-9.312623977661133,-0.0001239776611328125
mouse,canine,-9.875068664550781,-6.866455078125e-05
mouse,feline,-9.687580108642578,-8.0108642578125e-05
mouse,primate,-9.687582015991211,-8.20159912109375e-05
mouse,aquatic mammal,-8.812685012817383,-0.0001850128173828125
mouse,rodent,-3.4332275390625e-05,-12.31253433227539
mouse,bat,-9.62508773803711,-8.7738037109375e-05
mouse,bear,-9.062639236450195,-0.0001392364501953125
mouse,cat,-9.375104904174805,-0.0001049041748046875
mouse,cheetah,-9.375104904174805,-0.0001049041748046875
mouse,leopard,-9.125131607055664,-0.0001316070556640625
mouse,lion,-9.250116348266602,-0.0001163482666015625
mouse,panther,-9.12513542175293,-0.0001354217529296875
mouse,tiger,-9.250118255615234,-0.000118255615234375
mouse,dog,-9.687580108642578,-8.0108642578125e-05
mouse,fox,-9.562589645385742,-8.96453857421875e-05
mouse,hyena,-9.37510871887207,-0.0001087188720703125
mouse,wolf,-9.312612533569336,-0.0001125335693359375
mouse,raccoon,-9.312612533569336,-0.0001125335693359375
mouse,skunk,-9.375106811523438,-0.0001068115234375
mouse,otter,-9.312612533569336,-0.0001125335693359375
mouse,beaver,-9.312610626220703,-0.000110626220703125
mouse,chipmunk,-8.937658309936523,-0.0001583099365234375
mouse,squirrel,-8.437749862670898,-0.0002498626708984375
mouse,gerbil,-9.562591552734375,-9.1552734375e-05
mouse,guinea_pig,-9.875070571899414,-7.05718994140625e-05
mouse,hamster,-9.500093460083008,-9.34600830078125e-05
mouse,mouse,-0.0008983612060546875,-7.500898361206055
mouse,porcupine,-9.375106811523438,-0.0001068115234375
mouse,rat,-8.312786102294922,-0.000286102294921875
mouse,buffalo,-9.125133514404297,-0.000133514404296875
mouse,cow,-9.56258773803711,-8.7738037109375e-05
mouse,ox,-9.312610626220703,-0.000110626220703125
mouse,goat,-9.312612533569336,-0.0001125335693359375
mouse,sheep,-9.437597274780273,-9.72747802734375e-05
mouse,deer,-9.125131607055664,-0.0001316070556640625
mouse,moose,-9.000150680541992,-0.0001506805419921875
mouse,giraffe,-9.125133514404297,-0.000133514404296875
mouse,camel,-9.312612533569336,-0.0001125335693359375
mouse,hippo,-9.000150680541992,-0.0001506805419921875
mouse,llama,-9.125131607055664,-0.0001316070556640625
mouse,pig,-9.437597274780273,-9.72747802734375e-05
mouse,donkey,-9.437602996826172,-0.000102996826171875
mouse,horse,-9.56258773803711,-8.7738037109375e-05
mouse,pony,-9.187625885009766,-0.000125885009765625
mouse,zebra,-9.312612533569336,-0.0001125335693359375
mouse,rhino,-9.375106811523438,-0.0001068115234375
mouse,gorilla,-9.125131607055664,-0.0001316070556640625
mouse,monkey,-9.562591552734375,-9.1552734375e-05
mouse,hedgehog,-9.437602996826172,-0.000102996826171875
mouse,rabbit,-9.437597274780273,-9.72747802734375e-05
mouse,seal,-9.312612533569336,-0.0001125335693359375
mouse,walrus,-9.125133514404297,-0.000133514404296875
mouse,dolphin,-9.375106811523438,-0.0001068115234375
mouse,whale,-9.250116348266602,-0.0001163482666015625
mouse,elephant,-9.250116348266602,-0.0001163482666015625
mouse,kangaroo,-9.437601089477539,-0.0001010894775390625
mouse,platypus,-9.437602996826172,-0.000102996826171875
mouse,crocodile,-9.50009536743164,-9.5367431640625e-05
mouse,alligator,-9.562591552734375,-9.1552734375e-05
mouse,lizard,-10.000064849853516,-6.4849853515625e-05
mouse,iguana,-9.50009536743164,-9.5367431640625e-05
mouse,rattlesnake,-9.56259536743164,-9.5367431640625e-05
mouse,tortoise,-9.437602996826172,-0.000102996826171875
mouse,turtle,-9.562591552734375,-9.1552734375e-05
mouse,frog,-9.937568664550781,-6.866455078125e-05
mouse,toad,-9.62508773803711,-8.7738037109375e-05
mouse,budgie,-9.187627792358398,-0.0001277923583984375
mouse,parakeet,-9.625093460083008,-9.34600830078125e-05
mouse,buzzard,-9.625091552734375,-9.1552734375e-05
mouse,falcon,-9.375110626220703,-0.000110626220703125
mouse,hawk,-9.500097274780273,-9.72747802734375e-05
mouse,eagle,-9.500097274780273,-9.72747802734375e-05
mouse,owl,-9.375106811523438,-0.0001068115234375
mouse,canary,-9.500093460083008,-9.34600830078125e-05
mouse,magpie,-9.437599182128906,-9.918212890625e-05
mouse,raven,-9.375106811523438,-0.0001068115234375
mouse,nightingale,-9.000146865844727,-0.0001468658447265625
mouse,robin,-9.437599182128906,-9.918212890625e-05
mouse,starling,-9.312616348266602,-0.0001163482666015625
mouse,sparrow,-9.500097274780273,-9.72747802734375e-05
mouse,wren,-9.250120162963867,-0.0001201629638671875
mouse,chicken,-9.562589645385742,-8.96453857421875e-05
mouse,cockerel,-9.12513542175293,-0.0001354217529296875
mouse,turkey,-9.187623977661133,-0.0001239776611328125
mouse,dove,-9.437601089477539,-0.0001010894775390625
mouse,pigeon,-9.562589645385742,-8.96453857421875e-05
mouse,partridge,-9.250120162963867,-0.0001201629638671875
mouse,peacock,-9.125133514404297,-0.000133514404296875
mouse,crane,-9.187627792358398,-0.0001277923583984375
mouse,flamingo,-9.062639236450195,-0.0001392364501953125
mouse,heron,-9.437604904174805,-0.0001049041748046875
mouse,duck,-9.562589645385742,-8.96453857421875e-05
mouse,goose,-9.375106811523438,-0.0001068115234375
mouse,pelican,-9.187627792358398,-0.0001277923583984375
mouse,penguin,-9.312610626220703,-0.000110626220703125
mouse,seagull,-9.500097274780273,-9.72747802734375e-05
mouse,swan,-9.312612533569336,-0.0001125335693359375
mouse,hummingbird,-9.2501220703125,-0.0001220703125
mouse,kingfisher,-9.187627792358398,-0.0001277923583984375
mouse,woodpecker,-9.187625885009766,-0.000125885009765625
mouse,emu,-9.187631607055664,-0.0001316070556640625
mouse,ostrich,-9.312612533569336,-0.0001125335693359375
mouse,carp,-9.250118255615234,-0.000118255615234375
mouse,goldfish,-9.375106811523438,-0.0001068115234375
mouse,minnow,-9.187625885009766,-0.000125885009765625
mouse,cod,-8.750185012817383,-0.0001850128173828125
mouse,herring,-9.437601089477539,-0.0001010894775390625
mouse,sardine,-9.50009536743164,-9.5367431640625e-05
mouse,salmon,-9.375104904174805,-0.0001049041748046875
mouse,trout,-9.250118255615234,-0.000118255615234375
mouse,eel,-9.625085830688477,-8.58306884765625e-05
mouse,flounder,-9.125133514404297,-0.000133514404296875
mouse,mackerel,-9.062643051147461,-0.0001430511474609375
mouse,tuna,-9.312610626220703,-0.000110626220703125
mouse,seahorse,-9.312614440917969,-0.00011444091796875
mouse,shark,-9.375106811523438,-0.0001068115234375
mouse,bee,-9.687582015991211,-8.20159912109375e-05
mouse,hornet,-9.625089645385742,-8.96453857421875e-05
mouse,wasp,-9.750082015991211,-8.20159912109375e-05
mouse,ant,-9.625085830688477,-8.58306884765625e-05
mouse,beetle,-9.937568664550781,-6.866455078125e-05
mouse,ladybird,-9.12513542175293,-0.0001354217529296875
mouse,butterfly,-9.750078201293945,-7.82012939453125e-05
mouse,moth,-9.312616348266602,-0.0001163482666015625
mouse,cockroach,-9.687582015991211,-8.20159912109375e-05
mouse,cricket,-9.687580108642578,-8.0108642578125e-05
mouse,grasshopper,-9.750078201293945,-7.82012939453125e-05
mouse,locust,-9.500097274780273,-9.72747802734375e-05
mouse,dragonfly,-9.62508773803711,-8.7738037109375e-05
mouse,flea,-9.812578201293945,-7.82012939453125e-05
mouse,housefly,-9.687582015991211,-8.20159912109375e-05
mouse,mosquito,-9.500099182128906,-9.918212890625e-05
mouse,stick_insect,-9.50009536743164,-9.5367431640625e-05
mouse,termite,-9.50009536743164,-9.5367431640625e-05
mouse,centipede,-9.68758773803711,-8.7738037109375e-05
mouse,millipede,-9.37510871887207,-0.0001087188720703125
mouse,scorpion,-9.750078201293945,-7.82012939453125e-05
mouse,spider,-9.875072479248047,-7.2479248046875e-05
mouse,tarantula,-9.500101089477539,-0.0001010894775390625
mouse,crab,-9.500097274780273,-9.72747802734375e-05
mouse,crayfish,-9.37510871887207,-0.0001087188720703125
mouse,lobster,-9.062639236450195,-0.0001392364501953125
mouse,prawn,-9.125133514404297,-0.000133514404296875
mouse,shrimp,-9.37510871887207,-0.0001087188720703125
mouse,slug,-9.625085830688477,-8.58306884765625e-05
mouse,snail,-9.625085830688477,-8.58306884765625e-05
mouse,clam,-9.2501220703125,-0.0001220703125
mouse,mussel,-9.187625885009766,-0.000125885009765625
mouse,scallop,-9.250120162963867,-0.0001201629638671875
mouse,oyster,-9.125133514404297,-0.000133514404296875
mouse,squid,-9.625083923339844,-8.392333984375e-05
mouse,octopus,-9.437599182128906,-9.918212890625e-05
mouse,worm,-9.750076293945312,-7.62939453125e-05
mouse,jellyfish,-9.625089645385742,-8.96453857421875e-05
porcupine,animal,-6.4849853515625e-05,-11.375064849853516
porcupine,vertebrate,-6.866455078125e-05,-10.687568664550781
porcupine,invertebrate,-10.000070571899414,-7.05718994140625e-05
porcupine,mammal,-4.1961669921875e-05,-11.500041961669922
porcupine,bird,-10.000066757202148,-6.67572021484375e-05
porcupine,reptile,-10.312553405761719,-5.340576171875e-05
porcupine,amphibian,-10.375051498413086,-5.14984130859375e-05
porcupine,fish,-10.125059127807617,-5.91278076171875e-05
porcupine,arthropod,-10.25006103515625,-6.103515625e-05
porcupine,insect,-10.187557220458984,-5.7220458984375e-05
porcupine,bird of prey,-10.250059127807617,-5.91278076171875e-05
porcupine,aquatic bird,-9.625099182128906,-9.918212890625e-05
porcupine,canine,-10.00006103515625,-6.103515625e-05
porcupine,feline,-10.00006103515625,-6.103515625e-05
porcupine,primate,-10.250051498413086,-5.14984130859375e-05
porcupine,aquatic mammal,-9.625089645385742,-8.96453857421875e-05
porcupine,rodent,-4.00543212890625e-05,-11.562540054321289
porcupine,bat,-10.125059127807617,-5.91278076171875e-05
porcupine,bear,-10.062559127807617,-5.91278076171875e-05
porcupine,cat,-9.875066757202148,-6.67572021484375e-05
porcupine,cheetah,-10.12506103515625,-6.103515625e-05
porcupine,leopard,-9.750080108642578,-8.0108642578125e-05
porcupine,lion,-9.875072479248047,-7.2479248046875e-05
porcupine,panther,-9.812576293945312,-7.62939453125e-05
porcupine,tiger,-9.875072479248047,-7.2479248046875e-05
porcupine,dog,-10.125057220458984,-5.7220458984375e-05
porcupine,fox,-10.312549591064453,-4.9591064453125e-05
porcupine,hyena,-10.062564849853516,-6.4849853515625e-05
porcupine,wolf,-10.125062942504883,-6.29425048828125e-05
porcupine,raccoon,-9.750080108642578,-8.0108642578125e-05
porcupine,skunk,-9.562591552734375,-9.1552734375e-05
porcupine,otter,-9.812576293945312,-7.62939453125e-05
porcupine,beaver,-9.750078201293945,-7.82012939453125e-05
porcupine,chipmunk,-9.375106811523438,-0.0001068115234375
porcupine,squirrel,-2.57952880859375,-0.07952880859375
porcupine,gerbil,-9.562593460083008,-9.34600830078125e-05
porcupine,guinea_pig,-9.312614440917969,-0.00011444091796875
porcupine,hamster,-9.500093460083008,-9.34600830078125e-05
porcupine,mouse,-8.812665939331055,-0.0001659393310546875
porcupine,porcupine,-0.000518798828125,-8.125518798828125
porcupine,rat,-8.18780517578125,-0.00030517578125
porcupine,buffalo,-9.875072479248047,-7.2479248046875e-05
porcupine,cow,-9.750078201293945,-7.82012939453125e-05
porcupine,ox,-9.687582015991211,-8.20159912109375e-05
porcupine,goat,-9.687580108642578,-8.0108642578125e-05
porcupine,sheep,-9.812572479248047,-7.2479248046875e-05
porcupine,deer,-9.81257438659668,-7.43865966796875e-05
porcupine,moose,-9.812576293945312,-7.62939453125e-05
porcupine,giraffe,-9.750082015991211,-8.20159912109375e-05
porcupine,camel,-9.750078201293945,-7.82012939453125e-05
porcupine,hippo,-9.56259536743164,-9.5367431640625e-05
porcupine,llama,-9.562591552734375,-9.1552734375e-05
porcupine,pig,-9.437601089477539,-0.0001010894775390625
porcupine,donkey,-9.812576293945312,-7.62939453125e-05
porcupine,horse,-9.875070571899414,-7.05718994140625e-05
porcupine,pony,-9.437602996826172,-0.000102996826171875
porcupine,zebra,-10.000068664550781,-6.866455078125e-05
porcupine,rhino,-9.812576293945312,-7.62939453125e-05
porcupine,gorilla,-9.750080108642578,-8.0108642578125e-05
porcupine,monkey,-10.062562942504883,-6.29425048828125e-05
porcupine,hedgehog,-8.187824249267578,-0.000324249267578125
porcupine,rabbit,-9.875066757202148,-6.67572021484375e-05
porcupine,seal,-10.000064849853516,-6.4849853515625e-05
porcupine,walrus,-9.68758773803711,-8.7738037109375e-05
porcupine,dolphin,-10.000066757202148,-6.67572021484375e-05
porcupine,whale,-9.87507438659668,-7.43865966796875e-05
porcupine,elephant,-9.687582015991211,-8.20159912109375e-05
porcupine,kangaroo,-10.000066757202148,-6.67572021484375e-05
porcupine,platypus,-9.875072479248047,-7.2479248046875e-05
porcupine,crocodile,-10.000066757202148,-6.67572021484375e-05
porcupine,alligator,-10.062564849853516,-6.4849853515625e-05
porcupine,lizard,-10.37504768371582,-4.76837158203125e-05
porcupine,iguana,-10.06256103515625,-6.103515625e-05
porcupine,rattlesnake,-10.12506103515625,-6.103515625e-05
porcupine,tortoise,-10.125057220458984,-5.7220458984375e-05
porcupine,turtle,-10.125059127807617,-5.91278076171875e-05
porcupine,frog,-10.125059127807617,-5.91278076171875e-05
porcupine,toad,-9.875072479248047,-7.2479248046875e-05
porcupine,budgie,-9.562593460083008,-9.34600830078125e-05
porcupine,parakeet,-9.875078201293945,-7.82012939453125e-05
porcupine,buzzard,-10.062566757202148,-6.67572021484375e-05
porcupine,falcon,-9.937570571899414,-7.05718994140625e-05
porcupine,hawk,-10.125062942504883,-6.29425048828125e-05
porcupine,eagle,-10.062562942504883,-6.29425048828125e-05
porcupine,owl,-9.875070571899414,-7.05718994140625e-05
porcupine,canary,-9.750078201293945,-7.82012939453125e-05
porcupine,magpie,-9.812576293945312,-7.62939453125e-05
porcupine,raven,-9.750082015991211,-8.20159912109375e-05
porcupine,nightingale,-9.500099182128906,-9.918212890625e-05
porcupine,robin,-9.750080108642578,-8.0108642578125e-05
porcupine,starling,-9.625093460083008,-9.34600830078125e-05
porcupine,sparrow,-9.81257438659668,-7.43865966796875e-05
porcupine,wren,-9.562591552734375,-9.1552734375e-05
porcupine,chicken,-9.750078201293945,-7.82012939453125e-05
porcupine,cockerel,-9.625089645385742,-8.96453857421875e-05
porcupine,turkey,-9.625085830688477,-8.58306884765625e-05
porcupine,dove,-9.687583923339844,-8.392333984375e-05
porcupine,pigeon,-9.81257438659668,-7.43865966796875e-05
porcupine,partridge,-9.625089645385742,-8.96453857421875e-05
porcupine,peacock,-9.625093460083008,-9.34600830078125e-05
porcupine,crane,-9.750082015991211,-8.20159912109375e-05
porcupine,flamingo,-9.750078201293945,-7.82012939453125e-05
porcupine,heron,-10.000068664550781,-6.866455078125e-05
porcupine,duck,-10.000064849853516,-6.4849853515625e-05
porcupine,goose,-9.750080108642578,-8.0108642578125e-05
porcupine,pelican,-9.750083923339844,-8.392333984375e-05
porcupine,penguin,-9.812576293945312,-7.62939453125e-05
porcupine,seagull,-10.000070571899414,-7.05718994140625e-05
porcupine,swan,-9.87507438659668,-7.43865966796875e-05
porcupine,hummingbird,-9.750080108642578,-8.0108642578125e-05
porcupine,kingfisher,-9.687585830688477,-8.58306884765625e-05
porcupine,woodpecker,-9.750078201293945,-7.82012939453125e-05
porcupine,emu,-9.87507438659668,-7.43865966796875e-05
porcupine,ostrich,-9.750080108642578,-8.0108642578125e-05
porcupine,carp,-9.562593460083008,-9.34600830078125e-05
porcupine,goldfish,-9.687583923339844,-8.392333984375e-05
porcupine,minnow,-9.687589645385742,-8.96453857421875e-05
porcupine,cod,-9.437597274780273,-9.72747802734375e-05
porcupine,herring,-9.56259536743164,-9.5367431640625e-05
porcupine,sardine,-9.875072479248047,-7.2479248046875e-05
porcupine,salmon,-9.750078201293945,-7.82012939453125e-05
porcupine,trout,-9.687582015991211,-8.20159912109375e-05
porcupine,eel,-9.875072479248047,-7.2479248046875e-05
porcupine,flounder,-9.56259536743164,-9.5367431640625e-05
porcupine,mackerel,-9.562597274780273,-9.72747802734375e-05
porcupine,tuna,-9.625089645385742,-8.96453857421875e-05
porcupine,seahorse,-9.68758773803711,-8.7738037109375e-05
porcupine,shark,-10.12506103515625,-6.103515625e-05
porcupine,bee,-10.062562942504883,-6.29425048828125e-05
porcupine,hornet,-9.87507438659668,-7.43865966796875e-05
porcupine,wasp,-10.062566757202148,-6.67572021484375e-05
porcupine,ant,-9.625089645385742,-8.96453857421875e-05
porcupine,beetle,-10.06256103515625,-6.103515625e-05
porcupine,ladybird,-9.500097274780273,-9.72747802734375e-05
porcupine,butterfly,-9.93757438659668,-7.43865966796875e-05
porcupine,moth,-9.625089645385742,-8.96453857421875e-05
porcupine,cockroach,-9.812578201293945,-7.82012939453125e-05
porcupine,cricket,-9.875072479248047,-7.2479248046875e-05
porcupine,grasshopper,-10.06256103515625,-6.103515625e-05
porcupine,locust,-9.750082015991211,-8.20159912109375e-05
porcupine,dragonfly,-10.000068664550781,-6.866455078125e-05
porcupine,flea,-9.625091552734375,-9.1552734375e-05
porcupine,housefly,-9.812578201293945,-7.82012939453125e-05
porcupine,mosquito,-9.750083923339844,-8.392333984375e-05
porcupine,stick_insect,-9.375104904174805,-0.0001049041748046875
porcupine,termite,-9.750078201293945,-7.82012939453125e-05
porcupine,centipede,-10.062564849853516,-6.4849853515625e-05
porcupine,millipede,-9.687583923339844,-8.392333984375e-05
porcupine,scorpion,-10.12506103515625,-6.103515625e-05
porcupine,spider,-10.12506103515625,-6.103515625e-05
porcupine,tarantula,-9.812578201293945,-7.82012939453125e-05
porcupine,crab,-10.062564849853516,-6.4849853515625e-05
porcupine,crayfish,-9.625093460083008,-9.34600830078125e-05
porcupine,lobster,-9.62508773803711,-8.7738037109375e-05
porcupine,prawn,-9.62508773803711,-8.7738037109375e-05
porcupine,shrimp,-9.56259536743164,-9.5367431640625e-05
porcupine,slug,-9.87507438659668,-7.43865966796875e-05
porcupine,snail,-10.000064849853516,-6.4849853515625e-05
porcupine,clam,-9.687585830688477,-8.58306884765625e-05
porcupine,mussel,-9.62508773803711,-8.7738037109375e-05
porcupine,scallop,-9.500101089477539,-0.0001010894775390625
porcupine,oyster,-9.312618255615234,-0.000118255615234375
porcupine,squid,-10.062562942504883,-6.29425048828125e-05
porcupine,octopus,-9.812578201293945,-7.82012939453125e-05
porcupine,worm,-10.06256103515625,-6.103515625e-05
porcupine,jellyfish,-10.125064849853516,-6.4849853515625e-05
rat,animal,-5.53131103515625e-05,-11.687555313110352
rat,vertebrate,-8.20159912109375e-05,-10.437582015991211
rat,invertebrate,-10.000068664550781,-6.866455078125e-05
rat,mammal,-3.62396240234375e-05,-12.125036239624023
rat,bird,-10.06256103515625,-6.103515625e-05
rat,reptile,-10.187557220458984,-5.7220458984375e-05
rat,amphibian,-10.062564849853516,-6.4849853515625e-05
rat,fish,-10.125057220458984,-5.7220458984375e-05
rat,arthropod,-10.25006103515625,-6.103515625e-05
rat,insect,-10.312551498413086,-5.14984130859375e-05
rat,bird of prey,-9.875076293945312,-7.62939453125e-05
rat,aquatic bird,-9.562604904174805,-0.0001049041748046875
rat,canine,-10.062559127807617,-5.91278076171875e-05
rat,feline,-10.062559127807617,-5.91278076171875e-05
rat,primate,-10.06256103515625,-6.103515625e-05
rat,aquatic mammal,-8.68770980834961,-0.000209808349609375
rat,rodent,-3.814697265625e-05,-12.375038146972656
rat,bat,-9.875072479248047,-7.2479248046875e-05
rat,bear,-9.625085830688477,-8.58306884765625e-05
rat,cat,-10.062559127807617,-5.91278076171875e-05
rat,cheetah,-9.625089645385742,-8.96453857421875e-05
rat,leopard,-9.375110626220703,-0.000110626220703125
rat,lion,-9.687582015991211,-8.20159912109375e-05
rat,panther,-9.375110626220703,-0.000110626220703125
rat,tiger,-9.500097274780273,-9.72747802734375e-05
rat,dog,-10.125055313110352,-5.53131103515625e-05
rat,fox,-9.875070571899414,-7.05718994140625e-05
rat,hyena,-9.750080108642578,-8.0108642578125e-05
rat,wolf,-9.687583923339844,-8.392333984375e-05
rat,raccoon,-9.625089645385742,-8.96453857421875e-05
rat,skunk,-9.750080108642578,-8.0108642578125e-05
rat,otter,-9.62508773803711,-8.7738037109375e-05
rat,beaver,-9.375106811523438,-0.0001068115234375
rat,chipmunk,-9.312614440917969,-0.00011444091796875
rat,squirrel,-8.812675476074219,-0.00017547607421875
rat,gerbil,-9.562591552734375,-9.1552734375e-05
rat,guinea_pig,-10.000066757202148,-6.67572021484375e-05
rat,hamster,-9.750076293945312,-7.62939453125e-05
rat,mouse,-6.127363204956055,-0.0023632049560546875
rat,porcupine,-9.562591552734375,-9.1552734375e-05
rat,rat,-0.000408172607421875,-8.437908172607422
rat,buffalo,-9.437606811523438,-0.0001068115234375
rat,cow,-9.875072479248047,-7.2479248046875e-05
rat,ox,-9.437601089477539,-0.0001010894775390625
rat,goat,-9.62508773803711,-8.7738037109375e-05
rat,sheep,-9.875070571899414,-7.05718994140625e-05
rat,deer,-9.687583923339844,-8.392333984375e-05
rat,moose,-9.687583923339844,-8.392333984375e-05
rat,giraffe,-9.375112533569336,-0.0001125335693359375
rat,camel,-9.437602996826172,-0.000102996826171875
rat,hippo,-9.250123977661133,-0.0001239776611328125
rat,llama,-9.437602996826172,-0.000102996826171875
rat,pig,-9.625085830688477,-8.58306884765625e-05
rat,donkey,-9.687585830688477,-8.58306884765625e-05
rat,horse,-9.81257438659668,-7.43865966796875e-05
rat,pony,-9.500097274780273,-9.72747802734375e-05
rat,zebra,-9.562593460083008,-9.34600830078125e-05
rat,rhino,-9.56259536743164,-9.5367431640625e-05
rat,gorilla,-9.37510871887207,-0.0001087188720703125
rat,monkey,-9.937568664550781,-6.866455078125e-05
rat,hedgehog,-9.750080108642578,-8.0108642578125e-05
rat,rabbit,-9.875066757202148,-6.67572021484375e-05
rat,seal,-9.56259536743164,-9.5367431640625e-05
rat,walrus,-9.437606811523438,-0.0001068115234375
rat,dolphin,-9.62508773803711,-8.7738037109375e-05
rat,whale,-9.437602996826172,-0.000102996826171875
rat,elephant,-9.562591552734375,-9.1552734375e-05
rat,kangaroo,-9.562591552734375,-9.1552734375e-05
rat,platypus,-9.500101089477539,-0.0001010894775390625
rat,crocodile,-9.62508773803711,-8.7738037109375e-05
rat,alligator,-9.750080108642578,-8.0108642578125e-05
rat,lizard,-10.312551498413086,-5.14984130859375e-05
rat,iguana,-9.750080108642578,-8.0108642578125e-05
rat,rattlesnake,-9.625093460083008,-9.34600830078125e-05
rat,tortoise,-9.62508773803711,-8.7738037109375e-05
rat,turtle,-9.875072479248047,-7.2479248046875e-05
rat,frog,-10.125059127807617,-5.91278076171875e-05
rat,toad,-9.750082015991211,-8.20159912109375e-05
rat,budgie,-9.500099182128906,-9.918212890625e-05
rat,parakeet,-9.875080108642578,-8.0108642578125e-05
rat,buzzard,-9.750083923339844,-8.392333984375e-05
rat,falcon,-9.687585830688477,-8.58306884765625e-05
rat,hawk,-9.750080108642578,-8.0108642578125e-05
rat,eagle,-9.625091552734375,-9.1552734375e-05
rat,owl,-9.625089645385742,-8.96453857421875e-05
rat,canary,-9.687582015991211,-8.20159912109375e-05
rat,magpie,-9.562591552734375,-9.1552734375e-05
rat,raven,-9.500099182128906,-9.918212890625e-05
rat,nightingale,-9.187627792358398,-0.0001277923583984375
rat,robin,-9.562589645385742,-8.96453857421875e-05
rat,starling,-9.500101089477539,-0.0001010894775390625
rat,sparrow,-9.875072479248047,-7.2479248046875e-05
rat,wren,-9.37510871887207,-0.0001087188720703125
rat,chicken,-9.750080108642578,-8.0108642578125e-05
rat,cockerel,-9.375114440917969,-0.00011444091796875
rat,turkey,-9.312614440917969,-0.00011444091796875
rat,dove,-9.562593460083008,-9.34600830078125e-05
rat,pigeon,-9.750080108642578,-8.0108642578125e-05
rat,partridge,-9.500101089477539,-0.0001010894775390625
rat,peacock,-9.312618255615234,-0.000118255615234375
rat,crane,-9.375110626220703,-0.000110626220703125
rat,flamingo,-9.37510871887207,-0.0001087188720703125
rat,heron,-9.625093460083008,-9.34600830078125e-05
rat,duck,-9.875070571899414,-7.05718994140625e-05
rat,goose,-9.62508773803711,-8.7738037109375e-05
rat,pelican,-9.375112533569336,-0.0001125335693359375
rat,penguin,-9.500099182128906,-9.918212890625e-05
rat,seagull,-9.750082015991211,-8.20159912109375e-05
rat,swan,-9.625089645385742,-8.96453857421875e-05
rat,hummingbird,-9.500101089477539,-0.0001010894775390625
rat,kingfisher,-9.437606811523438,-0.0001068115234375
rat,woodpecker,-9.437602996826172,-0.000102996826171875
rat,emu,-9.437606811523438,-0.0001068115234375
rat,ostrich,-9.437604904174805,-0.0001049041748046875
rat,carp,-9.437604904174805,-0.0001049041748046875
rat,goldfish,-9.625089645385742,-8.96453857421875e-05
rat,minnow,-9.625089645385742,-8.96453857421875e-05
rat,cod,-9.00014877319336,-0.000148773193359375
rat,herring,-9.437604904174805,-0.0001049041748046875
rat,sardine,-9.625089645385742,-8.96453857421875e-05
rat,salmon,-9.562591552734375,-9.1552734375e-05
rat,trout,-9.562591552734375,-9.1552734375e-05
rat,eel,-9.812576293945312,-7.62939453125e-05
rat,flounder,-9.312616348266602,-0.0001163482666015625
rat,mackerel,-9.312618255615234,-0.000118255615234375
rat,tuna,-9.50009536743164,-9.5367431640625e-05
rat,seahorse,-9.500104904174805,-0.0001049041748046875
rat,shark,-9.750080108642578,-8.0108642578125e-05
rat,bee,-9.875072479248047,-7.2479248046875e-05
rat,hornet,-9.687589645385742,-8.96453857421875e-05
rat,wasp,-9.937572479248047,-7.2479248046875e-05
rat,ant,-9.750080108642578,-8.0108642578125e-05
rat,beetle,-10.250053405761719,-5.340576171875e-05
rat,ladybird,-9.437604904174805,-0.0001049041748046875
rat,butterfly,-9.87507438659668,-7.43865966796875e-05
rat,moth,-9.625089645385742,-8.96453857421875e-05
rat,cockroach,-9.937570571899414,-7.05718994140625e-05
rat,cricket,-9.812572479248047,-7.2479248046875e-05
rat,grasshopper,-9.937568664550781,-6.866455078125e-05
rat,locust,-9.56259536743164,-9.5367431640625e-05
rat,dragonfly,-9.87507438659668,-7.43865966796875e-05
rat,flea,-9.87507438659668,-7.43865966796875e-05
rat,housefly,-9.937570571899414,-7.05718994140625e-05
rat,mosquito,-9.812580108642578,-8.0108642578125e-05
rat,stick_insect,-9.625089645385742,-8.96453857421875e-05
rat,termite,-9.687582015991211,-8.20159912109375e-05
rat,centipede,-9.93757438659668,-7.43865966796875e-05
rat,millipede,-9.437604904174805,-0.0001049041748046875
rat,scorpion,-10.000066757202148,-6.67572021484375e-05
rat,spider,-9.937572479248047,-7.2479248046875e-05
rat,tarantula,-9.43760871887207,-0.0001087188720703125
rat,crab,-9.687585830688477,-8.58306884765625e-05
rat,crayfish,-9.56259536743164,-9.5367431640625e-05
rat,lobster,-9.312612533569336,-0.0001125335693359375
rat,prawn,-9.437602996826172,-0.000102996826171875
rat,shrimp,-9.500097274780273,-9.72747802734375e-05
rat,slug,-9.750080108642578,-8.0108642578125e-05
rat,snail,-9.875072479248047,-7.2479248046875e-05
rat,clam,-9.375112533569336,-0.0001125335693359375
rat,mussel,-9.375110626220703,-0.000110626220703125
rat,scallop,-9.437604904174805,-0.0001049041748046875
rat,oyster,-9.2501220703125,-0.0001220703125
rat,squid,-9.81257438659668,-7.43865966796875e-05
rat,octopus,-9.625091552734375,-9.1552734375e-05
rat,worm,-10.125057220458984,-5.7220458984375e-05
rat,jellyfish,-9.750082015991211,-8.20159912109375e-05
buffalo,animal,-0.0001087188720703125,-10.00010871887207
buffalo,vertebrate,-8.392333984375e-05,-10.375083923339844
buffalo,invertebrate,-9.75008773803711,-8.7738037109375e-05
buffalo,mammal,-6.866455078125e-05,-10.562568664550781
buffalo,bird,-9.250127792358398,-0.0001277923583984375
buffalo,reptile,-9.812582015991211,-8.20159912109375e-05
buffalo,amphibian,-10.000070571899414,-7.05718994140625e-05
buffalo,fish,-9.437604904174805,-0.0001049041748046875
buffalo,arthropod,-9.87508773803711,-8.7738037109375e-05
buffalo,insect,-9.500104904174805,-0.0001049041748046875
buffalo,bird of prey,-9.687599182128906,-9.918212890625e-05
buffalo,aquatic bird,-8.937679290771484,-0.000179290771484375
buffalo,canine,-9.56259536743164,-9.5367431640625e-05
buffalo,feline,-9.625085830688477,-8.58306884765625e-05
buffalo,primate,-9.875076293945312,-7.62939453125e-05
buffalo,aquatic mammal,-8.562751770019531,-0.00025177001953125
buffalo,rodent,-9.312618255615234,-0.000118255615234375
buffalo,bat,-9.062652587890625,-0.000152587890625
buffalo,bear,-9.437606811523438,-0.0001068115234375
buffalo,cat,-9.62508773803711,-8.7738037109375e-05
buffalo,cheetah,-9.812582015991211,-8.20159912109375e-05
buffalo,leopard,-9.437610626220703,-0.000110626220703125
buffalo,lion,-9.687585830688477,-8.58306884765625e-05
buffalo,panther,-9.437610626220703,-0.000110626220703125
buffalo,tiger,-9.750082015991211,-8.20159912109375e-05
buffalo,dog,-9.375116348266602,-0.0001163482666015625
buffalo,fox,-9.750082015991211,-8.20159912109375e-05
buffalo,hyena,-9.500106811523438,-0.0001068115234375
buffalo,wolf,-9.812582015991211,-8.20159912109375e-05
buffalo,raccoon,-9.125139236450195,-0.0001392364501953125
buffalo,skunk,-8.75019645690918,-0.0001964569091796875
buffalo,otter,-9.312618255615234,-0.000118255615234375
buffalo,beaver,-9.187629699707031,-0.00012969970703125
buffalo,chipmunk,-9.062646865844727,-0.0001468658447265625
buffalo,squirrel,-9.312618255615234,-0.000118255615234375
buffalo,gerbil,-9.062646865844727,-0.0001468658447265625
buffalo,guinea_pig,-8.937664031982422,-0.000164031982421875
buffalo,hamster,-9.312616348266602,-0.0001163482666015625
buffalo,mouse,-9.125133514404297,-0.000133514404296875
buffalo,porcupine,-8.93766975402832,-0.0001697540283203125
buffalo,rat,-8.81268310546875,-0.00018310546875
buffalo,buffalo,-0.047565460205078125,-3.297565460205078
buffalo,cow,-0.14723968505859375,-2.0222396850585938
buffalo,ox,-0.3526115417480469,-1.2276115417480469
buffalo,goat,-9.000152587890625,-0.000152587890625
buffalo,sheep,-9.437601089477539,-0.0001010894775390625
buffalo,deer,-7.000993728637695,-0.0009937286376953125
buffalo,moose,-9.437606811523438,-0.0001068115234375
buffalo,giraffe,-9.375114440917969,-0.00011444091796875
buffalo,camel,-8.937662124633789,-0.0001621246337890625
buffalo,hippo,-8.75019645690918,-0.0001964569091796875
buffalo,llama,-8.81268310546875,-0.00018310546875
buffalo,pig,-9.000154495239258,-0.0001544952392578125
buffalo,donkey,-9.437606811523438,-0.0001068115234375
buffalo,horse,-9.062644958496094,-0.00014495849609375
buffalo,pony,-8.312786102294922,-0.000286102294921875
buffalo,zebra,-9.812580108642578,-8.0108642578125e-05
buffalo,rhino,-9.312620162963867,-0.0001201629638671875
buffalo,gorilla,-9.375110626220703,-0.000110626220703125
buffalo,monkey,-9.437612533569336,-0.0001125335693359375
buffalo,hedgehog,-9.250127792358398,-0.0001277923583984375
buffalo,rabbit,-9.562591552734375,-9.1552734375e-05
buffalo,seal,-9.187633514404297,-0.000133514404296875
buffalo,walrus,-9.187633514404297,-0.000133514404296875
buffalo,dolphin,-9.312618255615234,-0.000118255615234375
buffalo,whale,-9.125139236450195,-0.0001392364501953125
buffalo,elephant,-9.625089645385742,-8.96453857421875e-05
buffalo,kangaroo,-9.625089645385742,-8.96453857421875e-05
buffalo,platypus,-9.500104904174805,-0.0001049041748046875
buffalo,crocodile,-9.375114440917969,-0.00011444091796875
buffalo,alligator,-9.562599182128906,-9.918212890625e-05
buffalo,lizard,-9.750082015991211,-8.20159912109375e-05
buffalo,iguana,-9.56259536743164,-9.5367431640625e-05
buffalo,rattlesnake,-9.250129699707031,-0.00012969970703125
buffalo,tortoise,-9.437606811523438,-0.0001068115234375
buffalo,turtle,-9.375112533569336,-0.0001125335693359375
buffalo,frog,-9.437606811523438,-0.0001068115234375
buffalo,toad,-9.125141143798828,-0.000141143798828125
buffalo,budgie,-8.687700271606445,-0.0002002716064453125
buffalo,parakeet,-9.187641143798828,-0.000141143798828125
buffalo,buzzard,-9.3126220703125,-0.0001220703125
buffalo,falcon,-9.500101089477539,-0.0001010894775390625
buffalo,hawk,-9.437610626220703,-0.000110626220703125
buffalo,eagle,-9.562597274780273,-9.72747802734375e-05
buffalo,owl,-9.250125885009766,-0.000125885009765625
buffalo,canary,-9.125137329101562,-0.0001373291015625
buffalo,magpie,-9.18763542175293,-0.0001354217529296875
buffalo,raven,-9.125141143798828,-0.000141143798828125
buffalo,nightingale,-9.125137329101562,-0.0001373291015625
buffalo,robin,-9.125137329101562,-0.0001373291015625
buffalo,starling,-8.75019645690918,-0.0001964569091796875
buffalo,sparrow,-9.000158309936523,-0.0001583099365234375
buffalo,wren,-8.875171661376953,-0.000171661376953125
buffalo,chicken,-9.312618255615234,-0.000118255615234375
buffalo,cockerel,-9.125141143798828,-0.000141143798828125
buffalo,turkey,-9.125137329101562,-0.0001373291015625
buffalo,dove,-9.00015640258789,-0.000156402587890625
buffalo,pigeon,-9.000154495239258,-0.0001544952392578125
buffalo,partridge,-8.937671661376953,-0.000171661376953125
buffalo,peacock,-9.250127792358398,-0.0001277923583984375
buffalo,crane,-9.125143051147461,-0.0001430511474609375
buffalo,flamingo,-9.37510871887207,-0.0001087188720703125
buffalo,heron,-9.250131607055664,-0.0001316070556640625
buffalo,duck,-9.375110626220703,-0.000110626220703125
buffalo,goose,-9.250125885009766,-0.000125885009765625
buffalo,pelican,-9.250125885009766,-0.000125885009765625
buffalo,penguin,-9.187633514404297,-0.000133514404296875
buffalo,seagull,-9.375116348266602,-0.0001163482666015625
buffalo,swan,-9.500101089477539,-0.0001010894775390625
buffalo,hummingbird,-9.187631607055664,-0.0001316070556640625
buffalo,kingfisher,-9.062650680541992,-0.0001506805419921875
buffalo,woodpecker,-8.875171661376953,-0.000171661376953125
buffalo,emu,-9.437606811523438,-0.0001068115234375
buffalo,ostrich,-9.562593460083008,-9.34600830078125e-05
buffalo,carp,-8.750192642211914,-0.0001926422119140625
buffalo,goldfish,-9.062644958496094,-0.00014495849609375
buffalo,minnow,-9.000158309936523,-0.0001583099365234375
buffalo,cod,-8.812673568725586,-0.0001735687255859375
buffalo,herring,-9.187629699707031,-0.00012969970703125
buffalo,sardine,-9.2501220703125,-0.0001220703125
buffalo,salmon,-9.312616348266602,-0.0001163482666015625
buffalo,trout,-9.000152587890625,-0.000152587890625
buffalo,eel,-9.312618255615234,-0.000118255615234375
buffalo,flounder,-8.812681198120117,-0.0001811981201171875
buffalo,mackerel,-9.000154495239258,-0.0001544952392578125
buffalo,tuna,-9.250123977661133,-0.0001239776611328125
buffalo,seahorse,-9.375114440917969,-0.00011444091796875
buffalo,shark,-9.687589645385742,-8.96453857421875e-05
buffalo,bee,-9.250125885009766,-0.000125885009765625
buffalo,hornet,-9.000164031982422,-0.000164031982421875
buffalo,wasp,-9.062650680541992,-0.0001506805419921875
buffalo,ant,-8.937662124633789,-0.0001621246337890625
buffalo,beetle,-8.875171661376953,-0.000171661376953125
buffalo,ladybird,-8.312784194946289,-0.0002841949462890625
buffalo,butterfly,-9.250125885009766,-0.000125885009765625
buffalo,moth,-8.875175476074219,-0.00017547607421875
buffalo,cockroach,-8.937665939331055,-0.0001659393310546875
buffalo,cricket,-8.937665939331055,-0.0001659393310546875
buffalo,grasshopper,-9.187629699707031,-0.00012969970703125
buffalo,locust,-9.00015640258789,-0.000156402587890625
buffalo,dragonfly,-9.187633514404297,-0.000133514404296875
buffalo,flea,-8.687707901000977,-0.0002079010009765625
buffalo,housefly,-8.937664031982422,-0.000164031982421875
buffalo,mosquito,-8.937667846679688,-0.0001678466796875
buffalo,stick_insect,-8.812681198120117,-0.0001811981201171875
buffalo,termite,-9.125137329101562,-0.0001373291015625
buffalo,centipede,-9.312625885009766,-0.000125885009765625
buffalo,millipede,-8.687707901000977,-0.0002079010009765625
buffalo,scorpion,-9.375118255615234,-0.000118255615234375
buffalo,spider,-9.250125885009766,-0.000125885009765625
buffalo,tarantula,-8.812692642211914,-0.0001926422119140625
buffalo,crab,-9.187631607055664,-0.0001316070556640625
buffalo,crayfish,-9.187633514404297,-0.000133514404296875
buffalo,lobster,-9.187631607055664,-0.0001316070556640625
buffalo,prawn,-9.000152587890625,-0.000152587890625
buffalo,shrimp,-9.125139236450195,-0.0001392364501953125
buffalo,slug,-9.187631607055664,-0.0001316070556640625
buffalo,snail,-9.312618255615234,-0.000118255615234375
buffalo,clam,-8.625219345092773,-0.0002193450927734375
buffalo,mussel,-8.250301361083984,-0.000301361083984375
buffalo,scallop,-8.687704086303711,-0.0002040863037109375
buffalo,oyster,-8.562728881835938,-0.0002288818359375
buffalo,squid,-9.687583923339844,-8.392333984375e-05
buffalo,octopus,-9.375114440917969,-0.00011444091796875
buffalo,worm,-9.437604904174805,-0.0001049041748046875
buffalo,jellyfish,-9.625091552734375,-9.1552734375e-05
cow,animal,-5.14984130859375e-05,-11.625051498413086
cow,vertebrate,-4.76837158203125e-05,-11.37504768371582
cow,invertebrate,-9.81257438659668,-7.43865966796875e-05
cow,mammal,-3.0517578125e-05,-12.125030517578125
cow,bird,-9.812570571899414,-7.05718994140625e-05
cow,reptile,-10.062559127807617,-5.91278076171875e-05
cow,amphibian,-10.062562942504883,-6.29425048828125e-05
cow,fish,-10.000062942504883,-6.29425048828125e-05
cow,arthropod,-10.125062942504883,-6.29425048828125e-05
cow,insect,-9.875072479248047,-7.2479248046875e-05
cow,bird of prey,-9.625093460083008,-9.34600830078125e-05
cow,aquatic bird,-9.375112533569336,-0.0001125335693359375
cow,canine,-10.062559127807617,-5.91278076171875e-05
cow,feline,-9.75007438659668,-7.43865966796875e-05
cow,primate,-9.750076293945312,-7.62939453125e-05
cow,aquatic mammal,-9.375114440917969,-0.00011444091796875
cow,rodent,-9.812572479248047,-7.2479248046875e-05
cow,bat,-9.500099182128906,-9.918212890625e-05
cow,bear,-9.750076293945312,-7.62939453125e-05
cow,cat,-9.812570571899414,-7.05718994140625e-05
cow,cheetah,-9.687582015991211,-8.20159912109375e-05
cow,leopard,-9.312614440917969,-0.00011444091796875
cow,lion,-9.62508773803711,-8.7738037109375e-05
cow,panther,-9.500099182128906,-9.918212890625e-05
cow,tiger,-9.687582015991211,-8.20159912109375e-05
cow,dog,-10.125055313110352,-5.53131103515625e-05
cow,fox,-9.750076293945312,-7.62939453125e-05
cow,hyena,-9.687583923339844,-8.392333984375e-05
cow,wolf,-9.750078201293945,-7.82012939453125e-05
cow,raccoon,-9.437602996826172,-0.000102996826171875
cow,skunk,-9.312614440917969,-0.00011444091796875
cow,otter,-9.437602996826172,-0.000102996826171875
cow,beaver,-9.437599182128906,-9.918212890625e-05
cow,chipmunk,-9.437602996826172,-0.000102996826171875
cow,squirrel,-9.500097274780273,-9.72747802734375e-05
cow,gerbil,-9.437601089477539,-0.0001010894775390625
cow,guinea_pig,-9.437602996826172,-0.000102996826171875
cow,hamster,-9.437599182128906,-9.918212890625e-05
cow,mouse,-9.500091552734375,-9.1552734375e-05
cow,porcupine,-9.37510871887207,-0.0001087188720703125
cow,rat,-9.437599182128906,-9.918212890625e-05
cow,buffalo,-8.250299453735352,-0.0002994537353515625
cow,cow,-0.000156402587890625,-9.68765640258789
cow,ox,-2.3532562255859375,-0.1032562255859375
cow,goat,-9.75007438659668,-7.43865966796875e-05
cow,sheep,-10.250049591064453,-4.9591064453125e-05
cow,deer,-8.687692642211914,-0.0001926422119140625
cow,moose,-9.562589645385742,-8.96453857421875e-05
cow,giraffe,-9.375106811523438,-0.0001068115234375
cow,camel,-9.625083923339844,-8.392333984375e-05
cow,hippo,-9.437602996826172,-0.000102996826171875
cow,llama,-9.312612533569336,-0.0001125335693359375
cow,pig,-9.812572479248047,-7.2479248046875e-05
cow,donkey,-9.937568664550781,-6.866455078125e-05
cow,horse,-10.062559127807617,-5.91278076171875e-05
cow,pony,-9.500093460083008,-9.34600830078125e-05
cow,zebra,-9.812572479248047,-7.2479248046875e-05
cow,rhino,-9.687583923339844,-8.392333984375e-05
cow,gorilla,-9.437601089477539,-0.0001010894775390625
cow,monkey,-9.81257438659668,-7.43865966796875e-05
cow,hedgehog,-9.437602996826172,-0.000102996826171875
cow,rabbit,-9.75007438659668,-7.43865966796875e-05
cow,seal,-9.50009536743164,-9.5367431640625e-05
cow,walrus,-9.437602996826172,-0.000102996826171875
cow,dolphin,-9.437601089477539,-0.0001010894775390625
cow,whale,-8.812673568725586,-0.0001735687255859375
cow,elephant,-9.750076293945312,-7.62939453125e-05
cow,kangaroo,-9.562591552734375,-9.1552734375e-05
cow,platypus,-9.562593460083008,-9.34600830078125e-05
cow,crocodile,-9.562591552734375,-9.1552734375e-05
cow,alligator,-9.750078201293945,-7.82012939453125e-05
cow,lizard,-9.750078201293945,-7.82012939453125e-05
cow,iguana,-9.500097274780273,-9.72747802734375e-05
cow,rattlesnake,-9.56259536743164,-9.5367431640625e-05
cow,tortoise,-9.437601089477539,-0.0001010894775390625
cow,turtle,-9.50009536743164,-9.5367431640625e-05
cow,frog,-9.812572479248047,-7.2479248046875e-05
cow,toad,-9.437602996826172,-0.000102996826171875
cow,budgie,-9.375106811523438,-0.0001068115234375
cow,parakeet,-9.562597274780273,-9.72747802734375e-05
cow,buzzard,-9.625089645385742,-8.96453857421875e-05
cow,falcon,-9.500097274780273,-9.72747802734375e-05
cow,hawk,-9.56259536743164,-9.5367431640625e-05
cow,eagle,-9.687582015991211,-8.20159912109375e-05
cow,owl,-9.562591552734375,-9.1552734375e-05
cow,canary,-9.375106811523438,-0.0001068115234375
cow,magpie,-9.312612533569336,-0.0001125335693359375
cow,raven,-9.375110626220703,-0.000110626220703125
cow,nightingale,-9.250120162963867,-0.0001201629638671875
cow,robin,-9.312612533569336,-0.0001125335693359375
cow,starling,-9.187627792358398,-0.0001277923583984375
cow,sparrow,-9.625085830688477,-8.58306884765625e-05
cow,wren,-9.125133514404297,-0.000133514404296875
cow,chicken,-9.875068664550781,-6.866455078125e-05
cow,cockerel,-9.437604904174805,-0.0001049041748046875
cow,turkey,-9.625085830688477,-8.58306884765625e-05
cow,dove,-9.37510871887207,-0.0001087188720703125
cow,pigeon,-9.375106811523438,-0.0001068115234375
cow,partridge,-9.437602996826172,-0.000102996826171875
cow,peacock,-9.312616348266602,-0.0001163482666015625
cow,crane,-9.375106811523438,-0.0001068115234375
cow,flamingo,-9.312612533569336,-0.0001125335693359375
cow,heron,-9.562593460083008,-9.34600830078125e-05
cow,duck,-9.750078201293945,-7.82012939453125e-05
cow,goose,-9.687582015991211,-8.20159912109375e-05
cow,pelican,-9.312616348266602,-0.0001163482666015625
cow,penguin,-9.37510871887207,-0.0001087188720703125
cow,seagull,-9.62508773803711,-8.7738037109375e-05
cow,swan,-9.562591552734375,-9.1552734375e-05
cow,hummingbird,-9.312616348266602,-0.0001163482666015625
cow,kingfisher,-9.437602996826172,-0.000102996826171875
cow,woodpecker,-9.312612533569336,-0.0001125335693359375
cow,emu,-9.500099182128906,-9.918212890625e-05
cow,ostrich,-9.562591552734375,-9.1552734375e-05
cow,carp,-9.312612533569336,-0.0001125335693359375
cow,goldfish,-9.437601089477539,-0.0001010894775390625
cow,minnow,-9.312614440917969,-0.00011444091796875
cow,cod,-9.125129699707031,-0.00012969970703125
cow,herring,-9.37510871887207,-0.0001087188720703125
cow,sardine,-9.562589645385742,-8.96453857421875e-05
cow,salmon,-9.437601089477539,-0.0001010894775390625
cow,trout,-9.312612533569336,-0.0001125335693359375
cow,eel,-9.562591552734375,-9.1552734375e-05
cow,flounder,-9.12513542175293,-0.0001354217529296875
cow,mackerel,-9.312614440917969,-0.00011444091796875
cow,tuna,-9.562589645385742,-8.96453857421875e-05
cow,seahorse,-9.500099182128906,-9.918212890625e-05
cow,shark,-9.62508773803711,-8.7738037109375e-05
cow,bee,-9.750078201293945,-7.82012939453125e-05
cow,hornet,-9.437606811523438,-0.0001068115234375
cow,wasp,-9.500101089477539,-0.0001010894775390625
cow,ant,-9.37510871887207,-0.0001087188720703125
cow,beetle,-9.687582015991211,-8.20159912109375e-05
cow,ladybird,-9.187623977661133,-0.0001239776611328125
cow,butterfly,-9.687583923339844,-8.392333984375e-05
cow,moth,-9.312614440917969,-0.00011444091796875
cow,cockroach,-9.37510871887207,-0.0001087188720703125
cow,cricket,-9.312612533569336,-0.0001125335693359375
cow,grasshopper,-9.687582015991211,-8.20159912109375e-05
cow,locust,-9.500097274780273,-9.72747802734375e-05
cow,dragonfly,-9.562593460083008,-9.34600830078125e-05
cow,flea,-9.500097274780273,-9.72747802734375e-05
cow,housefly,-9.562593460083008,-9.34600830078125e-05
cow,mosquito,-9.437602996826172,-0.000102996826171875
cow,stick_insect,-9.125131607055664,-0.0001316070556640625
cow,termite,-9.37510871887207,-0.0001087188720703125
cow,centipede,-9.562597274780273,-9.72747802734375e-05
cow,millipede,-9.187629699707031,-0.00012969970703125
cow,scorpion,-9.56259536743164,-9.5367431640625e-05
cow,spider,-9.562593460083008,-9.34600830078125e-05
cow,tarantula,-9.437604904174805,-0.0001049041748046875
cow,crab,-9.500097274780273,-9.72747802734375e-05
cow,crayfish,-9.312616348266602,-0.0001163482666015625
cow,lobster,-9.250118255615234,-0.000118255615234375
cow,prawn,-9.312612533569336,-0.0001125335693359375
cow,shrimp,-9.375106811523438,-0.0001068115234375
cow,slug,-9.375106811523438,-0.0001068115234375
cow,snail,-9.375106811523438,-0.0001068115234375
cow,clam,-9.12513542175293,-0.0001354217529296875
cow,mussel,-9.250120162963867,-0.0001201629638671875
cow,scallop,-9.062644958496094,-0.00014495849609375
cow,oyster,-9.00014877319336,-0.000148773193359375
cow,squid,-9.62508773803711,-8.7738037109375e-05
cow,octopus,-9.500099182128906,-9.918212890625e-05
cow,worm,-9.750076293945312,-7.62939453125e-05
cow,jellyfish,-9.625089645385742,-8.96453857421875e-05
ox,animal,-0.0001125335693359375,-10.000112533569336
ox,vertebrate,-0.0001068115234375,-10.000106811523438
ox,invertebrate,-9.500106811523438,-0.0001068115234375
ox,mammal,-0.0001583099365234375,-9.250158309936523
ox,bird,-9.437604904174805,-0.0001049041748046875
ox,reptile,-9.625091552734375,-9.1552734375e-05
ox,amphibian,-9.562601089477539,-0.0001010894775390625
ox,fish,-9.37510871887207,-0.0001087188720703125
ox,arthropod,-9.812589645385742,-8.96453857421875e-05
ox,insect,-9.437610626220703,-0.000110626220703125
ox,bird of prey,-9.500110626220703,-0.000110626220703125
ox,aquatic bird,-9.250133514404297,-0.000133514404296875
ox,canine,-9.562589645385742,-8.96453857421875e-05
ox,feline,-9.562591552734375,-9.1552734375e-05
ox,primate,-9.625089645385742,-8.96453857421875e-05
ox,aquatic mammal,-8.937677383422852,-0.0001773834228515625
ox,rodent,-9.312616348266602,-0.0001163482666015625
ox,bat,-9.062650680541992,-0.0001506805419921875
ox,bear,-9.125137329101562,-0.0001373291015625
ox,cat,-9.375104904174805,-0.0001049041748046875
ox,cheetah,-9.562593460083008,-9.34600830078125e-05
ox,leopard,-9.187631607055664,-0.0001316070556640625
ox,lion,-9.312614440917969,-0.00011444091796875
ox,panther,-9.187629699707031,-0.00012969970703125
ox,tiger,-9.312614440917969,-0.00011444091796875
ox,dog,-9.437604904174805,-0.0001049041748046875
ox,fox,-9.375110626220703,-0.000110626220703125
ox,hyena,-9.250125885009766,-0.000125885009765625
ox,wolf,-9.500101089477539,-0.0001010894775390625
ox,raccoon,-8.875173568725586,-0.0001735687255859375
ox,skunk,-8.812681198120117,-0.0001811981201171875
ox,otter,-9.062643051147461,-0.0001430511474609375
ox,beaver,-9.000152587890625,-0.000152587890625
ox,chipmunk,-9.000152587890625,-0.000152587890625
ox,squirrel,-9.187629699707031,-0.00012969970703125
ox,gerbil,-9.000146865844727,-0.0001468658447265625
ox,guinea_pig,-8.937664031982422,-0.000164031982421875
ox,hamster,-9.125131607055664,-0.0001316070556640625
ox,mouse,-9.1876220703125,-0.0001220703125
ox,porcupine,-8.68770980834961,-0.000209808349609375
ox,rat,-8.937660217285156,-0.00016021728515625
ox,buffalo,-1.5068473815917969,-0.2568473815917969
ox,cow,-0.0007171630859375,-7.5632171630859375
ox,ox,-0.00055694580078125,-8.000556945800781
ox,goat,-8.562721252441406,-0.00022125244140625
ox,sheep,-9.437599182128906,-9.918212890625e-05
ox,deer,-8.250295639038086,-0.0002956390380859375
ox,moose,-8.687698364257812,-0.0001983642578125
ox,giraffe,-8.812681198120117,-0.0001811981201171875
ox,camel,-8.875167846679688,-0.0001678466796875
ox,hippo,-7.625547409057617,-0.0005474090576171875
ox,llama,-8.562723159790039,-0.0002231597900390625
ox,pig,-8.562725067138672,-0.000225067138671875
ox,donkey,-8.562725067138672,-0.000225067138671875
ox,horse,-8.625207901000977,-0.0002079010009765625
ox,pony,-8.31277847290039,-0.000278472900390625
ox,zebra,-9.062644958496094,-0.00014495849609375
ox,rhino,-8.687702178955078,-0.000202178955078125
ox,gorilla,-8.812677383422852,-0.0001773834228515625
ox,monkey,-9.187633514404297,-0.000133514404296875
ox,hedgehog,-9.000154495239258,-0.0001544952392578125
ox,rabbit,-9.187627792358398,-0.0001277923583984375
ox,seal,-8.687704086303711,-0.0002040863037109375
ox,walrus,-8.875171661376953,-0.000171661376953125
ox,dolphin,-9.250123977661133,-0.0001239776611328125
ox,whale,-9.000154495239258,-0.0001544952392578125
ox,elephant,-8.812681198120117,-0.0001811981201171875
ox,kangaroo,-9.312614440917969,-0.00011444091796875
ox,platypus,-9.187631607055664,-0.0001316070556640625
ox,crocodile,-9.187629699707031,-0.00012969970703125
ox,alligator,-9.250123977661133,-0.0001239776611328125
ox,lizard,-9.312618255615234,-0.000118255615234375
ox,iguana,-9.125137329101562,-0.0001373291015625
ox,rattlesnake,-9.250123977661133,-0.0001239776611328125
ox,tortoise,-8.562725067138672,-0.000225067138671875
ox,turtle,-8.87516975402832,-0.0001697540283203125
ox,frog,-9.312616348266602,-0.0001163482666015625
ox,toad,-8.687707901000977,-0.0002079010009765625
ox,budgie,-9.00014877319336,-0.000148773193359375
ox,parakeet,-9.187637329101562,-0.0001373291015625
ox,buzzard,-9.125143051147461,-0.0001430511474609375
ox,falcon,-9.375112533569336,-0.0001125335693359375
ox,hawk,-9.187633514404297,-0.000133514404296875
ox,eagle,-9.375110626220703,-0.000110626220703125
ox,owl,-9.187627792358398,-0.0001277923583984375
ox,canary,-9.000152587890625,-0.000152587890625
ox,magpie,-9.00015640258789,-0.000156402587890625
ox,raven,-9.125139236450195,-0.0001392364501953125
ox,nightingale,-9.000154495239258,-0.0001544952392578125
ox,robin,-8.812677383422852,-0.0001773834228515625
ox,starling,-8.687702178955078,-0.000202178955078125
ox,sparrow,-9.187627792358398,-0.0001277923583984375
ox,wren,-8.812679290771484,-0.000179290771484375
ox,chicken,-9.375106811523438,-0.0001068115234375
ox,cockerel,-9.000152587890625,-0.000152587890625
ox,turkey,-9.062641143798828,-0.000141143798828125
ox,dove,-9.250120162963867,-0.0001201629638671875
ox,pigeon,-9.12513542175293,-0.0001354217529296875
ox,partridge,-9.00015640258789,-0.000156402587890625
ox,peacock,-9.125137329101562,-0.0001373291015625
ox,crane,-8.812679290771484,-0.000179290771484375
ox,flamingo,-9.125133514404297,-0.000133514404296875
ox,heron,-9.312620162963867,-0.0001201629638671875
ox,duck,-9.312616348266602,-0.0001163482666015625
ox,goose,-9.125137329101562,-0.0001373291015625
ox,pelican,-8.875173568725586,-0.0001735687255859375
ox,penguin,-9.125137329101562,-0.0001373291015625
ox,seagull,-9.312618255615234,-0.000118255615234375
ox,swan,-9.312616348266602,-0.0001163482666015625
ox,hummingbird,-9.062644958496094,-0.00014495849609375
ox,kingfisher,-8.937664031982422,-0.000164031982421875
ox,woodpecker,-9.000150680541992,-0.0001506805419921875
ox,emu,-9.125139236450195,-0.0001392364501953125
ox,ostrich,-9.125137329101562,-0.0001373291015625
ox,carp,-8.625211715698242,-0.0002117156982421875
ox,goldfish,-8.93765640258789,-0.000156402587890625
ox,minnow,-8.812681198120117,-0.0001811981201171875
ox,cod,-8.625204086303711,-0.0002040863037109375
ox,herring,-9.062643051147461,-0.0001430511474609375
ox,sardine,-9.00014877319336,-0.000148773193359375
ox,salmon,-9.12513542175293,-0.0001354217529296875
ox,trout,-8.875165939331055,-0.0001659393310546875
ox,eel,-9.187629699707031,-0.00012969970703125
ox,flounder,-8.625215530395508,-0.0002155303955078125
ox,mackerel,-8.812679290771484,-0.000179290771484375
ox,tuna,-9.062643051147461,-0.0001430511474609375
ox,seahorse,-9.062646865844727,-0.0001468658447265625
ox,shark,-9.625089645385742,-8.96453857421875e-05
ox,bee,-9.312614440917969,-0.00011444091796875
ox,hornet,-8.875177383422852,-0.0001773834228515625
ox,wasp,-8.937667846679688,-0.0001678466796875
ox,ant,-8.687704086303711,-0.0002040863037109375
ox,beetle,-8.562726974487305,-0.0002269744873046875
ox,ladybird,-8.375267028808594,-0.00026702880859375
ox,butterfly,-9.125139236450195,-0.0001392364501953125
ox,moth,-8.687705993652344,-0.00020599365234375
ox,cockroach,-9.00015640258789,-0.000156402587890625
ox,cricket,-8.687702178955078,-0.000202178955078125
ox,grasshopper,-9.187629699707031,-0.00012969970703125
ox,locust,-8.81268310546875,-0.00018310546875
ox,dragonfly,-9.125137329101562,-0.0001373291015625
ox,flea,-9.000152587890625,-0.000152587890625
ox,housefly,-9.12513542175293,-0.0001354217529296875
ox,mosquito,-9.000154495239258,-0.0001544952392578125
ox,stick_insect,-8.312784194946289,-0.0002841949462890625
ox,termite,-9.000152587890625,-0.000152587890625
ox,centipede,-9.000158309936523,-0.0001583099365234375
ox,millipede,-8.250307083129883,-0.0003070831298828125
ox,scorpion,-9.375112533569336,-0.0001125335693359375
ox,spider,-9.312620162963867,-0.0001201629638671875
ox,tarantula,-8.81268310546875,-0.00018310546875
ox,crab,-9.125139236450195,-0.0001392364501953125
ox,crayfish,-8.875173568725586,-0.0001735687255859375
ox,lobster,-8.875171661376953,-0.000171661376953125
ox,prawn,-8.812679290771484,-0.000179290771484375
ox,shrimp,-9.00015640258789,-0.000156402587890625
ox,slug,-8.750190734863281,-0.00019073486328125
ox,snail,-9.000152587890625,-0.000152587890625
ox,clam,-8.625215530395508,-0.0002155303955078125
ox,mussel,-8.250301361083984,-0.000301361083984375
ox,scallop,-8.687704086303711,-0.0002040863037109375
ox,oyster,-8.625213623046875,-0.000213623046875
ox,squid,-9.312616348266602,-0.0001163482666015625
ox,octopus,-8.937664031982422,-0.000164031982421875
ox,worm,-9.187629699707031,-0.00012969970703125
ox,jellyfish,-9.375114440917969,-0.00011444091796875
goat,animal,-5.91278076171875e-05,-11.437559127807617
goat,vertebrate,-6.866455078125e-05,-10.937568664550781
goat,invertebrate,-9.937572479248047,-7.2479248046875e-05
goat,mammal,-4.38690185546875e-05,-11.562543869018555
goat,bird,-10.000062942504883,-6.29425048828125e-05
goat,reptile,-10.125059127807617,-5.91278076171875e-05
goat,amphibian,-10.187557220458984,-5.7220458984375e-05
goat,fish,-10.000062942504883,-6.29425048828125e-05
goat,arthropod,-10.125064849853516,-6.4849853515625e-05
goat,insect,-10.000068664550781,-6.866455078125e-05
goat,bird of prey,-9.812583923339844,-8.392333984375e-05
goat,aquatic bird,-9.875080108642578,-8.0108642578125e-05
goat,canine,-10.187553405761719,-5.340576171875e-05
goat,feline,-10.062557220458984,-5.7220458984375e-05
goat,primate,-9.937568664550781,-6.866455078125e-05
goat,aquatic mammal,-9.875072479248047,-7.2479248046875e-05
goat,rodent,-9.750076293945312,-7.62939453125e-05
goat,bat,-9.562597274780273,-9.72747802734375e-05
goat,bear,-10.000062942504883,-6.29425048828125e-05
goat,cat,-9.937564849853516,-6.4849853515625e-05
goat,cheetah,-9.625085830688477,-8.58306884765625e-05
goat,leopard,-9.500097274780273,-9.72747802734375e-05
goat,lion,-9.62508773803711,-8.7738037109375e-05
goat,panther,-9.500099182128906,-9.918212890625e-05
goat,tiger,-9.625089645385742,-8.96453857421875e-05
goat,dog,-10.06256103515625,-6.103515625e-05
goat,fox,-10.000064849853516,-6.4849853515625e-05
goat,hyena,-9.750082015991211,-8.20159912109375e-05
goat,wolf,-9.937568664550781,-6.866455078125e-05
goat,raccoon,-9.56259536743164,-9.5367431640625e-05
goat,skunk,-9.437602996826172,-0.000102996826171875
goat,otter,-9.687583923339844,-8.392333984375e-05
goat,beaver,-9.562591552734375,-9.1552734375e-05
goat,chipmunk,-9.625085830688477,-8.58306884765625e-05
goat,squirrel,-9.562593460083008,-9.34600830078125e-05
goat,gerbil,-9.437601089477539,-0.0001010894775390625
goat,guinea_pig,-9.562589645385742,-8.96453857421875e-05
goat,hamster,-9.500093460083008,-9.34600830078125e-05
goat,mouse,-9.437597274780273,-9.72747802734375e-05
goat,porcupine,-9.56259536743164,-9.5367431640625e-05
goat,rat,-9.312612533569336,-0.0001125335693359375
goat,buffalo,-9.375104904174805,-0.0001049041748046875
goat,cow,-9.250112533569336,-0.0001125335693359375
goat,ox,-8.562713623046875,-0.000213623046875
goat,goat,-0.000301361083984375,-8.750301361083984
goat,sheep,-9.812572479248047,-7.2479248046875e-05
goat,deer,-4.882841110229492,-0.007841110229492188
goat,moose,-9.750078201293945,-7.82012939453125e-05
goat,giraffe,-9.437601089477539,-0.0001010894775390625
goat,camel,-9.625085830688477,-8.58306884765625e-05
goat,hippo,-9.37510871887207,-0.0001087188720703125
goat,llama,-9.500093460083008,-9.34600830078125e-05
goat,pig,-10.06256103515625,-6.103515625e-05
goat,donkey,-9.937564849853516,-6.4849853515625e-05
goat,horse,-10.125055313110352,-5.53131103515625e-05
goat,pony,-9.750076293945312,-7.62939453125e-05
goat,zebra,-9.750078201293945,-7.82012939453125e-05
goat,rhino,-9.750080108642578,-8.0108642578125e-05
goat,gorilla,-9.37510871887207,-0.0001087188720703125
goat,monkey,-9.937568664550781,-6.866455078125e-05
goat,hedgehog,-9.625089645385742,-8.96453857421875e-05
goat,rabbit,-9.875068664550781,-6.866455078125e-05
goat,seal,-9.62508773803711,-8.7738037109375e-05
goat,walrus,-9.375112533569336,-0.0001125335693359375
goat,dolphin,-9.562593460083008,-9.34600830078125e-05
goat,whale,-9.500099182128906,-9.918212890625e-05
goat,elephant,-9.62508773803711,-8.7738037109375e-05
goat,kangaroo,-9.750076293945312,-7.62939453125e-05
goat,platypus,-9.56259536743164,-9.5367431640625e-05
goat,crocodile,-9.625089645385742,-8.96453857421875e-05
goat,alligator,-9.687585830688477,-8.58306884765625e-05
goat,lizard,-10.000066757202148,-6.67572021484375e-05
goat,iguana,-9.625089645385742,-8.96453857421875e-05
goat,rattlesnake,-9.562597274780273,-9.72747802734375e-05
goat,tortoise,-9.875072479248047,-7.2479248046875e-05
goat,turtle,-9.750080108642578,-8.0108642578125e-05
goat,frog,-9.875072479248047,-7.2479248046875e-05
goat,toad,-9.437606811523438,-0.0001068115234375
goat,budgie,-9.437601089477539,-0.0001010894775390625
goat,parakeet,-9.625093460083008,-9.34600830078125e-05
goat,buzzard,-9.625093460083008,-9.34600830078125e-05
goat,falcon,-9.56259536743164,-9.5367431640625e-05
goat,hawk,-9.625091552734375,-9.1552734375e-05
goat,eagle,-9.750082015991211,-8.20159912109375e-05
goat,owl,-9.62508773803711,-8.7738037109375e-05
goat,canary,-9.50009536743164,-9.5367431640625e-05
goat,magpie,-9.375110626220703,-0.000110626220703125
goat,raven,-9.437606811523438,-0.0001068115234375
goat,nightingale,-9.187629699707031,-0.00012969970703125
goat,robin,-9.2501220703125,-0.0001220703125
goat,starling,-9.250123977661133,-0.0001239776611328125
goat,sparrow,-9.562593460083008,-9.34600830078125e-05
goat,wren,-9.312614440917969,-0.00011444091796875
goat,chicken,-10.062559127807617,-5.91278076171875e-05
goat,cockerel,-9.625089645385742,-8.96453857421875e-05
goat,turkey,-9.62508773803711,-8.7738037109375e-05
goat,dove,-9.500099182128906,-9.918212890625e-05
goat,pigeon,-9.562591552734375,-9.1552734375e-05
goat,partridge,-9.500099182128906,-9.918212890625e-05
goat,peacock,-9.500099182128906,-9.918212890625e-05
goat,crane,-9.562591552734375,-9.1552734375e-05
goat,flamingo,-9.375106811523438,-0.0001068115234375
goat,heron,-9.68758773803711,-8.7738037109375e-05
goat,duck,-9.937568664550781,-6.866455078125e-05
goat,goose,-9.687583923339844,-8.392333984375e-05
goat,pelican,-9.375110626220703,-0.000110626220703125
goat,penguin,-9.562593460083008,-9.34600830078125e-05
goat,seagull,-9.625091552734375,-9.1552734375e-05
goat,swan,-9.687583923339844,-8.392333984375e-05
goat,hummingbird,-9.375112533569336,-0.0001125335693359375
goat,kingfisher,-9.437604904174805,-0.0001049041748046875
goat,woodpecker,-9.437602996826172,-0.000102996826171875
goat,emu,-9.500099182128906,-9.918212890625e-05
goat,ostrich,-9.62508773803711,-8.7738037109375e-05
goat,carp,-9.437602996826172,-0.000102996826171875
goat,goldfish,-9.500099182128906,-9.918212890625e-05
goat,minnow,-9.250123977661133,-0.0001239776611328125
goat,cod,-9.250118255615234,-0.000118255615234375
goat,herring,-9.312614440917969,-0.00011444091796875
goat,sardine,-9.375110626220703,-0.000110626220703125
goat,salmon,-9.500097274780273,-9.72747802734375e-05
goat,trout,-9.562591552734375,-9.1552734375e-05
goat,eel,-9.750080108642578,-8.0108642578125e-05
goat,flounder,-9.312616348266602,-0.0001163482666015625
goat,mackerel,-9.250123977661133,-0.0001239776611328125
goat,tuna,-9.437602996826172,-0.000102996826171875
goat,seahorse,-9.437606811523438,-0.0001068115234375
goat,shark,-9.687585830688477,-8.58306884765625e-05
goat,bee,-9.62508773803711,-8.7738037109375e-05
goat,hornet,-9.500104904174805,-0.0001049041748046875
goat,wasp,-9.625093460083008,-9.34600830078125e-05
goat,ant,-9.437604904174805,-0.0001049041748046875
goat,beetle,-9.875072479248047,-7.2479248046875e-05
goat,ladybird,-9.125133514404297,-0.000133514404296875
goat,butterfly,-9.625089645385742,-8.96453857421875e-05
goat,moth,-9.375110626220703,-0.000110626220703125
goat,cockroach,-9.375112533569336,-0.0001125335693359375
goat,cricket,-9.375110626220703,-0.000110626220703125
goat,grasshopper,-9.687583923339844,-8.392333984375e-05
goat,locust,-9.437602996826172,-0.000102996826171875
goat,dragonfly,-9.687583923339844,-8.392333984375e-05
goat,flea,-9.437604904174805,-0.0001049041748046875
goat,housefly,-9.625089645385742,-8.96453857421875e-05
goat,mosquito,-9.500099182128906,-9.918212890625e-05
goat,stick_insect,-9.312612533569336,-0.0001125335693359375
goat,termite,-9.500099182128906,-9.918212890625e-05
goat,centipede,-9.625093460083008,-9.34600830078125e-05
goat,millipede,-9.375112533569336,-0.0001125335693359375
goat,scorpion,-9.625091552734375,-9.1552734375e-05
goat,spider,-9.687585830688477,-8.58306884765625e-05
goat,tarantula,-9.43760871887207,-0.0001087188720703125
goat,crab,-9.500099182128906,-9.918212890625e-05
goat,crayfish,-9.43760871887207,-0.0001087188720703125
goat,lobster,-9.2501220703125,-0.0001220703125
goat,prawn,-9.437602996826172,-0.000102996826171875
goat,shrimp,-9.562593460083008,-9.34600830078125e-05
goat,slug,-9.500097274780273,-9.72747802734375e-05
goat,snail,-9.500097274780273,-9.72747802734375e-05
goat,clam,-9.312616348266602,-0.0001163482666015625
goat,mussel,-9.312616348266602,-0.0001163482666015625
goat,scallop,-9.250123977661133,-0.0001239776611328125
goat,oyster,-9.125137329101562,-0.0001373291015625
goat,squid,-9.81257438659668,-7.43865966796875e-05
goat,octopus,-9.687585830688477,-8.58306884765625e-05
goat,worm,-9.875070571899414,-7.05718994140625e-05
goat,jellyfish,-9.625091552734375,-9.1552734375e-05
sheep,animal,-5.340576171875e-05,-11.375053405761719
sheep,vertebrate,-6.4849853515625e-05,-10.562564849853516
sheep,invertebrate,-10.125062942504883,-6.29425048828125e-05
sheep,mammal,-3.62396240234375e-05,-11.562536239624023
sheep,bird,-10.187555313110352,-5.53131103515625e-05
sheep,reptile,-10.375049591064453,-4.9591064453125e-05
sheep,amphibian,-10.187559127807617,-5.91278076171875e-05
sheep,fish,-10.125057220458984,-5.7220458984375e-05
sheep,arthropod,-10.375053405761719,-5.340576171875e-05
sheep,insect,-10.312553405761719,-5.340576171875e-05
sheep,bird of prey,-9.937576293945312,-7.62939453125e-05
sheep,aquatic bird,-9.875082015991211,-8.20159912109375e-05
sheep,canine,-10.312549591064453,-4.9591064453125e-05
sheep,feline,-10.062559127807617,-5.91278076171875e-05
sheep,primate,-10.125059127807617,-5.91278076171875e-05
sheep,aquatic mammal,-9.875076293945312,-7.62939453125e-05
sheep,rodent,-10.187553405761719,-5.340576171875e-05
sheep,bat,-9.750082015991211,-8.20159912109375e-05
sheep,bear,-10.187555313110352,-5.53131103515625e-05
sheep,cat,-10.125055313110352,-5.53131103515625e-05
sheep,cheetah,-10.000064849853516,-6.4849853515625e-05
sheep,leopard,-9.750080108642578,-8.0108642578125e-05
sheep,lion,-9.875068664550781,-6.866455078125e-05
sheep,panther,-9.812576293945312,-7.62939453125e-05
sheep,tiger,-9.875072479248047,-7.2479248046875e-05
sheep,dog,-10.375045776367188,-4.57763671875e-05
sheep,fox,-10.125059127807617,-5.91278076171875e-05
sheep,hyena,-10.062562942504883,-6.29425048828125e-05
sheep,wolf,-9.87507438659668,-7.43865966796875e-05
sheep,raccoon,-9.750080108642578,-8.0108642578125e-05
sheep,skunk,-9.687585830688477,-8.58306884765625e-05
sheep,otter,-9.750082015991211,-8.20159912109375e-05
sheep,beaver,-9.750078201293945,-7.82012939453125e-05
sheep,chipmunk,-9.750082015991211,-8.20159912109375e-05
sheep,squirrel,-9.812576293945312,-7.62939453125e-05
sheep,gerbil,-9.500097274780273,-9.72747802734375e-05
sheep,guinea_pig,-9.687583923339844,-8.392333984375e-05
sheep,hamster,-9.75007438659668,-7.43865966796875e-05
sheep,mouse,-9.75007438659668,-7.43865966796875e-05
sheep,porcupine,-9.750082015991211,-8.20159912109375e-05
sheep,rat,-9.750076293945312,-7.62939453125e-05
sheep,buffalo,-9.875070571899414,-7.05718994140625e-05
sheep,cow,-10.312545776367188,-4.57763671875e-05
sheep,ox,-9.75007438659668,-7.43865966796875e-05
sheep,goat,-9.937568664550781,-6.866455078125e-05
sheep,sheep,-0.0002079010009765625,-9.062707901000977
sheep,deer,-9.750078201293945,-7.82012939453125e-05
sheep,moose,-9.875072479248047,-7.2479248046875e-05
sheep,giraffe,-9.687583923339844,-8.392333984375e-05
sheep,camel,-9.875068664550781,-6.866455078125e-05
sheep,hippo,-9.750080108642578,-8.0108642578125e-05
sheep,llama,-9.625083923339844,-8.392333984375e-05
sheep,pig,-10.250051498413086,-5.14984130859375e-05
sheep,donkey,-10.125057220458984,-5.7220458984375e-05
sheep,horse,-10.187553405761719,-5.340576171875e-05
sheep,pony,-9.812572479248047,-7.2479248046875e-05
sheep,zebra,-10.06256103515625,-6.103515625e-05
sheep,rhino,-9.875072479248047,-7.2479248046875e-05
sheep,gorilla,-9.687583923339844,-8.392333984375e-05
sheep,monkey,-10.062562942504883,-6.29425048828125e-05
sheep,hedgehog,-9.81257438659668,-7.43865966796875e-05
sheep,rabbit,-10.062559127807617,-5.91278076171875e-05
sheep,seal,-9.750078201293945,-7.82012939453125e-05
sheep,walrus,-9.687585830688477,-8.58306884765625e-05
sheep,dolphin,-9.812576293945312,-7.62939453125e-05
sheep,whale,-9.687583923339844,-8.392333984375e-05
sheep,elephant,-9.875070571899414,-7.05718994140625e-05
sheep,kangaroo,-9.81257438659668,-7.43865966796875e-05
sheep,platypus,-9.812576293945312,-7.62939453125e-05
sheep,crocodile,-9.937566757202148,-6.67572021484375e-05
sheep,alligator,-10.000066757202148,-6.67572021484375e-05
sheep,lizard,-10.187557220458984,-5.7220458984375e-05
sheep,iguana,-9.875072479248047,-7.2479248046875e-05
sheep,rattlesnake,-9.87507438659668,-7.43865966796875e-05
sheep,tortoise,-10.06256103515625,-6.103515625e-05
sheep,turtle,-10.000064849853516,-6.4849853515625e-05
sheep,frog,-10.125059127807617,-5.91278076171875e-05
sheep,toad,-9.875072479248047,-7.2479248046875e-05
sheep,budgie,-9.62508773803711,-8.7738037109375e-05
sheep,parakeet,-10.000070571899414,-7.05718994140625e-05
sheep,buzzard,-9.875078201293945,-7.82012939453125e-05
sheep,falcon,-9.87507438659668,-7.43865966796875e-05
sheep,hawk,-10.000066757202148,-6.67572021484375e-05
sheep,eagle,-10.062564849853516,-6.4849853515625e-05
sheep,owl,-10.062562942504883,-6.29425048828125e-05
sheep,canary,-9.750076293945312,-7.62939453125e-05
sheep,magpie,-9.687583923339844,-8.392333984375e-05
sheep,raven,-9.812576293945312,-7.62939453125e-05
sheep,nightingale,-9.437602996826172,-0.000102996826171875
sheep,robin,-9.625083923339844,-8.392333984375e-05
sheep,starling,-9.687583923339844,-8.392333984375e-05
sheep,sparrow,-9.750078201293945,-7.82012939453125e-05
sheep,wren,-9.437602996826172,-0.000102996826171875
sheep,chicken,-10.250051498413086,-5.14984130859375e-05
sheep,cockerel,-10.000066757202148,-6.67572021484375e-05
sheep,turkey,-9.81257438659668,-7.43865966796875e-05
sheep,dove,-9.81257438659668,-7.43865966796875e-05
sheep,pigeon,-9.812572479248047,-7.2479248046875e-05
sheep,partridge,-9.750080108642578,-8.0108642578125e-05
sheep,peacock,-9.687583923339844,-8.392333984375e-05
sheep,crane,-9.687583923339844,-8.392333984375e-05
sheep,flamingo,-9.625083923339844,-8.392333984375e-05
sheep,heron,-9.812580108642578,-8.0108642578125e-05
sheep,duck,-10.125059127807617,-5.91278076171875e-05
sheep,goose,-10.06256103515625,-6.103515625e-05
sheep,pelican,-9.62508773803711,-8.7738037109375e-05
sheep,penguin,-9.62508773803711,-8.7738037109375e-05
sheep,seagull,-9.812576293945312,-7.62939453125e-05
sheep,swan,-9.81257438659668,-7.43865966796875e-05
sheep,hummingbird,-9.687583923339844,-8.392333984375e-05
sheep,kingfisher,-9.68758773803711,-8.7738037109375e-05
sheep,woodpecker,-9.750078201293945,-7.82012939453125e-05
sheep,emu,-9.812576293945312,-7.62939453125e-05
sheep,ostrich,-9.81257438659668,-7.43865966796875e-05
sheep,carp,-9.750078201293945,-7.82012939453125e-05
sheep,goldfish,-9.750078201293945,-7.82012939453125e-05
sheep,minnow,-9.687585830688477,-8.58306884765625e-05
sheep,cod,-9.500093460083008,-9.34600830078125e-05
sheep,herring,-9.625089645385742,-8.96453857421875e-05
sheep,sardine,-9.81257438659668,-7.43865966796875e-05
sheep,salmon,-9.62508773803711,-8.7738037109375e-05
sheep,trout,-9.750076293945312,-7.62939453125e-05
sheep,eel,-10.000066757202148,-6.67572021484375e-05
sheep,flounder,-9.500097274780273,-9.72747802734375e-05
sheep,mackerel,-9.437604904174805,-0.0001049041748046875
sheep,tuna,-9.62508773803711,-8.7738037109375e-05
sheep,seahorse,-9.68758773803711,-8.7738037109375e-05
sheep,shark,-9.812578201293945,-7.82012939453125e-05
sheep,bee,-10.06256103515625,-6.103515625e-05
sheep,hornet,-10.000068664550781,-6.866455078125e-05
sheep,wasp,-9.875076293945312,-7.62939453125e-05
sheep,ant,-9.812576293945312,-7.62939453125e-05
sheep,beetle,-10.125059127807617,-5.91278076171875e-05
sheep,ladybird,-9.562591552734375,-9.1552734375e-05
sheep,butterfly,-9.937572479248047,-7.2479248046875e-05
sheep,moth,-9.500099182128906,-9.918212890625e-05
sheep,cockroach,-9.750082015991211,-8.20159912109375e-05
sheep,cricket,-9.750080108642578,-8.0108642578125e-05
sheep,grasshopper,-10.062562942504883,-6.29425048828125e-05
sheep,locust,-9.81257438659668,-7.43865966796875e-05
sheep,dragonfly,-9.87507438659668,-7.43865966796875e-05
sheep,flea,-9.56259536743164,-9.5367431640625e-05
sheep,housefly,-9.875072479248047,-7.2479248046875e-05
sheep,mosquito,-9.68758773803711,-8.7738037109375e-05
sheep,stick_insect,-9.50009536743164,-9.5367431640625e-05
sheep,termite,-9.750080108642578,-8.0108642578125e-05
sheep,centipede,-10.000066757202148,-6.67572021484375e-05
sheep,millipede,-9.625091552734375,-9.1552734375e-05
sheep,scorpion,-10.000068664550781,-6.866455078125e-05
sheep,spider,-10.000066757202148,-6.67572021484375e-05
sheep,tarantula,-9.68758773803711,-8.7738037109375e-05
sheep,crab,-9.812576293945312,-7.62939453125e-05
sheep,crayfish,-9.812576293945312,-7.62939453125e-05
sheep,lobster,-9.437601089477539,-0.0001010894775390625
sheep,prawn,-9.562591552734375,-9.1552734375e-05
sheep,shrimp,-9.562593460083008,-9.34600830078125e-05
sheep,slug,-9.62508773803711,-8.7738037109375e-05
sheep,snail,-9.750078201293945,-7.82012939453125e-05
sheep,clam,-9.687585830688477,-8.58306884765625e-05
sheep,mussel,-9.56259536743164,-9.5367431640625e-05
sheep,scallop,-9.437606811523438,-0.0001068115234375
sheep,oyster,-9.375110626220703,-0.000110626220703125
sheep,squid,-9.875070571899414,-7.05718994140625e-05
sheep,octopus,-9.812576293945312,-7.62939453125e-05
sheep,worm,-10.06256103515625,-6.103515625e-05
sheep,jellyfish,-10.000068664550781,-6.866455078125e-05
deer,animal,-4.38690185546875e-05,-12.000043869018555
deer,vertebrate,-3.814697265625e-05,-11.687538146972656
deer,invertebrate,-10.062564849853516,-6.4849853515625e-05
deer,mammal,-3.0517578125e-05,-12.312530517578125
deer,bird,-10.06256103515625,-6.103515625e-05
deer,reptile,-10.187555313110352,-5.53131103515625e-05
deer,amphibian,-10.125059127807617,-5.91278076171875e-05
deer,fish,-10.125057220458984,-5.7220458984375e-05
deer,arthropod,-10.250057220458984,-5.7220458984375e-05
deer,insect,-10.12506103515625,-6.103515625e-05
deer,bird of prey,-9.93757438659668,-7.43865966796875e-05
deer,aquatic bird,-9.75008773803711,-8.7738037109375e-05
deer,canine,-10.00006103515625,-6.103515625e-05
deer,feline,-9.812568664550781,-6.866455078125e-05
deer,primate,-9.81257438659668,-7.43865966796875e-05
deer,aquatic mammal,-9.750085830688477,-8.58306884765625e-05
deer,rodent,-10.00006103515625,-6.103515625e-05
deer,bat,-9.875072479248047,-7.2479248046875e-05
deer,bear,-10.062559127807617,-5.91278076171875e-05
deer,cat,-9.812570571899414,-7.05718994140625e-05
deer,cheetah,-10.000062942504883,-6.29425048828125e-05
deer,leopard,-9.750078201293945,-7.82012939453125e-05
deer,lion,-9.875070571899414,-7.05718994140625e-05
deer,panther,-9.62508773803711,-8.7738037109375e-05
deer,tiger,-9.812572479248047,-7.2479248046875e-05
deer,dog,-10.062559127807617,-5.91278076171875e-05
deer,fox,-10.125057220458984,-5.7220458984375e-05
deer,hyena,-10.000066757202148,-6.67572021484375e-05
deer,wolf,-10.06256103515625,-6.103515625e-05
deer,raccoon,-9.62508773803711,-8.7738037109375e-05
deer,skunk,-9.62508773803711,-8.7738037109375e-05
deer,otter,-9.750080108642578,-8.0108642578125e-05
deer,beaver,-9.687582015991211,-8.20159912109375e-05
deer,chipmunk,-9.50009536743164,-9.5367431640625e-05
deer,squirrel,-9.625085830688477,-8.58306884765625e-05
deer,gerbil,-9.562591552734375,-9.1552734375e-05
deer,guinea_pig,-9.500097274780273,-9.72747802734375e-05
deer,hamster,-9.625085830688477,-8.58306884765625e-05
deer,mouse,-9.500091552734375,-9.1552734375e-05
deer,porcupine,-9.750080108642578,-8.0108642578125e-05
deer,rat,-9.625083923339844,-8.392333984375e-05
deer,buffalo,-9.437599182128906,-9.918212890625e-05
deer,cow,-8.875158309936523,-0.0001583099365234375
deer,ox,-8.875160217285156,-0.00016021728515625
deer,goat,-8.437744140625,-0.000244140625
deer,sheep,-9.875066757202148,-6.67572021484375e-05
deer,deer,-0.0001735687255859375,-9.562673568725586
deer,moose,-9.312612533569336,-0.0001125335693359375
deer,giraffe,-9.437599182128906,-9.918212890625e-05
deer,camel,-9.750078201293945,-7.82012939453125e-05
deer,hippo,-9.625089645385742,-8.96453857421875e-05
deer,llama,-9.625085830688477,-8.58306884765625e-05
deer,pig,-9.750078201293945,-7.82012939453125e-05
deer,donkey,-9.875072479248047,-7.2479248046875e-05
deer,horse,-9.56258773803711,-8.7738037109375e-05
deer,pony,-9.562589645385742,-8.96453857421875e-05
deer,zebra,-9.875070571899414,-7.05718994140625e-05
deer,rhino,-9.750078201293945,-7.82012939453125e-05
deer,gorilla,-9.562591552734375,-9.1552734375e-05
deer,monkey,-10.000064849853516,-6.4849853515625e-05
deer,hedgehog,-9.750080108642578,-8.0108642578125e-05
deer,rabbit,-9.500091552734375,-9.1552734375e-05
deer,seal,-9.750078201293945,-7.82012939453125e-05
deer,walrus,-9.625089645385742,-8.96453857421875e-05
deer,dolphin,-9.812572479248047,-7.2479248046875e-05
deer,whale,-9.750078201293945,-7.82012939453125e-05
deer,elephant,-9.812572479248047,-7.2479248046875e-05
deer,kangaroo,-9.875068664550781,-6.866455078125e-05
deer,platypus,-9.68758773803711,-8.7738037109375e-05
deer,crocodile,-9.750078201293945,-7.82012939453125e-05
deer,alligator,-10.000066757202148,-6.67572021484375e-05
deer,lizard,-10.125059127807617,-5.91278076171875e-05
deer,iguana,-9.750078201293945,-7.82012939453125e-05
deer,rattlesnake,-9.812578201293945,-7.82012939453125e-05
deer,tortoise,-9.875072479248047,-7.2479248046875e-05
deer,turtle,-9.875072479248047,-7.2479248046875e-05
deer,frog,-10.000066757202148,-6.67572021484375e-05
deer,toad,-9.750082015991211,-8.20159912109375e-05
deer,budgie,-9.437602996826172,-0.000102996826171875
deer,parakeet,-9.812580108642578,-8.0108642578125e-05
deer,buzzard,-10.000070571899414,-7.05718994140625e-05
deer,falcon,-9.750082015991211,-8.20159912109375e-05
deer,hawk,-10.000066757202148,-6.67572021484375e-05
deer,eagle,-10.000066757202148,-6.67572021484375e-05
deer,owl,-9.81257438659668,-7.43865966796875e-05
deer,canary,-9.500097274780273,-9.72747802734375e-05
deer,magpie,-9.687583923339844,-8.392333984375e-05
deer,raven,-9.750080108642578,-8.0108642578125e-05
deer,nightingale,-9.312614440917969,-0.00011444091796875
deer,robin,-9.562591552734375,-9.1552734375e-05
deer,starling,-9.437606811523438,-0.0001068115234375
deer,sparrow,-9.750078201293945,-7.82012939453125e-05
deer,wren,-9.625085830688477,-8.58306884765625e-05
deer,chicken,-9.875070571899414,-7.05718994140625e-05
deer,cockerel,-9.56259536743164,-9.5367431640625e-05
deer,turkey,-9.625085830688477,-8.58306884765625e-05
deer,dove,-9.687582015991211,-8.20159912109375e-05
deer,pigeon,-9.687582015991211,-8.20159912109375e-05
deer,partridge,-9.750078201293945,-7.82012939453125e-05
deer,peacock,-9.500101089477539,-0.0001010894775390625
deer,crane,-9.62508773803711,-8.7738037109375e-05
deer,flamingo,-9.562591552734375,-9.1552734375e-05
deer,heron,-9.750082015991211,-8.20159912109375e-05
deer,duck,-9.875072479248047,-7.2479248046875e-05
deer,goose,-9.81257438659668,-7.43865966796875e-05
deer,pelican,-9.500101089477539,-0.0001010894775390625
deer,penguin,-9.500097274780273,-9.72747802734375e-05
deer,seagull,-9.812578201293945,-7.82012939453125e-05
deer,swan,-9.750078201293945,-7.82012939453125e-05
deer,hummingbird,-9.625089645385742,-8.96453857421875e-05
deer,kingfisher,-9.625089645385742,-8.96453857421875e-05
deer,woodpecker,-9.625085830688477,-8.58306884765625e-05
deer,emu,-9.750078201293945,-7.82012939453125e-05
deer,ostrich,-9.750078201293945,-7.82012939453125e-05
deer,carp,-9.687582015991211,-8.20159912109375e-05
deer,goldfish,-9.62508773803711,-8.7738037109375e-05
deer,minnow,-9.56259536743164,-9.5367431640625e-05
deer,cod,-9.437597274780273,-9.72747802734375e-05
deer,herring,-9.437604904174805,-0.0001049041748046875
deer,sardine,-9.750078201293945,-7.82012939453125e-05
deer,salmon,-9.750076293945312,-7.62939453125e-05
deer,trout,-9.562591552734375,-9.1552734375e-05
deer,eel,-9.750082015991211,-8.20159912109375e-05
deer,flounder,-9.437602996826172,-0.000102996826171875
deer,mackerel,-9.312616348266602,-0.0001163482666015625
deer,tuna,-9.62508773803711,-8.7738037109375e-05
deer,seahorse,-9.56259536743164,-9.5367431640625e-05
deer,shark,-9.750080108642578,-8.0108642578125e-05
deer,bee,-9.81257438659668,-7.43865966796875e-05
deer,hornet,-9.812580108642578,-8.0108642578125e-05
deer,wasp,-9.68758773803711,-8.7738037109375e-05
deer,ant,-9.562591552734375,-9.1552734375e-05
deer,beetle,-10.125059127807617,-5.91278076171875e-05
deer,ladybird,-9.437602996826172,-0.000102996826171875
deer,butterfly,-9.875072479248047,-7.2479248046875e-05
deer,moth,-9.437604904174805,-0.0001049041748046875
deer,cockroach,-9.687585830688477,-8.58306884765625e-05
deer,cricket,-9.687583923339844,-8.392333984375e-05
deer,grasshopper,-9.81257438659668,-7.43865966796875e-05
deer,locust,-9.625089645385742,-8.96453857421875e-05
deer,dragonfly,-9.812576293945312,-7.62939453125e-05
deer,flea,-9.625091552734375,-9.1552734375e-05
deer,housefly,-9.625091552734375,-9.1552734375e-05
deer,mosquito,-9.562597274780273,-9.72747802734375e-05
deer,stick_insect,-9.125129699707031,-0.00012969970703125
deer,termite,-9.750080108642578,-8.0108642578125e-05
deer,centipede,-9.875076293945312,-7.62939453125e-05
deer,millipede,-9.56259536743164,-9.5367431640625e-05
deer,scorpion,-9.93757438659668,-7.43865966796875e-05
deer,spider,-10.000068664550781,-6.866455078125e-05
deer,tarantula,-9.750083923339844,-8.392333984375e-05
deer,crab,-9.812576293945312,-7.62939453125e-05
deer,crayfish,-9.625091552734375,-9.1552734375e-05
deer,lobster,-9.625085830688477,-8.58306884765625e-05
deer,prawn,-9.562591552734375,-9.1552734375e-05
deer,shrimp,-9.500099182128906,-9.918212890625e-05
deer,slug,-9.56259536743164,-9.5367431640625e-05
deer,snail,-9.687583923339844,-8.392333984375e-05
deer,clam,-9.562593460083008,-9.34600830078125e-05
deer,mussel,-9.500099182128906,-9.918212890625e-05
deer,scallop,-9.500101089477539,-0.0001010894775390625
deer,oyster,-9.312614440917969,-0.00011444091796875
deer,squid,-9.81257438659668,-7.43865966796875e-05
deer,octopus,-9.687585830688477,-8.58306884765625e-05
deer,worm,-10.000064849853516,-6.4849853515625e-05
deer,jellyfish,-10.000070571899414,-7.05718994140625e-05
moose,animal,-4.76837158203125e-05,-11.87504768371582
moose,vertebrate,-3.814697265625e-05,-11.687538146972656
moose,invertebrate,-9.937570571899414,-7.05718994140625e-05
moose,mammal,-3.0517578125e-05,-12.062530517578125
moose,bird,-9.750076293945312,-7.62939453125e-05
moose,reptile,-10.187553405761719,-5.340576171875e-05
moose,amphibian,-10.125057220458984,-5.7220458984375e-05
moose,fish,-10.00006103515625,-6.103515625e-05
moose,arthropod,-10.18756103515625,-6.103515625e-05
moose,insect,-9.937570571899414,-7.05718994140625e-05
moose,bird of prey,-9.93757438659668,-7.43865966796875e-05
moose,aquatic bird,-9.562597274780273,-9.72747802734375e-05
moose,canine,-9.812570571899414,-7.05718994140625e-05
moose,feline,-9.812568664550781,-6.866455078125e-05
moose,primate,-10.000062942504883,-6.29425048828125e-05
moose,aquatic mammal,-7.563077926635742,-0.0005779266357421875
moose,rodent,-9.687580108642578,-8.0108642578125e-05
moose,bat,-9.687585830688477,-8.58306884765625e-05
moose,bear,-9.687578201293945,-7.82012939453125e-05
moose,cat,-9.75007438659668,-7.43865966796875e-05
moose,cheetah,-10.125059127807617,-5.91278076171875e-05
moose,leopard,-9.750082015991211,-8.20159912109375e-05
moose,lion,-10.06256103515625,-6.103515625e-05
moose,panther,-9.750082015991211,-8.20159912109375e-05
moose,tiger,-10.06256103515625,-6.103515625e-05
moose,dog,-10.062559127807617,-5.91278076171875e-05
moose,fox,-10.062559127807617,-5.91278076171875e-05
moose,hyena,-10.000064849853516,-6.4849853515625e-05
moose,wolf,-10.000064849853516,-6.4849853515625e-05
moose,raccoon,-9.500097274780273,-9.72747802734375e-05
moose,skunk,-9.500097274780273,-9.72747802734375e-05
moose,otter,-9.750078201293945,-7.82012939453125e-05
moose,beaver,-9.625082015991211,-8.20159912109375e-05
moose,chipmunk,-9.437599182128906,-9.918212890625e-05
moose,squirrel,-9.687582015991211,-8.20159912109375e-05
moose,gerbil,-9.437601089477539,-0.0001010894775390625
moose,guinea_pig,-9.562593460083008,-9.34600830078125e-05
moose,hamster,-9.562589645385742,-8.96453857421875e-05
moose,mouse,-9.062637329101562,-0.0001373291015625
moose,porcupine,-9.500097274780273,-9.72747802734375e-05
moose,rat,-9.687580108642578,-8.0108642578125e-05
moose,buffalo,-9.125133514404297,-0.000133514404296875
moose,cow,-6.876079559326172,-0.001079559326171875
moose,ox,-6.189619064331055,-0.0021190643310546875
moose,goat,-9.50009536743164,-9.5367431640625e-05
moose,sheep,-10.062559127807617,-5.91278076171875e-05
moose,deer,-7.2479248046875e-05,-10.937572479248047
moose,moose,-0.0001888275146484375,-9.250188827514648
moose,giraffe,-9.62508773803711,-8.7738037109375e-05
moose,camel,-9.625085830688477,-8.58306884765625e-05
moose,hippo,-9.562591552734375,-9.1552734375e-05
moose,llama,-9.562589645385742,-8.96453857421875e-05
moose,pig,-9.750078201293945,-7.82012939453125e-05
moose,donkey,-10.06256103515625,-6.103515625e-05
moose,horse,-9.56258773803711,-8.7738037109375e-05
moose,pony,-9.687580108642578,-8.0108642578125e-05
moose,zebra,-10.062562942504883,-6.29425048828125e-05
moose,rhino,-9.812576293945312,-7.62939453125e-05
moose,gorilla,-9.625085830688477,-8.58306884765625e-05
moose,monkey,-9.812576293945312,-7.62939453125e-05
moose,hedgehog,-9.81257438659668,-7.43865966796875e-05
moose,rabbit,-9.875066757202148,-6.67572021484375e-05
moose,seal,-9.75007438659668,-7.43865966796875e-05
moose,walrus,-9.625085830688477,-8.58306884765625e-05
moose,dolphin,-9.750078201293945,-7.82012939453125e-05
moose,whale,-9.625085830688477,-8.58306884765625e-05
moose,elephant,-9.750076293945312,-7.62939453125e-05
moose,kangaroo,-10.000062942504883,-6.29425048828125e-05
moose,platypus,-9.625089645385742,-8.96453857421875e-05
moose,crocodile,-10.000064849853516,-6.4849853515625e-05
moose,alligator,-10.06256103515625,-6.103515625e-05
moose,lizard,-10.000064849853516,-6.4849853515625e-05
moose,iguana,-9.750078201293945,-7.82012939453125e-05
moose,rattlesnake,-9.750083923339844,-8.392333984375e-05
moose,tortoise,-9.937566757202148,-6.67572021484375e-05
moose,turtle,-9.62508773803711,-8.7738037109375e-05
moose,frog,-10.062559127807617,-5.91278076171875e-05
moose,toad,-9.687583923339844,-8.392333984375e-05
moose,budgie,-9.500097274780273,-9.72747802734375e-05
moose,parakeet,-9.750082015991211,-8.20159912109375e-05
moose,buzzard,-10.000068664550781,-6.866455078125e-05
moose,falcon,-9.750078201293945,-7.82012939453125e-05
moose,hawk,-9.750082015991211,-8.20159912109375e-05
moose,eagle,-10.000062942504883,-6.29425048828125e-05
moose,owl,-9.812572479248047,-7.2479248046875e-05
moose,canary,-9.56258773803711,-8.7738037109375e-05
moose,magpie,-9.562593460083008,-9.34600830078125e-05
moose,raven,-9.562593460083008,-9.34600830078125e-05
moose,nightingale,-9.312614440917969,-0.00011444091796875
moose,robin,-9.562589645385742,-8.96453857421875e-05
moose,starling,-9.312616348266602,-0.0001163482666015625
moose,sparrow,-9.625085830688477,-8.58306884765625e-05
moose,wren,-9.500093460083008,-9.34600830078125e-05
moose,chicken,-9.750078201293945,-7.82012939453125e-05
moose,cockerel,-9.500099182128906,-9.918212890625e-05
moose,turkey,-9.500097274780273,-9.72747802734375e-05
moose,dove,-9.625085830688477,-8.58306884765625e-05
moose,pigeon,-9.687580108642578,-8.0108642578125e-05
moose,partridge,-9.437604904174805,-0.0001049041748046875
moose,peacock,-9.56259536743164,-9.5367431640625e-05
moose,crane,-9.750076293945312,-7.62939453125e-05
moose,flamingo,-9.562589645385742,-8.96453857421875e-05
moose,heron,-9.750080108642578,-8.0108642578125e-05
moose,duck,-9.81257438659668,-7.43865966796875e-05
moose,goose,-9.875070571899414,-7.05718994140625e-05
moose,pelican,-9.62508773803711,-8.7738037109375e-05
moose,penguin,-9.562591552734375,-9.1552734375e-05
moose,seagull,-9.750080108642578,-8.0108642578125e-05
moose,swan,-9.875070571899414,-7.05718994140625e-05
moose,hummingbird,-9.62508773803711,-8.7738037109375e-05
moose,kingfisher,-9.437606811523438,-0.0001068115234375
moose,woodpecker,-9.50009536743164,-9.5367431640625e-05
moose,emu,-9.62508773803711,-8.7738037109375e-05
moose,ostrich,-9.812572479248047,-7.2479248046875e-05
moose,carp,-9.500097274780273,-9.72747802734375e-05
moose,goldfish,-9.312612533569336,-0.0001125335693359375
moose,minnow,-9.562593460083008,-9.34600830078125e-05
moose,cod,-9.31260871887207,-0.0001087188720703125
moose,herring,-9.437602996826172,-0.000102996826171875
moose,sardine,-9.750078201293945,-7.82012939453125e-05
moose,salmon,-9.500093460083008,-9.34600830078125e-05
moose,trout,-9.437599182128906,-9.918212890625e-05
moose,eel,-9.750078201293945,-7.82012939453125e-05
moose,flounder,-9.437601089477539,-0.0001010894775390625
moose,mackerel,-9.37510871887207,-0.0001087188720703125
moose,tuna,-9.562589645385742,-8.96453857421875e-05
moose,seahorse,-9.62508773803711,-8.7738037109375e-05
moose,shark,-9.875070571899414,-7.05718994140625e-05
moose,bee,-9.687583923339844,-8.392333984375e-05
moose,hornet,-9.625091552734375,-9.1552734375e-05
moose,wasp,-9.687585830688477,-8.58306884765625e-05
moose,ant,-9.2501220703125,-0.0001220703125
moose,beetle,-10.00006103515625,-6.103515625e-05
moose,ladybird,-9.437602996826172,-0.000102996826171875
moose,butterfly,-9.687583923339844,-8.392333984375e-05
moose,moth,-9.312618255615234,-0.000118255615234375
moose,cockroach,-9.500101089477539,-0.0001010894775390625
moose,cricket,-9.687582015991211,-8.20159912109375e-05
moose,grasshopper,-9.750076293945312,-7.62939453125e-05
moose,locust,-9.625091552734375,-9.1552734375e-05
moose,dragonfly,-9.62508773803711,-8.7738037109375e-05
moose,flea,-9.62508773803711,-8.7738037109375e-05
moose,housefly,-9.437604904174805,-0.0001049041748046875
moose,mosquito,-9.187629699707031,-0.00012969970703125
moose,stick_insect,-9.312612533569336,-0.0001125335693359375
moose,termite,-9.62508773803711,-8.7738037109375e-05
moose,centipede,-9.750085830688477,-8.58306884765625e-05
moose,millipede,-9.500099182128906,-9.918212890625e-05
moose,scorpion,-9.875076293945312,-7.62939453125e-05
moose,spider,-9.68758773803711,-8.7738037109375e-05
moose,tarantula,-9.687585830688477,-8.58306884765625e-05
moose,crab,-9.62508773803711,-8.7738037109375e-05
moose,crayfish,-9.562591552734375,-9.1552734375e-05
moose,lobster,-9.250116348266602,-0.0001163482666015625
moose,prawn,-9.50009536743164,-9.5367431640625e-05
moose,shrimp,-9.50009536743164,-9.5367431640625e-05
moose,slug,-9.62508773803711,-8.7738037109375e-05
moose,snail,-9.62508773803711,-8.7738037109375e-05
moose,clam,-9.312618255615234,-0.000118255615234375
moose,mussel,-9.00014877319336,-0.000148773193359375
moose,scallop,-9.437602996826172,-0.000102996826171875
moose,oyster,-9.2501220703125,-0.0001220703125
moose,squid,-9.875070571899414,-7.05718994140625e-05
moose,octopus,-9.687583923339844,-8.392333984375e-05
moose,worm,-9.875068664550781,-6.866455078125e-05
moose,jellyfish,-9.875072479248047,-7.2479248046875e-05
giraffe,animal,-4.9591064453125e-05,-11.750049591064453
giraffe,vertebrate,-4.00543212890625e-05,-11.625040054321289
giraffe,invertebrate,-9.750080108642578,-8.0108642578125e-05
giraffe,mammal,-3.24249267578125e-05,-11.875032424926758
giraffe,bird,-9.625085830688477,-8.58306884765625e-05
giraffe,reptile,-9.875068664550781,-6.866455078125e-05
giraffe,amphibian,-10.125059127807617,-5.91278076171875e-05
giraffe,fish,-9.875068664550781,-6.866455078125e-05
giraffe,arthropod,-10.062568664550781,-6.866455078125e-05
giraffe,insect,-9.812578201293945,-7.82012939453125e-05
giraffe,bird of prey,-9.875080108642578,-8.0108642578125e-05
giraffe,aquatic bird,-9.3751220703125,-0.0001220703125
giraffe,canine,-9.750076293945312,-7.62939453125e-05
giraffe,feline,-9.375101089477539,-0.0001010894775390625
giraffe,primate,-9.750078201293945,-7.82012939453125e-05
giraffe,aquatic mammal,-9.500106811523438,-0.0001068115234375
giraffe,rodent,-9.56258773803711,-8.7738037109375e-05
giraffe,bat,-9.625089645385742,-8.96453857421875e-05
giraffe,bear,-10.000062942504883,-6.29425048828125e-05
giraffe,cat,-9.250114440917969,-0.00011444091796875
giraffe,cheetah,-9.875072479248047,-7.2479248046875e-05
giraffe,leopard,-9.625085830688477,-8.58306884765625e-05
giraffe,lion,-9.81257438659668,-7.43865966796875e-05
giraffe,panther,-9.625089645385742,-8.96453857421875e-05
giraffe,tiger,-9.875072479248047,-7.2479248046875e-05
giraffe,dog,-9.875068664550781,-6.866455078125e-05
giraffe,fox,-9.875068664550781,-6.866455078125e-05
giraffe,hyena,-9.750080108642578,-8.0108642578125e-05
giraffe,wolf,-9.87507438659668,-7.43865966796875e-05
giraffe,raccoon,-9.437604904174805,-0.0001049041748046875
giraffe,skunk,-9.375110626220703,-0.000110626220703125
giraffe,otter,-9.437602996826172,-0.000102996826171875
giraffe,beaver,-9.625085830688477,-8.58306884765625e-05
giraffe,chipmunk,-9.500097274780273,-9.72747802734375e-05
giraffe,squirrel,-9.500097274780273,-9.72747802734375e-05
giraffe,gerbil,-9.50009536743164,-9.5367431640625e-05
giraffe,guinea_pig,-9.437602996826172,-0.000102996826171875
giraffe,hamster,-9.437601089477539,-0.0001010894775390625
giraffe,mouse,-9.500091552734375,-9.1552734375e-05
giraffe,porcupine,-9.375110626220703,-0.000110626220703125
giraffe,rat,-9.50009536743164,-9.5367431640625e-05
giraffe,buffalo,-9.562593460083008,-9.34600830078125e-05
giraffe,cow,-8.687690734863281,-0.00019073486328125
giraffe,ox,-9.000143051147461,-0.0001430511474609375
giraffe,goat,-8.75018310546875,-0.00018310546875
giraffe,sheep,-9.81257438659668,-7.43865966796875e-05
giraffe,deer,-8.562715530395508,-0.0002155303955078125
giraffe,moose,-9.750078201293945,-7.82012939453125e-05
giraffe,giraffe,-0.000457763671875,-8.250457763671875
giraffe,camel,-9.562589645385742,-8.96453857421875e-05
giraffe,hippo,-9.562591552734375,-9.1552734375e-05
giraffe,llama,-9.437601089477539,-0.0001010894775390625
giraffe,pig,-9.687583923339844,-8.392333984375e-05
giraffe,donkey,-9.750078201293945,-7.82012939453125e-05
giraffe,horse,-9.750076293945312,-7.62939453125e-05
giraffe,pony,-9.687580108642578,-8.0108642578125e-05
giraffe,zebra,-9.875070571899414,-7.05718994140625e-05
giraffe,rhino,-9.750080108642578,-8.0108642578125e-05
giraffe,gorilla,-9.62508773803711,-8.7738037109375e-05
giraffe,monkey,-9.81257438659668,-7.43865966796875e-05
giraffe,hedgehog,-9.56259536743164,-9.5367431640625e-05
giraffe,rabbit,-9.750076293945312,-7.62939453125e-05
giraffe,seal,-9.750080108642578,-8.0108642578125e-05
giraffe,walrus,-9.56259536743164,-9.5367431640625e-05
giraffe,dolphin,-9.750080108642578,-8.0108642578125e-05
giraffe,whale,-9.875070571899414,-7.05718994140625e-05
giraffe,elephant,-9.875070571899414,-7.05718994140625e-05
giraffe,kangaroo,-9.750078201293945,-7.82012939453125e-05
giraffe,platypus,-9.750082015991211,-8.20159912109375e-05
giraffe,crocodile,-9.750078201293945,-7.82012939453125e-05
giraffe,alligator,-9.812576293945312,-7.62939453125e-05
giraffe,lizard,-9.875068664550781,-6.866455078125e-05
giraffe,iguana,-9.562591552734375,-9.1552734375e-05
giraffe,rattlesnake,-9.687585830688477,-8.58306884765625e-05
giraffe,tortoise,-9.812572479248047,-7.2479248046875e-05
giraffe,turtle,-9.750078201293945,-7.82012939453125e-05
giraffe,frog,-9.875070571899414,-7.05718994140625e-05
giraffe,toad,-9.56259536743164,-9.5367431640625e-05
giraffe,budgie,-9.375106811523438,-0.0001068115234375
giraffe,parakeet,-9.750083923339844,-8.392333984375e-05
giraffe,buzzard,-9.687585830688477,-8.58306884765625e-05
giraffe,falcon,-9.562593460083008,-9.34600830078125e-05
giraffe,hawk,-9.687585830688477,-8.58306884765625e-05
giraffe,eagle,-9.750080108642578,-8.0108642578125e-05
giraffe,owl,-9.62508773803711,-8.7738037109375e-05
giraffe,canary,-9.437599182128906,-9.918212890625e-05
giraffe,magpie,-9.500099182128906,-9.918212890625e-05
giraffe,raven,-9.375110626220703,-0.000110626220703125
giraffe,nightingale,-9.2501220703125,-0.0001220703125
giraffe,robin,-9.437599182128906,-9.918212890625e-05
giraffe,starling,-9.125137329101562,-0.0001373291015625
giraffe,sparrow,-9.562591552734375,-9.1552734375e-05
giraffe,wren,-9.375106811523438,-0.0001068115234375
giraffe,chicken,-9.562591552734375,-9.1552734375e-05
giraffe,cockerel,-9.312616348266602,-0.0001163482666015625
giraffe,turkey,-9.312614440917969,-0.00011444091796875
giraffe,dove,-9.437601089477539,-0.0001010894775390625
giraffe,pigeon,-9.50009536743164,-9.5367431640625e-05
giraffe,partridge,-9.312616348266602,-0.0001163482666015625
giraffe,peacock,-9.437604904174805,-0.0001049041748046875
giraffe,crane,-9.375106811523438,-0.0001068115234375
giraffe,flamingo,-9.50009536743164,-9.5367431640625e-05
giraffe,heron,-9.687585830688477,-8.58306884765625e-05
giraffe,duck,-9.875070571899414,-7.05718994140625e-05
giraffe,goose,-9.625085830688477,-8.58306884765625e-05
giraffe,pelican,-9.437602996826172,-0.000102996826171875
giraffe,penguin,-9.687582015991211,-8.20159912109375e-05
giraffe,seagull,-9.625089645385742,-8.96453857421875e-05
giraffe,swan,-9.625089645385742,-8.96453857421875e-05
giraffe,hummingbird,-9.62508773803711,-8.7738037109375e-05
giraffe,kingfisher,-9.437604904174805,-0.0001049041748046875
giraffe,woodpecker,-9.312612533569336,-0.0001125335693359375
giraffe,emu,-9.562591552734375,-9.1552734375e-05
giraffe,ostrich,-9.437599182128906,-9.918212890625e-05
giraffe,carp,-9.37510871887207,-0.0001087188720703125
giraffe,goldfish,-9.50009536743164,-9.5367431640625e-05
giraffe,minnow,-9.437604904174805,-0.0001049041748046875
giraffe,cod,-9.125129699707031,-0.00012969970703125
giraffe,herring,-9.312616348266602,-0.0001163482666015625
giraffe,sardine,-9.500097274780273,-9.72747802734375e-05
giraffe,salmon,-9.562589645385742,-8.96453857421875e-05
giraffe,trout,-9.437601089477539,-0.0001010894775390625
giraffe,eel,-9.81257438659668,-7.43865966796875e-05
giraffe,flounder,-9.312614440917969,-0.00011444091796875
giraffe,mackerel,-9.2501220703125,-0.0001220703125
giraffe,tuna,-9.437601089477539,-0.0001010894775390625
giraffe,seahorse,-9.500101089477539,-0.0001010894775390625
giraffe,shark,-9.875072479248047,-7.2479248046875e-05
giraffe,bee,-9.687582015991211,-8.20159912109375e-05
giraffe,hornet,-9.500099182128906,-9.918212890625e-05
giraffe,wasp,-9.562597274780273,-9.72747802734375e-05
giraffe,ant,-9.437601089477539,-0.0001010894775390625
giraffe,beetle,-9.750076293945312,-7.62939453125e-05
giraffe,ladybird,-9.250120162963867,-0.0001201629638671875
giraffe,butterfly,-9.81257438659668,-7.43865966796875e-05
giraffe,moth,-9.250120162963867,-0.0001201629638671875
giraffe,cockroach,-9.375110626220703,-0.000110626220703125
giraffe,cricket,-9.500097274780273,-9.72747802734375e-05
giraffe,grasshopper,-9.687582015991211,-8.20159912109375e-05
giraffe,locust,-9.500099182128906,-9.918212890625e-05
giraffe,dragonfly,-9.500101089477539,-0.0001010894775390625
giraffe,flea,-9.437601089477539,-0.0001010894775390625
giraffe,housefly,-9.437602996826172,-0.000102996826171875
giraffe,mosquito,-9.312616348266602,-0.0001163482666015625
giraffe,stick_insect,-8.875162124633789,-0.0001621246337890625
giraffe,termite,-9.37510871887207,-0.0001087188720703125
giraffe,centipede,-9.68758773803711,-8.7738037109375e-05
giraffe,millipede,-9.375114440917969,-0.00011444091796875
giraffe,scorpion,-9.625091552734375,-9.1552734375e-05
giraffe,spider,-9.687585830688477,-8.58306884765625e-05
giraffe,tarantula,-9.437604904174805,-0.0001049041748046875
giraffe,crab,-9.687583923339844,-8.392333984375e-05
giraffe,crayfish,-9.375110626220703,-0.000110626220703125
giraffe,lobster,-9.437601089477539,-0.0001010894775390625
giraffe,prawn,-9.312612533569336,-0.0001125335693359375
giraffe,shrimp,-9.437604904174805,-0.0001049041748046875
giraffe,slug,-9.562591552734375,-9.1552734375e-05
giraffe,snail,-9.562591552734375,-9.1552734375e-05
giraffe,clam,-9.437602996826172,-0.000102996826171875
giraffe,mussel,-9.312616348266602,-0.0001163482666015625
giraffe,scallop,-9.437604904174805,-0.0001049041748046875
giraffe,oyster,-9.12513542175293,-0.0001354217529296875
giraffe,squid,-9.687583923339844,-8.392333984375e-05
giraffe,octopus,-9.500101089477539,-0.0001010894775390625
giraffe,worm,-9.750078201293945,-7.82012939453125e-05
giraffe,jellyfish,-9.875072479248047,-7.2479248046875e-05
camel,animal,-5.14984130859375e-05,-11.625051498413086
camel,vertebrate,-4.76837158203125e-05,-11.37504768371582
camel,invertebrate,-9.87507438659668,-7.43865966796875e-05
camel,mammal,-3.0517578125e-05,-12.000030517578125
camel,bird,-9.875072479248047,-7.2479248046875e-05
camel,reptile,-9.937568664550781,-6.866455078125e-05
camel,amphibian,-10.187557220458984,-5.7220458984375e-05
camel,fish,-10.000062942504883,-6.29425048828125e-05
camel,arthropod,-10.062570571899414,-7.05718994140625e-05
camel,insect,-9.93757438659668,-7.43865966796875e-05
camel,bird of prey,-9.875078201293945,-7.82012939453125e-05
camel,aquatic bird,-9.437614440917969,-0.00011444091796875
camel,canine,-10.062559127807617,-5.91278076171875e-05
camel,feline,-9.875066757202148,-6.67572021484375e-05
camel,primate,-10.000064849853516,-6.4849853515625e-05
camel,aquatic mammal,-9.500099182128906,-9.918212890625e-05
camel,rodent,-10.000062942504883,-6.29425048828125e-05
camel,bat,-9.500101089477539,-0.0001010894775390625
camel,bear,-10.000064849853516,-6.4849853515625e-05
camel,cat,-9.625085830688477,-8.58306884765625e-05
camel,cheetah,-9.875070571899414,-7.05718994140625e-05
camel,leopard,-9.875072479248047,-7.2479248046875e-05
camel,lion,-10.000062942504883,-6.29425048828125e-05
camel,panther,-9.875072479248047,-7.2479248046875e-05
camel,tiger,-10.06256103515625,-6.103515625e-05
camel,dog,-10.125055313110352,-5.53131103515625e-05
camel,fox,-9.937566757202148,-6.67572021484375e-05
camel,hyena,-9.875072479248047,-7.2479248046875e-05
camel,wolf,-9.875072479248047,-7.2479248046875e-05
camel,raccoon,-9.312616348266602,-0.0001163482666015625
camel,skunk,-9.312616348266602,-0.0001163482666015625
camel,otter,-9.562591552734375,-9.1552734375e-05
camel,beaver,-9.562591552734375,-9.1552734375e-05
camel,chipmunk,-9.562591552734375,-9.1552734375e-05
camel,squirrel,-9.56259536743164,-9.5367431640625e-05
camel,gerbil,-9.312612533569336,-0.0001125335693359375
camel,guinea_pig,-9.437604904174805,-0.0001049041748046875
camel,hamster,-9.50009536743164,-9.5367431640625e-05
camel,mouse,-9.437599182128906,-9.918212890625e-05
camel,porcupine,-9.437602996826172,-0.000102996826171875
camel,rat,-9.562591552734375,-9.1552734375e-05
camel,buffalo,-9.437601089477539,-0.0001010894775390625
camel,cow,-9.875066757202148,-6.67572021484375e-05
camel,ox,-9.437597274780273,-9.72747802734375e-05
camel,goat,-9.625085830688477,-8.58306884765625e-05
camel,sheep,-10.062557220458984,-5.7220458984375e-05
camel,deer,-10.062559127807617,-5.91278076171875e-05
camel,moose,-9.750080108642578,-8.0108642578125e-05
camel,giraffe,-9.750078201293945,-7.82012939453125e-05
camel,camel,-0.0003604888916015625,-8.500360488891602
camel,hippo,-9.562593460083008,-9.34600830078125e-05
camel,llama,-9.312610626220703,-0.000110626220703125
camel,pig,-9.875070571899414,-7.05718994140625e-05
camel,donkey,-9.81257438659668,-7.43865966796875e-05
camel,horse,-9.937562942504883,-6.29425048828125e-05
camel,pony,-9.375102996826172,-0.000102996826171875
camel,zebra,-10.000066757202148,-6.67572021484375e-05
camel,rhino,-9.87507438659668,-7.43865966796875e-05
camel,gorilla,-9.62508773803711,-8.7738037109375e-05
camel,monkey,-9.875072479248047,-7.2479248046875e-05
camel,hedgehog,-9.500099182128906,-9.918212890625e-05
camel,rabbit,-9.875068664550781,-6.866455078125e-05
camel,seal,-9.687582015991211,-8.20159912109375e-05
camel,walrus,-9.500099182128906,-9.918212890625e-05
camel,dolphin,-9.687583923339844,-8.392333984375e-05
camel,whale,-9.875072479248047,-7.2479248046875e-05
camel,elephant,-10.06256103515625,-6.103515625e-05
camel,kangaroo,-9.750080108642578,-8.0108642578125e-05
camel,platypus,-9.625089645385742,-8.96453857421875e-05
camel,crocodile,-9.750082015991211,-8.20159912109375e-05
camel,alligator,-10.000066757202148,-6.67572021484375e-05
camel,lizard,-10.06256103515625,-6.103515625e-05
camel,iguana,-9.62508773803711,-8.7738037109375e-05
camel,rattlesnake,-9.625091552734375,-9.1552734375e-05
camel,tortoise,-9.750076293945312,-7.62939453125e-05
camel,turtle,-9.750080108642578,-8.0108642578125e-05
camel,frog,-10.000064849853516,-6.4849853515625e-05
camel,toad,-9.625089645385742,-8.96453857421875e-05
camel,budgie,-9.312612533569336,-0.0001125335693359375
camel,parakeet,-9.687589645385742,-8.96453857421875e-05
camel,buzzard,-9.625091552734375,-9.1552734375e-05
camel,falcon,-9.687583923339844,-8.392333984375e-05
camel,hawk,-9.562597274780273,-9.72747802734375e-05
camel,eagle,-9.750085830688477,-8.58306884765625e-05
camel,owl,-9.500097274780273,-9.72747802734375e-05
camel,canary,-9.250120162963867,-0.0001201629638671875
camel,magpie,-9.312616348266602,-0.0001163482666015625
camel,raven,-9.437606811523438,-0.0001068115234375
camel,nightingale,-9.250120162963867,-0.0001201629638671875
camel,robin,-9.375106811523438,-0.0001068115234375
camel,starling,-9.187629699707031,-0.00012969970703125
camel,sparrow,-9.437602996826172,-0.000102996826171875
camel,wren,-9.2501220703125,-0.0001220703125
camel,chicken,-9.750078201293945,-7.82012939453125e-05
camel,cockerel,-9.437601089477539,-0.0001010894775390625
camel,turkey,-9.50009536743164,-9.5367431640625e-05
camel,dove,-9.625085830688477,-8.58306884765625e-05
camel,pigeon,-9.625085830688477,-8.58306884765625e-05
camel,partridge,-9.500099182128906,-9.918212890625e-05
camel,peacock,-9.312618255615234,-0.000118255615234375
camel,crane,-9.375106811523438,-0.0001068115234375
camel,flamingo,-9.437601089477539,-0.0001010894775390625
camel,heron,-9.687585830688477,-8.58306884765625e-05
camel,duck,-9.937568664550781,-6.866455078125e-05
camel,goose,-9.687582015991211,-8.20159912109375e-05
camel,pelican,-9.562593460083008,-9.34600830078125e-05
camel,penguin,-9.562591552734375,-9.1552734375e-05
camel,seagull,-9.687585830688477,-8.58306884765625e-05
camel,swan,-9.875072479248047,-7.2479248046875e-05
camel,hummingbird,-9.437604904174805,-0.0001049041748046875
camel,kingfisher,-9.500099182128906,-9.918212890625e-05
camel,woodpecker,-9.312616348266602,-0.0001163482666015625
camel,emu,-9.562593460083008,-9.34600830078125e-05
camel,ostrich,-9.812572479248047,-7.2479248046875e-05
camel,carp,-9.37510871887207,-0.0001087188720703125
camel,goldfish,-9.312612533569336,-0.0001125335693359375
camel,minnow,-9.437604904174805,-0.0001049041748046875
camel,cod,-9.125131607055664,-0.0001316070556640625
camel,herring,-9.437601089477539,-0.0001010894775390625
camel,sardine,-9.500097274780273,-9.72747802734375e-05
camel,salmon,-9.562593460083008,-9.34600830078125e-05
camel,trout,-9.50009536743164,-9.5367431640625e-05
camel,eel,-9.750078201293945,-7.82012939453125e-05
camel,flounder,-9.37510871887207,-0.0001087188720703125
camel,mackerel,-9.437602996826172,-0.000102996826171875
camel,tuna,-9.562591552734375,-9.1552734375e-05
camel,seahorse,-9.437606811523438,-0.0001068115234375
camel,shark,-9.687585830688477,-8.58306884765625e-05
camel,bee,-9.750080108642578,-8.0108642578125e-05
camel,hornet,-9.43760871887207,-0.0001087188720703125
camel,wasp,-9.500101089477539,-0.0001010894775390625
camel,ant,-9.375110626220703,-0.000110626220703125
camel,beetle,-9.875072479248047,-7.2479248046875e-05
camel,ladybird,-9.125133514404297,-0.000133514404296875
camel,butterfly,-9.625089645385742,-8.96453857421875e-05
camel,moth,-9.312618255615234,-0.000118255615234375
camel,cockroach,-9.312618255615234,-0.000118255615234375
camel,cricket,-9.375110626220703,-0.000110626220703125
camel,grasshopper,-9.625089645385742,-8.96453857421875e-05
camel,locust,-9.500097274780273,-9.72747802734375e-05
camel,dragonfly,-9.56259536743164,-9.5367431640625e-05
camel,flea,-9.375110626220703,-0.000110626220703125
camel,housefly,-9.625089645385742,-8.96453857421875e-05
camel,mosquito,-9.437604904174805,-0.0001049041748046875
camel,stick_insect,-9.187627792358398,-0.0001277923583984375
camel,termite,-9.312616348266602,-0.0001163482666015625
camel,centipede,-9.562599182128906,-9.918212890625e-05
camel,millipede,-9.312618255615234,-0.000118255615234375
camel,scorpion,-9.625091552734375,-9.1552734375e-05
camel,spider,-9.562597274780273,-9.72747802734375e-05
camel,tarantula,-9.312618255615234,-0.000118255615234375
camel,crab,-9.56259536743164,-9.5367431640625e-05
camel,crayfish,-9.437604904174805,-0.0001049041748046875
camel,lobster,-9.37510871887207,-0.0001087188720703125
camel,prawn,-9.312612533569336,-0.0001125335693359375
camel,shrimp,-9.375110626220703,-0.000110626220703125
camel,slug,-9.500097274780273,-9.72747802734375e-05
camel,snail,-9.62508773803711,-8.7738037109375e-05
camel,clam,-9.125137329101562,-0.0001373291015625
camel,mussel,-9.250123977661133,-0.0001239776611328125
camel,scallop,-9.312618255615234,-0.000118255615234375
camel,oyster,-9.125137329101562,-0.0001373291015625
camel,squid,-9.750078201293945,-7.82012939453125e-05
camel,octopus,-9.687585830688477,-8.58306884765625e-05
camel,worm,-9.937568664550781,-6.866455078125e-05
camel,jellyfish,-9.937570571899414,-7.05718994140625e-05
hippo,animal,-5.91278076171875e-05,-11.437559127807617
hippo,vertebrate,-5.14984130859375e-05,-11.187551498413086
hippo,invertebrate,-9.937572479248047,-7.2479248046875e-05
hippo,mammal,-3.814697265625e-05,-11.500038146972656
hippo,bird,-9.687585830688477,-8.58306884765625e-05
hippo,reptile,-9.500097274780273,-9.72747802734375e-05
hippo,amphibian,-10.000066757202148,-6.67572021484375e-05
hippo,fish,-9.750076293945312,-7.62939453125e-05
hippo,arthropod,-10.125068664550781,-6.866455078125e-05
hippo,insect,-9.875076293945312,-7.62939453125e-05
hippo,bird of prey,-9.875080108642578,-8.0108642578125e-05
hippo,aquatic bird,-9.437604904174805,-0.0001049041748046875
hippo,canine,-9.750076293945312,-7.62939453125e-05
hippo,feline,-9.750076293945312,-7.62939453125e-05
hippo,primate,-9.875070571899414,-7.05718994140625e-05
hippo,aquatic mammal,-0.00865936279296875,-4.883659362792969
hippo,rodent,-8.312776565551758,-0.0002765655517578125
hippo,bat,-9.625089645385742,-8.96453857421875e-05
hippo,bear,-9.750078201293945,-7.82012939453125e-05
hippo,cat,-9.750076293945312,-7.62939453125e-05
hippo,cheetah,-10.062562942504883,-6.29425048828125e-05
hippo,leopard,-9.750080108642578,-8.0108642578125e-05
hippo,lion,-10.000064849853516,-6.4849853515625e-05
hippo,panther,-9.687585830688477,-8.58306884765625e-05
hippo,tiger,-10.062564849853516,-6.4849853515625e-05
hippo,dog,-9.875070571899414,-7.05718994140625e-05
hippo,fox,-10.000064849853516,-6.4849853515625e-05
hippo,hyena,-9.812576293945312,-7.62939453125e-05
hippo,wolf,-10.12506103515625,-6.103515625e-05
hippo,raccoon,-9.437606811523438,-0.0001068115234375
hippo,skunk,-9.312616348266602,-0.0001163482666015625
hippo,otter,-9.437602996826172,-0.000102996826171875
hippo,beaver,-9.437599182128906,-9.918212890625e-05
hippo,chipmunk,-9.437604904174805,-0.0001049041748046875
hippo,squirrel,-9.500099182128906,-9.918212890625e-05
hippo,gerbil,-9.437604904174805,-0.0001049041748046875
hippo,guinea_pig,-9.2501220703125,-0.0001220703125
hippo,hamster,-9.562589645385742,-8.96453857421875e-05
hippo,mouse,-9.437599182128906,-9.918212890625e-05
hippo,porcupine,-9.437602996826172,-0.000102996826171875
hippo,rat,-8.750188827514648,-0.0001888275146484375
hippo,buffalo,-7.063423156738281,-0.00092315673828125
hippo,cow,-6.127298355102539,-0.0022983551025390625
hippo,ox,-3.169109344482422,-0.044109344482421875
hippo,goat,-9.437601089477539,-0.0001010894775390625
hippo,sheep,-9.750080108642578,-8.0108642578125e-05
hippo,deer,-9.562591552734375,-9.1552734375e-05
hippo,moose,-9.750080108642578,-8.0108642578125e-05
hippo,giraffe,-9.750080108642578,-8.0108642578125e-05
hippo,camel,-9.687582015991211,-8.20159912109375e-05
hippo,hippo,-0.000293731689453125,-8.750293731689453
hippo,llama,-9.50009536743164,-9.5367431640625e-05
hippo,pig,-6.252023696899414,-0.0020236968994140625
hippo,donkey,-9.625089645385742,-8.96453857421875e-05
hippo,horse,-9.687580108642578,-8.0108642578125e-05
hippo,pony,-9.437602996826172,-0.000102996826171875
hippo,zebra,-10.062562942504883,-6.29425048828125e-05
hippo,rhino,-9.375112533569336,-0.0001125335693359375
hippo,gorilla,-9.687582015991211,-8.20159912109375e-05
hippo,monkey,-9.875072479248047,-7.2479248046875e-05
hippo,hedgehog,-9.687585830688477,-8.58306884765625e-05
hippo,rabbit,-9.81257438659668,-7.43865966796875e-05
hippo,seal,-9.687582015991211,-8.20159912109375e-05
hippo,walrus,-9.500101089477539,-0.0001010894775390625
hippo,dolphin,-9.437601089477539,-0.0001010894775390625
hippo,whale,-8.625207901000977,-0.0002079010009765625
hippo,elephant,-9.562591552734375,-9.1552734375e-05
hippo,kangaroo,-9.812576293945312,-7.62939453125e-05
hippo,platypus,-9.750080108642578,-8.0108642578125e-05
hippo,crocodile,-9.312614440917969,-0.00011444091796875
hippo,alligator,-9.500101089477539,-0.0001010894775390625
hippo,lizard,-9.750078201293945,-7.82012939453125e-05
hippo,iguana,-9.750080108642578,-8.0108642578125e-05
hippo,rattlesnake,-9.812582015991211,-8.20159912109375e-05
hippo,tortoise,-9.875072479248047,-7.2479248046875e-05
hippo,turtle,-9.750078201293945,-7.82012939453125e-05
hippo,frog,-9.875070571899414,-7.05718994140625e-05
hippo,toad,-9.37510871887207,-0.0001087188720703125
hippo,budgie,-9.312616348266602,-0.0001163482666015625
hippo,parakeet,-9.812580108642578,-8.0108642578125e-05
hippo,buzzard,-9.625093460083008,-9.34600830078125e-05
hippo,falcon,-9.750082015991211,-8.20159912109375e-05
hippo,hawk,-9.750082015991211,-8.20159912109375e-05
hippo,eagle,-9.687589645385742,-8.96453857421875e-05
hippo,owl,-9.687583923339844,-8.392333984375e-05
hippo,canary,-9.375106811523438,-0.0001068115234375
hippo,magpie,-9.312616348266602,-0.0001163482666015625
hippo,raven,-9.437606811523438,-0.0001068115234375
hippo,nightingale,-9.062646865844727,-0.0001468658447265625
hippo,robin,-9.37510871887207,-0.0001087188720703125
hippo,starling,-8.750198364257812,-0.0001983642578125
hippo,sparrow,-9.500097274780273,-9.72747802734375e-05
hippo,wren,-9.375106811523438,-0.0001068115234375
hippo,chicken,-9.687583923339844,-8.392333984375e-05
hippo,cockerel,-9.375110626220703,-0.000110626220703125
hippo,turkey,-9.437604904174805,-0.0001049041748046875
hippo,dove,-9.500097274780273,-9.72747802734375e-05
hippo,pigeon,-9.562591552734375,-9.1552734375e-05
hippo,partridge,-9.312618255615234,-0.000118255615234375
hippo,peacock,-9.500101089477539,-0.0001010894775390625
hippo,crane,-9.562593460083008,-9.34600830078125e-05
hippo,flamingo,-9.437602996826172,-0.000102996826171875
hippo,heron,-9.750083923339844,-8.392333984375e-05
hippo,duck,-9.750080108642578,-8.0108642578125e-05
hippo,goose,-9.62508773803711,-8.7738037109375e-05
hippo,pelican,-9.500099182128906,-9.918212890625e-05
hippo,penguin,-9.625089645385742,-8.96453857421875e-05
hippo,seagull,-9.68758773803711,-8.7738037109375e-05
hippo,swan,-9.812576293945312,-7.62939453125e-05
hippo,hummingbird,-9.500101089477539,-0.0001010894775390625
hippo,kingfisher,-9.187633514404297,-0.000133514404296875
hippo,woodpecker,-9.437601089477539,-0.0001010894775390625
hippo,emu,-9.562597274780273,-9.72747802734375e-05
hippo,ostrich,-9.687583923339844,-8.392333984375e-05
hippo,carp,-8.875165939331055,-0.0001659393310546875
hippo,goldfish,-9.437602996826172,-0.000102996826171875
hippo,minnow,-9.312620162963867,-0.0001201629638671875
hippo,cod,-9.187623977661133,-0.0001239776611328125
hippo,herring,-9.312616348266602,-0.0001163482666015625
hippo,sardine,-9.437604904174805,-0.0001049041748046875
hippo,salmon,-9.62508773803711,-8.7738037109375e-05
hippo,trout,-9.500097274780273,-9.72747802734375e-05
hippo,eel,-9.81257438659668,-7.43865966796875e-05
hippo,flounder,-9.312616348266602,-0.0001163482666015625
hippo,mackerel,-9.2501220703125,-0.0001220703125
hippo,tuna,-9.437604904174805,-0.0001049041748046875
hippo,seahorse,-9.43760871887207,-0.0001087188720703125
hippo,shark,-9.87507438659668,-7.43865966796875e-05
hippo,bee,-9.625089645385742,-8.96453857421875e-05
hippo,hornet,-9.437610626220703,-0.000110626220703125
hippo,wasp,-9.437610626220703,-0.000110626220703125
hippo,ant,-9.312616348266602,-0.0001163482666015625
hippo,beetle,-9.62508773803711,-8.7738037109375e-05
hippo,ladybird,-9.125137329101562,-0.0001373291015625
hippo,butterfly,-9.625091552734375,-9.1552734375e-05
hippo,moth,-9.187633514404297,-0.000133514404296875
hippo,cockroach,-9.375110626220703,-0.000110626220703125
hippo,cricket,-9.37510871887207,-0.0001087188720703125
hippo,grasshopper,-9.750080108642578,-8.0108642578125e-05
hippo,locust,-9.500099182128906,-9.918212890625e-05
hippo,dragonfly,-9.625091552734375,-9.1552734375e-05
hippo,flea,-9.437602996826172,-0.000102996826171875
hippo,housefly,-9.437602996826172,-0.000102996826171875
hippo,mosquito,-9.187633514404297,-0.000133514404296875
hippo,stick_insect,-9.312618255615234,-0.000118255615234375
hippo,termite,-9.312614440917969,-0.00011444091796875
hippo,centipede,-9.750083923339844,-8.392333984375e-05
hippo,millipede,-9.312618255615234,-0.000118255615234375
hippo,scorpion,-9.687589645385742,-8.96453857421875e-05
hippo,spider,-9.687589645385742,-8.96453857421875e-05
hippo,tarantula,-9.500104904174805,-0.0001049041748046875
hippo,crab,-9.750082015991211,-8.20159912109375e-05
hippo,crayfish,-9.500099182128906,-9.918212890625e-05
hippo,lobster,-9.437604904174805,-0.0001049041748046875
hippo,prawn,-9.250120162963867,-0.0001201629638671875
hippo,shrimp,-9.437604904174805,-0.0001049041748046875
hippo,slug,-9.562591552734375,-9.1552734375e-05
hippo,snail,-9.500097274780273,-9.72747802734375e-05
hippo,clam,-9.250123977661133,-0.0001239776611328125
hippo,mussel,-9.125139236450195,-0.0001392364501953125
hippo,scallop,-9.312616348266602,-0.0001163482666015625
hippo,oyster,-9.000154495239258,-0.0001544952392578125
hippo,squid,-9.812576293945312,-7.62939453125e-05
hippo,octopus,-9.562599182128906,-9.918212890625e-05
hippo,worm,-9.81257438659668,-7.43865966796875e-05
hippo,jellyfish,-9.87507438659668,-7.43865966796875e-05
llama,animal,-5.53131103515625e-05,-11.312555313110352
llama,vertebrate,-4.76837158203125e-05,-11.12504768371582
llama,invertebrate,-9.875072479248047,-7.2479248046875e-05
llama,mammal,-3.814697265625e-05,-11.437538146972656
llama,bird,-9.875070571899414,-7.05718994140625e-05
llama,reptile,-10.000062942504883,-6.29425048828125e-05
llama,amphibian,-10.125057220458984,-5.7220458984375e-05
llama,fish,-10.000062942504883,-6.29425048828125e-05
llama,arthropod,-10.125064849853516,-6.4849853515625e-05
llama,insect,-9.937572479248047,-7.2479248046875e-05
llama,bird of prey,-9.875076293945312,-7.62939453125e-05
llama,aquatic bird,-9.562599182128906,-9.918212890625e-05
llama,canine,-10.000059127807617,-5.91278076171875e-05
llama,feline,-9.812568664550781,-6.866455078125e-05
llama,primate,-9.875068664550781,-6.866455078125e-05
llama,aquatic mammal,-9.750080108642578,-8.0108642578125e-05
llama,rodent,-9.625083923339844,-8.392333984375e-05
llama,bat,-9.62508773803711,-8.7738037109375e-05
llama,bear,-10.00006103515625,-6.103515625e-05
llama,cat,-10.000059127807617,-5.91278076171875e-05
llama,cheetah,-10.062559127807617,-5.91278076171875e-05
llama,leopard,-9.687583923339844,-8.392333984375e-05
llama,lion,-9.812572479248047,-7.2479248046875e-05
llama,panther,-9.812576293945312,-7.62939453125e-05
llama,tiger,-10.000064849853516,-6.4849853515625e-05
llama,dog,-10.000062942504883,-6.29425048828125e-05
llama,fox,-10.062559127807617,-5.91278076171875e-05
llama,hyena,-9.875070571899414,-7.05718994140625e-05
llama,wolf,-9.937566757202148,-6.67572021484375e-05
llama,raccoon,-9.687582015991211,-8.20159912109375e-05
llama,skunk,-9.437601089477539,-0.0001010894775390625
llama,otter,-9.750076293945312,-7.62939453125e-05
llama,beaver,-9.625083923339844,-8.392333984375e-05
llama,chipmunk,-9.50009536743164,-9.5367431640625e-05
llama,squirrel,-9.625085830688477,-8.58306884765625e-05
llama,gerbil,-9.437601089477539,-0.0001010894775390625
llama,guinea_pig,-9.062637329101562,-0.0001373291015625
llama,hamster,-9.687578201293945,-7.82012939453125e-05
llama,mouse,-9.687578201293945,-7.82012939453125e-05
llama,porcupine,-9.312618255615234,-0.000118255615234375
llama,rat,-9.437599182128906,-9.918212890625e-05
llama,buffalo,-9.437601089477539,-0.0001010894775390625
llama,cow,-9.687576293945312,-7.62939453125e-05
llama,ox,-9.250116348266602,-0.0001163482666015625
llama,goat,-9.625083923339844,-8.392333984375e-05
llama,sheep,-9.750072479248047,-7.2479248046875e-05
llama,deer,-9.75007438659668,-7.43865966796875e-05
llama,moose,-9.750078201293945,-7.82012939453125e-05
llama,giraffe,-9.687580108642578,-8.0108642578125e-05
llama,camel,-6.127292633056641,-0.002292633056640625
llama,hippo,-9.500099182128906,-9.918212890625e-05
llama,llama,-0.000530242919921875,-8.000530242919922
llama,pig,-9.750078201293945,-7.82012939453125e-05
llama,donkey,-9.687580108642578,-8.0108642578125e-05
llama,horse,-9.625082015991211,-8.20159912109375e-05
llama,pony,-9.125129699707031,-0.00012969970703125
llama,zebra,-10.000064849853516,-6.4849853515625e-05
llama,rhino,-9.812576293945312,-7.62939453125e-05
llama,gorilla,-9.750078201293945,-7.82012939453125e-05
llama,monkey,-10.000062942504883,-6.29425048828125e-05
llama,hedgehog,-9.625089645385742,-8.96453857421875e-05
llama,rabbit,-9.812570571899414,-7.05718994140625e-05
llama,seal,-9.750076293945312,-7.62939453125e-05
llama,walrus,-9.62508773803711,-8.7738037109375e-05
llama,dolphin,-9.750078201293945,-7.82012939453125e-05
llama,whale,-9.750078201293945,-7.82012939453125e-05
llama,elephant,-9.875068664550781,-6.866455078125e-05
llama,kangaroo,-9.875068664550781,-6.866455078125e-05
llama,platypus,-9.625089645385742,-8.96453857421875e-05
llama,crocodile,-9.875070571899414,-7.05718994140625e-05
llama,alligator,-10.000066757202148,-6.67572021484375e-05
llama,lizard,-10.06256103515625,-6.103515625e-05
llama,iguana,-9.750076293945312,-7.62939453125e-05
llama,rattlesnake,-9.750082015991211,-8.20159912109375e-05
llama,tortoise,-9.875070571899414,-7.05718994140625e-05
llama,turtle,-9.750080108642578,-8.0108642578125e-05
llama,frog,-10.06256103515625,-6.103515625e-05
llama,toad,-9.500099182128906,-9.918212890625e-05
llama,budgie,-9.437601089477539,-0.0001010894775390625
llama,parakeet,-9.625093460083008,-9.34600830078125e-05
llama,buzzard,-9.750082015991211,-8.20159912109375e-05
llama,falcon,-9.750078201293945,-7.82012939453125e-05
llama,hawk,-9.750080108642578,-8.0108642578125e-05
llama,eagle,-9.687583923339844,-8.392333984375e-05
llama,owl,-9.750076293945312,-7.62939453125e-05
llama,canary,-9.562589645385742,-8.96453857421875e-05
llama,magpie,-9.437604904174805,-0.0001049041748046875
llama,raven,-9.437604904174805,-0.0001049041748046875
llama,nightingale,-9.312614440917969,-0.00011444091796875
llama,robin,-9.437599182128906,-9.918212890625e-05
llama,starling,-9.312616348266602,-0.0001163482666015625
llama,sparrow,-9.562589645385742,-8.96453857421875e-05
llama,wren,-9.250118255615234,-0.000118255615234375
llama,chicken,-9.875068664550781,-6.866455078125e-05
llama,cockerel,-9.37510871887207,-0.0001087188720703125
llama,turkey,-9.625083923339844,-8.392333984375e-05
llama,dove,-9.687580108642578,-8.0108642578125e-05
llama,pigeon,-9.750076293945312,-7.62939453125e-05
llama,partridge,-9.37510871887207,-0.0001087188720703125
llama,peacock,-9.437604904174805,-0.0001049041748046875
llama,crane,-9.625085830688477,-8.58306884765625e-05
llama,flamingo,-9.687578201293945,-7.82012939453125e-05
llama,heron,-9.687585830688477,-8.58306884765625e-05
llama,duck,-10.000062942504883,-6.29425048828125e-05
llama,goose,-9.812572479248047,-7.2479248046875e-05
llama,pelican,-9.500097274780273,-9.72747802734375e-05
llama,penguin,-9.62508773803711,-8.7738037109375e-05
llama,seagull,-9.750082015991211,-8.20159912109375e-05
llama,swan,-9.81257438659668,-7.43865966796875e-05
llama,hummingbird,-9.562591552734375,-9.1552734375e-05
llama,kingfisher,-9.375110626220703,-0.000110626220703125
llama,woodpecker,-9.50009536743164,-9.5367431640625e-05
llama,emu,-9.750082015991211,-8.20159912109375e-05
llama,ostrich,-9.750076293945312,-7.62939453125e-05
llama,carp,-9.312614440917969,-0.00011444091796875
llama,goldfish,-9.50009536743164,-9.5367431640625e-05
llama,minnow,-9.37510871887207,-0.0001087188720703125
llama,cod,-9.000146865844727,-0.0001468658447265625
llama,herring,-9.37510871887207,-0.0001087188720703125
llama,sardine,-9.562589645385742,-8.96453857421875e-05
llama,salmon,-9.500093460083008,-9.34600830078125e-05
llama,trout,-9.437597274780273,-9.72747802734375e-05
llama,eel,-9.750080108642578,-8.0108642578125e-05
llama,flounder,-9.250120162963867,-0.0001201629638671875
llama,mackerel,-9.312614440917969,-0.00011444091796875
llama,tuna,-9.562589645385742,-8.96453857421875e-05
llama,seahorse,-9.625091552734375,-9.1552734375e-05
llama,shark,-9.750080108642578,-8.0108642578125e-05
llama,bee,-9.750078201293945,-7.82012939453125e-05
llama,hornet,-9.625091552734375,-9.1552734375e-05
llama,wasp,-9.750082015991211,-8.20159912109375e-05
llama,ant,-9.37510871887207,-0.0001087188720703125
llama,beetle,-9.750078201293945,-7.82012939453125e-05
llama,ladybird,-9.12513542175293,-0.0001354217529296875
llama,butterfly,-9.750078201293945,-7.82012939453125e-05
llama,moth,-9.37510871887207,-0.0001087188720703125
llama,cockroach,-9.562597274780273,-9.72747802734375e-05
llama,cricket,-9.625085830688477,-8.58306884765625e-05
llama,grasshopper,-9.812572479248047,-7.2479248046875e-05
llama,locust,-9.562591552734375,-9.1552734375e-05
llama,dragonfly,-9.750078201293945,-7.82012939453125e-05
llama,flea,-9.437599182128906,-9.918212890625e-05
llama,housefly,-9.62508773803711,-8.7738037109375e-05
llama,mosquito,-9.625089645385742,-8.96453857421875e-05
llama,stick_insect,-9.312614440917969,-0.00011444091796875
llama,termite,-9.500097274780273,-9.72747802734375e-05
llama,centipede,-9.750083923339844,-8.392333984375e-05
llama,millipede,-9.375112533569336,-0.0001125335693359375
llama,scorpion,-9.812578201293945,-7.82012939453125e-05
llama,spider,-9.687585830688477,-8.58306884765625e-05
llama,tarantula,-9.562597274780273,-9.72747802734375e-05
llama,crab,-9.687583923339844,-8.392333984375e-05
llama,crayfish,-9.687583923339844,-8.392333984375e-05
llama,lobster,-9.50009536743164,-9.5367431640625e-05
llama,prawn,-9.500093460083008,-9.34600830078125e-05
llama,shrimp,-9.437602996826172,-0.000102996826171875
llama,slug,-9.562591552734375,-9.1552734375e-05
llama,snail,-9.750076293945312,-7.62939453125e-05
llama,clam,-9.250118255615234,-0.000118255615234375
llama,mussel,-9.312614440917969,-0.00011444091796875
llama,scallop,-9.437602996826172,-0.000102996826171875
llama,oyster,-9.250120162963867,-0.0001201629638671875
llama,squid,-9.750078201293945,-7.82012939453125e-05
llama,octopus,-9.625089645385742,-8.96453857421875e-05
llama,worm,-9.812572479248047,-7.2479248046875e-05
llama,jellyfish,-9.87507438659668,-7.43865966796875e-05
pig,animal,-4.57763671875e-05,-11.625045776367188
pig,vertebrate,-5.340576171875e-05,-11.000053405761719
pig,invertebrate,-10.000070571899414,-7.05718994140625e-05
pig,mammal,-3.62396240234375e-05,-11.750036239624023
pig,bird,-9.875070571899414,-7.05718994140625e-05
pig,reptile,-10.187559127807617,-5.91278076171875e-05
pig,amphibian,-10.062564849853516,-6.4849853515625e-05
pig,fish,-10.06256103515625,-6.103515625e-05
pig,arthropod,-10.062572479248047,-7.2479248046875e-05
pig,insect,-10.062566757202148,-6.67572021484375e-05
pig,bird of prey,-9.75008773803711,-8.7738037109375e-05
pig,aquatic bird,-9.500104904174805,-0.0001049041748046875
pig,canine,-10.187557220458984,-5.7220458984375e-05
pig,feline,-9.81257438659668,-7.43865966796875e-05
pig,primate,-10.000066757202148,-6.67572021484375e-05
pig,aquatic mammal,-8.750200271606445,-0.0002002716064453125
pig,rodent,-9.750080108642578,-8.0108642578125e-05
pig,bat,-9.625093460083008,-9.34600830078125e-05
pig,bear,-9.437602996826172,-0.000102996826171875
pig,cat,-10.125055313110352,-5.53131103515625e-05
pig,cheetah,-9.750082015991211,-8.20159912109375e-05
pig,leopard,-9.562597274780273,-9.72747802734375e-05
pig,lion,-9.687585830688477,-8.58306884765625e-05
pig,panther,-9.500102996826172,-0.000102996826171875
pig,tiger,-9.687585830688477,-8.58306884765625e-05
pig,dog,-10.125057220458984,-5.7220458984375e-05
pig,fox,-9.62508773803711,-8.7738037109375e-05
pig,hyena,-9.750082015991211,-8.20159912109375e-05
pig,wolf,-9.625089645385742,-8.96453857421875e-05
pig,raccoon,-9.437606811523438,-0.0001068115234375
pig,skunk,-9.437604904174805,-0.0001049041748046875
pig,otter,-9.437604904174805,-0.0001049041748046875
pig,beaver,-9.437602996826172,-0.000102996826171875
pig,chipmunk,-9.437604904174805,-0.0001049041748046875
pig,squirrel,-9.750078201293945,-7.82012939453125e-05
pig,gerbil,-9.500099182128906,-9.918212890625e-05
pig,guinea_pig,-9.437604904174805,-0.0001049041748046875
pig,hamster,-9.562591552734375,-9.1552734375e-05
pig,mouse,-9.625083923339844,-8.392333984375e-05
pig,porcupine,-9.437604904174805,-0.0001049041748046875
pig,rat,-9.250116348266602,-0.0001163482666015625
pig,buffalo,-9.750080108642578,-8.0108642578125e-05
pig,cow,-10.250051498413086,-5.14984130859375e-05
pig,ox,-9.50009536743164,-9.5367431640625e-05
pig,goat,-10.062562942504883,-6.29425048828125e-05
pig,sheep,-10.37504768371582,-4.76837158203125e-05
pig,deer,-9.87507438659668,-7.43865966796875e-05
pig,moose,-9.56259536743164,-9.5367431640625e-05
pig,giraffe,-9.56259536743164,-9.5367431640625e-05
pig,camel,-9.687583923339844,-8.392333984375e-05
pig,hippo,-9.375112533569336,-0.0001125335693359375
pig,llama,-9.562593460083008,-9.34600830078125e-05
pig,pig,-0.0001392364501953125,-9.812639236450195
pig,donkey,-10.062564849853516,-6.4849853515625e-05
pig,horse,-10.062562942504883,-6.29425048828125e-05
pig,pony,-9.437602996826172,-0.000102996826171875
pig,zebra,-9.750083923339844,-8.392333984375e-05
pig,rhino,-9.687585830688477,-8.58306884765625e-05
pig,gorilla,-9.500099182128906,-9.918212890625e-05
pig,monkey,-9.87507438659668,-7.43865966796875e-05
pig,hedgehog,-9.312618255615234,-0.000118255615234375
pig,rabbit,-10.06256103515625,-6.103515625e-05
pig,seal,-9.437602996826172,-0.000102996826171875
pig,walrus,-9.437604904174805,-0.0001049041748046875
pig,dolphin,-9.437604904174805,-0.0001049041748046875
pig,whale,-8.937660217285156,-0.00016021728515625
pig,elephant,-9.62508773803711,-8.7738037109375e-05
pig,kangaroo,-9.56259536743164,-9.5367431640625e-05
pig,platypus,-9.625091552734375,-9.1552734375e-05
pig,crocodile,-9.500099182128906,-9.918212890625e-05
pig,alligator,-9.625091552734375,-9.1552734375e-05
pig,lizard,-10.000068664550781,-6.866455078125e-05
pig,iguana,-9.625089645385742,-8.96453857421875e-05
pig,rattlesnake,-9.562597274780273,-9.72747802734375e-05
pig,tortoise,-9.62508773803711,-8.7738037109375e-05
pig,turtle,-9.687585830688477,-8.58306884765625e-05
pig,frog,-9.87507438659668,-7.43865966796875e-05
pig,toad,-9.56259536743164,-9.5367431640625e-05
pig,budgie,-9.312616348266602,-0.0001163482666015625
pig,parakeet,-9.75008773803711,-8.7738037109375e-05
pig,buzzard,-9.562601089477539,-0.0001010894775390625
pig,falcon,-9.625091552734375,-9.1552734375e-05
pig,hawk,-9.750082015991211,-8.20159912109375e-05
pig,eagle,-9.750082015991211,-8.20159912109375e-05
pig,owl,-9.687585830688477,-8.58306884765625e-05
pig,canary,-9.562591552734375,-9.1552734375e-05
pig,magpie,-9.250123977661133,-0.0001239776611328125
pig,raven,-9.437604904174805,-0.0001049041748046875
pig,nightingale,-9.125139236450195,-0.0001392364501953125
pig,robin,-9.312614440917969,-0.00011444091796875
pig,starling,-9.125141143798828,-0.000141143798828125
pig,sparrow,-9.562591552734375,-9.1552734375e-05
pig,wren,-9.437602996826172,-0.000102996826171875
pig,chicken,-10.062562942504883,-6.29425048828125e-05
pig,cockerel,-9.562593460083008,-9.34600830078125e-05
pig,turkey,-9.625089645385742,-8.96453857421875e-05
pig,dove,-9.500099182128906,-9.918212890625e-05
pig,pigeon,-9.562593460083008,-9.34600830078125e-05
pig,partridge,-9.437604904174805,-0.0001049041748046875
pig,peacock,-9.437606811523438,-0.0001068115234375
pig,crane,-9.375110626220703,-0.000110626220703125
pig,flamingo,-9.437604904174805,-0.0001049041748046875
pig,heron,-9.562597274780273,-9.72747802734375e-05
pig,duck,-10.000064849853516,-6.4849853515625e-05
pig,goose,-9.750080108642578,-8.0108642578125e-05
pig,pelican,-9.375114440917969,-0.00011444091796875
pig,penguin,-9.43760871887207,-0.0001087188720703125
pig,seagull,-9.56259536743164,-9.5367431640625e-05
pig,swan,-9.625089645385742,-8.96453857421875e-05
pig,hummingbird,-9.56259536743164,-9.5367431640625e-05
pig,kingfisher,-9.312620162963867,-0.0001201629638671875
pig,woodpecker,-9.2501220703125,-0.0001220703125
pig,emu,-9.625091552734375,-9.1552734375e-05
pig,ostrich,-9.56259536743164,-9.5367431640625e-05
pig,carp,-9.437602996826172,-0.000102996826171875
pig,goldfish,-9.500099182128906,-9.918212890625e-05
pig,minnow,-9.312616348266602,-0.0001163482666015625
pig,cod,-9.250120162963867,-0.0001201629638671875
pig,herring,-9.37510871887207,-0.0001087188720703125
pig,sardine,-9.562593460083008,-9.34600830078125e-05
pig,salmon,-9.562591552734375,-9.1552734375e-05
pig,trout,-9.562591552734375,-9.1552734375e-05
pig,eel,-9.750080108642578,-8.0108642578125e-05
pig,flounder,-9.2501220703125,-0.0001220703125
pig,mackerel,-9.250123977661133,-0.0001239776611328125
pig,tuna,-9.500097274780273,-9.72747802734375e-05
pig,seahorse,-9.43760871887207,-0.0001087188720703125
pig,shark,-9.687585830688477,-8.58306884765625e-05
pig,bee,-9.812576293945312,-7.62939453125e-05
pig,hornet,-9.562599182128906,-9.918212890625e-05
pig,wasp,-9.625093460083008,-9.34600830078125e-05
pig,ant,-9.437604904174805,-0.0001049041748046875
pig,beetle,-9.500101089477539,-0.0001010894775390625
pig,ladybird,-9.062646865844727,-0.0001468658447265625
pig,butterfly,-9.625091552734375,-9.1552734375e-05
pig,moth,-9.43760871887207,-0.0001087188720703125
pig,cockroach,-9.375112533569336,-0.0001125335693359375
pig,cricket,-9.500099182128906,-9.918212890625e-05
pig,grasshopper,-9.687585830688477,-8.58306884765625e-05
pig,locust,-9.437606811523438,-0.0001068115234375
pig,dragonfly,-9.68758773803711,-8.7738037109375e-05
pig,flea,-9.437606811523438,-0.0001068115234375
pig,housefly,-9.625091552734375,-9.1552734375e-05
pig,mosquito,-9.312620162963867,-0.0001201629638671875
pig,stick_insect,-9.2501220703125,-0.0001220703125
pig,termite,-9.312616348266602,-0.0001163482666015625
pig,centipede,-9.687589645385742,-8.96453857421875e-05
pig,millipede,-9.187631607055664,-0.0001316070556640625
pig,scorpion,-9.687589645385742,-8.96453857421875e-05
pig,spider,-9.687589645385742,-8.96453857421875e-05
pig,tarantula,-9.43760871887207,-0.0001087188720703125
pig,crab,-9.56259536743164,-9.5367431640625e-05
pig,crayfish,-9.375116348266602,-0.0001163482666015625
pig,lobster,-9.187629699707031,-0.00012969970703125
pig,prawn,-9.187627792358398,-0.0001277923583984375
pig,shrimp,-9.250123977661133,-0.0001239776611328125
pig,slug,-9.312618255615234,-0.000118255615234375
pig,snail,-9.500099182128906,-9.918212890625e-05
pig,clam,-9.2501220703125,-0.0001220703125
pig,mussel,-9.312618255615234,-0.000118255615234375
pig,scallop,-9.125141143798828,-0.000141143798828125
pig,oyster,-8.87516975402832,-0.0001697540283203125
pig,squid,-9.812576293945312,-7.62939453125e-05
pig,octopus,-9.562597274780273,-9.72747802734375e-05
pig,worm,-9.750080108642578,-8.0108642578125e-05
pig,jellyfish,-9.750082015991211,-8.20159912109375e-05
donkey,animal,-5.53131103515625e-05,-11.312555313110352
donkey,vertebrate,-5.14984130859375e-05,-11.125051498413086
donkey,invertebrate,-9.87508773803711,-8.7738037109375e-05
donkey,mammal,-3.814697265625e-05,-11.500038146972656
donkey,bird,-9.937570571899414,-7.05718994140625e-05
donkey,reptile,-9.937578201293945,-7.82012939453125e-05
donkey,amphibian,-10.000072479248047,-7.2479248046875e-05
donkey,fish,-9.875076293945312,-7.62939453125e-05
donkey,arthropod,-10.062580108642578,-8.0108642578125e-05
donkey,insect,-9.875082015991211,-8.20159912109375e-05
donkey,bird of prey,-9.875083923339844,-8.392333984375e-05
donkey,aquatic bird,-9.812593460083008,-9.34600830078125e-05
donkey,canine,-10.000064849853516,-6.4849853515625e-05
donkey,feline,-9.937568664550781,-6.866455078125e-05
donkey,primate,-9.937572479248047,-7.2479248046875e-05
donkey,aquatic mammal,-9.875089645385742,-8.96453857421875e-05
donkey,rodent,-9.687583923339844,-8.392333984375e-05
donkey,bat,-9.500104904174805,-0.0001049041748046875
donkey,bear,-9.875076293945312,-7.62939453125e-05
donkey,cat,-9.937568664550781,-6.866455078125e-05
donkey,cheetah,-9.937572479248047,-7.2479248046875e-05
donkey,leopard,-9.562601089477539,-0.0001010894775390625
donkey,lion,-9.875078201293945,-7.82012939453125e-05
donkey,panther,-9.62509536743164,-9.5367431640625e-05
donkey,tiger,-9.875076293945312,-7.62939453125e-05
donkey,dog,-10.000068664550781,-6.866455078125e-05
donkey,fox,-9.812580108642578,-8.0108642578125e-05
donkey,hyena,-9.87507438659668,-7.43865966796875e-05
donkey,wolf,-9.93757438659668,-7.43865966796875e-05
donkey,raccoon,-9.43760871887207,-0.0001087188720703125
donkey,skunk,-9.375114440917969,-0.00011444091796875
donkey,otter,-9.562599182128906,-9.918212890625e-05
donkey,beaver,-9.500099182128906,-9.918212890625e-05
donkey,chipmunk,-9.56259536743164,-9.5367431640625e-05
donkey,squirrel,-9.625091552734375,-9.1552734375e-05
donkey,gerbil,-9.312618255615234,-0.000118255615234375
donkey,guinea_pig,-9.312620162963867,-0.0001201629638671875
donkey,hamster,-9.62508773803711,-8.7738037109375e-05
donkey,mouse,-9.562589645385742,-8.96453857421875e-05
donkey,porcupine,-9.375116348266602,-0.0001163482666015625
donkey,rat,-9.437602996826172,-0.000102996826171875
donkey,buffalo,-9.500101089477539,-0.0001010894775390625
donkey,cow,-9.812578201293945,-7.82012939453125e-05
donkey,ox,-8.812677383422852,-0.0001773834228515625
donkey,goat,-9.437606811523438,-0.0001068115234375
donkey,sheep,-9.937568664550781,-6.866455078125e-05
donkey,deer,-9.750082015991211,-8.20159912109375e-05
donkey,moose,-9.687589645385742,-8.96453857421875e-05
donkey,giraffe,-9.500104904174805,-0.0001049041748046875
donkey,camel,-9.312623977661133,-0.0001239776611328125
donkey,hippo,-9.562597274780273,-9.72747802734375e-05
donkey,llama,-9.187631607055664,-0.0001316070556640625
donkey,pig,-9.68758773803711,-8.7738037109375e-05
donkey,donkey,-0.000377655029296875,-8.437877655029297
donkey,horse,-4.759450912475586,-0.009450912475585938
donkey,pony,-5.815788269042969,-0.00328826904296875
donkey,zebra,-9.50010871887207,-0.0001087188720703125
donkey,rhino,-9.625091552734375,-9.1552734375e-05
donkey,gorilla,-9.562599182128906,-9.918212890625e-05
donkey,monkey,-9.937576293945312,-7.62939453125e-05
donkey,hedgehog,-9.500104904174805,-0.0001049041748046875
donkey,rabbit,-9.62508773803711,-8.7738037109375e-05
donkey,seal,-9.500104904174805,-0.0001049041748046875
donkey,walrus,-9.375120162963867,-0.0001201629638671875
donkey,dolphin,-9.625093460083008,-9.34600830078125e-05
donkey,whale,-9.625093460083008,-9.34600830078125e-05
donkey,elephant,-9.750082015991211,-8.20159912109375e-05
donkey,kangaroo,-9.87507438659668,-7.43865966796875e-05
donkey,platypus,-9.62509536743164,-9.5367431640625e-05
donkey,crocodile,-9.562602996826172,-0.000102996826171875
donkey,alligator,-9.937576293945312,-7.62939453125e-05
donkey,lizard,-10.000070571899414,-7.05718994140625e-05
donkey,iguana,-9.625093460083008,-9.34600830078125e-05
donkey,rattlesnake,-9.62509536743164,-9.5367431640625e-05
donkey,tortoise,-9.812580108642578,-8.0108642578125e-05
donkey,turtle,-9.68758773803711,-8.7738037109375e-05
donkey,frog,-9.875076293945312,-7.62939453125e-05
donkey,toad,-9.375116348266602,-0.0001163482666015625
donkey,budgie,-9.3126220703125,-0.0001220703125
donkey,parakeet,-9.562606811523438,-0.0001068115234375
donkey,buzzard,-9.687591552734375,-9.1552734375e-05
donkey,falcon,-9.68758773803711,-8.7738037109375e-05
donkey,hawk,-9.875078201293945,-7.82012939453125e-05
donkey,eagle,-9.93757438659668,-7.43865966796875e-05
donkey,owl,-9.687585830688477,-8.58306884765625e-05
donkey,canary,-9.500099182128906,-9.918212890625e-05
donkey,magpie,-9.375116348266602,-0.0001163482666015625
donkey,raven,-9.437612533569336,-0.0001125335693359375
donkey,nightingale,-9.312618255615234,-0.000118255615234375
donkey,robin,-9.312618255615234,-0.000118255615234375
donkey,starling,-9.18763542175293,-0.0001354217529296875
donkey,sparrow,-9.687585830688477,-8.58306884765625e-05
donkey,wren,-9.312618255615234,-0.000118255615234375
donkey,chicken,-9.812580108642578,-8.0108642578125e-05
donkey,cockerel,-9.500104904174805,-0.0001049041748046875
donkey,turkey,-9.500102996826172,-0.000102996826171875
donkey,dove,-9.562593460083008,-9.34600830078125e-05
donkey,pigeon,-9.62508773803711,-8.7738037109375e-05
donkey,partridge,-9.437610626220703,-0.000110626220703125
donkey,peacock,-9.43760871887207,-0.0001087188720703125
donkey,crane,-9.312620162963867,-0.0001201629638671875
donkey,flamingo,-9.375114440917969,-0.00011444091796875
donkey,heron,-9.687589645385742,-8.96453857421875e-05
donkey,duck,-9.87507438659668,-7.43865966796875e-05
donkey,goose,-9.750082015991211,-8.20159912109375e-05
donkey,pelican,-9.437610626220703,-0.000110626220703125
donkey,penguin,-9.562599182128906,-9.918212890625e-05
donkey,seagull,-9.625093460083008,-9.34600830078125e-05
donkey,swan,-9.750082015991211,-8.20159912109375e-05
donkey,hummingbird,-9.562597274780273,-9.72747802734375e-05
donkey,kingfisher,-9.437612533569336,-0.0001125335693359375
donkey,woodpecker,-9.375114440917969,-0.00011444091796875
donkey,emu,-9.562601089477539,-0.0001010894775390625
donkey,ostrich,-9.687585830688477,-8.58306884765625e-05
donkey,carp,-9.312618255615234,-0.000118255615234375
donkey,goldfish,-9.437604904174805,-0.0001049041748046875
donkey,minnow,-9.375114440917969,-0.00011444091796875
donkey,cod,-9.000154495239258,-0.0001544952392578125
donkey,herring,-9.375110626220703,-0.000110626220703125
donkey,sardine,-9.500101089477539,-0.0001010894775390625
donkey,salmon,-9.375114440917969,-0.00011444091796875
donkey,trout,-9.312618255615234,-0.000118255615234375
donkey,eel,-9.687589645385742,-8.96453857421875e-05
donkey,flounder,-9.187639236450195,-0.0001392364501953125
donkey,mackerel,-9.312620162963867,-0.0001201629638671875
donkey,tuna,-9.375112533569336,-0.0001125335693359375
donkey,seahorse,-9.562602996826172,-0.000102996826171875
donkey,shark,-9.687593460083008,-9.34600830078125e-05
donkey,bee,-9.68758773803711,-8.7738037109375e-05
donkey,hornet,-9.50010871887207,-0.0001087188720703125
donkey,wasp,-9.500110626220703,-0.000110626220703125
donkey,ant,-9.437612533569336,-0.0001125335693359375
donkey,beetle,-9.750083923339844,-8.392333984375e-05
donkey,ladybird,-9.250127792358398,-0.0001277923583984375
donkey,butterfly,-9.750083923339844,-8.392333984375e-05
donkey,moth,-9.187639236450195,-0.0001392364501953125
donkey,cockroach,-9.312623977661133,-0.0001239776611328125
donkey,cricket,-9.187637329101562,-0.0001373291015625
donkey,grasshopper,-9.687585830688477,-8.58306884765625e-05
donkey,locust,-9.43760871887207,-0.0001087188720703125
donkey,dragonfly,-9.625097274780273,-9.72747802734375e-05
donkey,flea,-9.250127792358398,-0.0001277923583984375
donkey,housefly,-9.687585830688477,-8.58306884765625e-05
donkey,mosquito,-9.437610626220703,-0.000110626220703125
donkey,stick_insect,-9.062650680541992,-0.0001506805419921875
donkey,termite,-9.375112533569336,-0.0001125335693359375
donkey,centipede,-9.500110626220703,-0.000110626220703125
donkey,millipede,-9.250131607055664,-0.0001316070556640625
donkey,scorpion,-9.75008773803711,-8.7738037109375e-05
donkey,spider,-9.625099182128906,-9.918212890625e-05
donkey,tarantula,-9.312625885009766,-0.000125885009765625
donkey,crab,-9.562601089477539,-0.0001010894775390625
donkey,crayfish,-9.437616348266602,-0.0001163482666015625
donkey,lobster,-9.375114440917969,-0.00011444091796875
donkey,prawn,-9.312618255615234,-0.000118255615234375
donkey,shrimp,-9.3126220703125,-0.0001220703125
donkey,slug,-9.43760871887207,-0.0001087188720703125
donkey,snail,-9.43760871887207,-0.0001087188720703125
donkey,clam,-9.18763542175293,-0.0001354217529296875
donkey,mussel,-9.250127792358398,-0.0001277923583984375
donkey,scallop,-9.187637329101562,-0.0001373291015625
donkey,oyster,-9.125143051147461,-0.0001430511474609375
donkey,squid,-9.750083923339844,-8.392333984375e-05
donkey,octopus,-9.62509536743164,-9.5367431640625e-05
donkey,worm,-9.625093460083008,-9.34600830078125e-05
donkey,jellyfish,-9.625101089477539,-0.0001010894775390625
horse,animal,-4.57763671875e-05,-11.875045776367188
horse,vertebrate,-3.62396240234375e-05,-11.750036239624023
horse,invertebrate,-10.12506103515625,-6.103515625e-05
horse,mammal,-2.86102294921875e-05,-12.187528610229492
horse,bird,-10.000062942504883,-6.29425048828125e-05
horse,reptile,-10.312551498413086,-5.14984130859375e-05
horse,amphibian,-10.250053405761719,-5.340576171875e-05
horse,fish,-10.062559127807617,-5.91278076171875e-05
horse,arthropod,-10.250059127807617,-5.91278076171875e-05
horse,insect,-10.12506103515625,-6.103515625e-05
horse,bird of prey,-9.812583923339844,-8.392333984375e-05
horse,aquatic bird,-9.500106811523438,-0.0001068115234375
horse,canine,-10.375045776367188,-4.57763671875e-05
horse,feline,-10.00006103515625,-6.103515625e-05
horse,primate,-10.000064849853516,-6.4849853515625e-05
horse,aquatic mammal,-9.375118255615234,-0.000118255615234375
horse,rodent,-9.81257438659668,-7.43865966796875e-05
horse,bat,-9.625091552734375,-9.1552734375e-05
horse,bear,-9.875070571899414,-7.05718994140625e-05
horse,cat,-9.875066757202148,-6.67572021484375e-05
horse,cheetah,-10.000064849853516,-6.4849853515625e-05
horse,leopard,-9.687585830688477,-8.58306884765625e-05
horse,lion,-9.875070571899414,-7.05718994140625e-05
horse,panther,-9.750082015991211,-8.20159912109375e-05
horse,tiger,-9.875072479248047,-7.2479248046875e-05
horse,dog,-10.375045776367188,-4.57763671875e-05
horse,fox,-9.750078201293945,-7.82012939453125e-05
horse,hyena,-9.812576293945312,-7.62939453125e-05
horse,wolf,-9.875072479248047,-7.2479248046875e-05
horse,raccoon,-9.437606811523438,-0.0001068115234375
horse,skunk,-9.437602996826172,-0.000102996826171875
horse,otter,-9.562593460083008,-9.34600830078125e-05
horse,beaver,-9.687582015991211,-8.20159912109375e-05
horse,chipmunk,-9.562591552734375,-9.1552734375e-05
horse,squirrel,-9.687583923339844,-8.392333984375e-05
horse,gerbil,-9.437601089477539,-0.0001010894775390625
horse,guinea_pig,-9.687585830688477,-8.58306884765625e-05
horse,hamster,-9.625085830688477,-8.58306884765625e-05
horse,mouse,-9.56258773803711,-8.7738037109375e-05
horse,porcupine,-9.500099182128906,-9.918212890625e-05
horse,rat,-9.562591552734375,-9.1552734375e-05
horse,buffalo,-9.437604904174805,-0.0001049041748046875
horse,cow,-10.062559127807617,-5.91278076171875e-05
horse,ox,-9.375102996826172,-0.000102996826171875
horse,goat,-9.875070571899414,-7.05718994140625e-05
horse,sheep,-10.06256103515625,-6.103515625e-05
horse,deer,-8.937654495239258,-0.0001544952392578125
horse,moose,-9.750080108642578,-8.0108642578125e-05
horse,giraffe,-9.625085830688477,-8.58306884765625e-05
horse,camel,-9.500097274780273,-9.72747802734375e-05
horse,hippo,-9.437604904174805,-0.0001049041748046875
horse,llama,-9.437601089477539,-0.0001010894775390625
horse,pig,-9.750078201293945,-7.82012939453125e-05
horse,donkey,-9.312618255615234,-0.000118255615234375
horse,horse,-0.0001506805419921875,-9.562650680541992
horse,pony,-7.75050163269043,-0.0005016326904296875
horse,zebra,-9.437604904174805,-0.0001049041748046875
horse,rhino,-9.750080108642578,-8.0108642578125e-05
horse,gorilla,-9.56259536743164,-9.5367431640625e-05
horse,monkey,-10.062562942504883,-6.29425048828125e-05
horse,hedgehog,-9.500099182128906,-9.918212890625e-05
horse,rabbit,-9.875068664550781,-6.866455078125e-05
horse,seal,-9.687582015991211,-8.20159912109375e-05
horse,walrus,-9.500099182128906,-9.918212890625e-05
horse,dolphin,-9.750078201293945,-7.82012939453125e-05
horse,whale,-9.562589645385742,-8.96453857421875e-05
horse,elephant,-10.000064849853516,-6.4849853515625e-05
horse,kangaroo,-9.687582015991211,-8.20159912109375e-05
horse,platypus,-9.625089645385742,-8.96453857421875e-05
horse,crocodile,-9.750080108642578,-8.0108642578125e-05
horse,alligator,-9.875072479248047,-7.2479248046875e-05
horse,lizard,-10.06256103515625,-6.103515625e-05
horse,iguana,-9.750080108642578,-8.0108642578125e-05
horse,rattlesnake,-9.750082015991211,-8.20159912109375e-05
horse,tortoise,-9.62508773803711,-8.7738037109375e-05
horse,turtle,-9.81257438659668,-7.43865966796875e-05
horse,frog,-10.000064849853516,-6.4849853515625e-05
horse,toad,-9.625089645385742,-8.96453857421875e-05
horse,budgie,-9.562591552734375,-9.1552734375e-05
horse,parakeet,-9.750082015991211,-8.20159912109375e-05
horse,buzzard,-9.812578201293945,-7.82012939453125e-05
horse,falcon,-9.687583923339844,-8.392333984375e-05
horse,hawk,-9.68758773803711,-8.7738037109375e-05
horse,eagle,-9.875070571899414,-7.05718994140625e-05
horse,owl,-9.750080108642578,-8.0108642578125e-05
horse,canary,-9.562589645385742,-8.96453857421875e-05
horse,magpie,-9.437601089477539,-0.0001010894775390625
horse,raven,-9.500099182128906,-9.918212890625e-05
horse,nightingale,-9.2501220703125,-0.0001220703125
horse,robin,-9.312612533569336,-0.0001125335693359375
horse,starling,-9.187629699707031,-0.00012969970703125
horse,sparrow,-9.62508773803711,-8.7738037109375e-05
horse,wren,-9.437602996826172,-0.000102996826171875
horse,chicken,-9.875070571899414,-7.05718994140625e-05
horse,cockerel,-9.437604904174805,-0.0001049041748046875
horse,turkey,-9.50009536743164,-9.5367431640625e-05
horse,dove,-9.687582015991211,-8.20159912109375e-05
horse,pigeon,-9.687580108642578,-8.0108642578125e-05
horse,partridge,-9.375110626220703,-0.000110626220703125
horse,peacock,-9.375110626220703,-0.000110626220703125
horse,crane,-9.312614440917969,-0.00011444091796875
horse,flamingo,-9.375106811523438,-0.0001068115234375
horse,heron,-9.687585830688477,-8.58306884765625e-05
horse,duck,-9.750078201293945,-7.82012939453125e-05
horse,goose,-9.62508773803711,-8.7738037109375e-05
horse,pelican,-9.562593460083008,-9.34600830078125e-05
horse,penguin,-9.562591552734375,-9.1552734375e-05
horse,seagull,-9.750080108642578,-8.0108642578125e-05
horse,swan,-9.750078201293945,-7.82012939453125e-05
horse,hummingbird,-9.437602996826172,-0.000102996826171875
horse,kingfisher,-9.500099182128906,-9.918212890625e-05
horse,woodpecker,-9.37510871887207,-0.0001087188720703125
horse,emu,-9.625089645385742,-8.96453857421875e-05
horse,ostrich,-9.750078201293945,-7.82012939453125e-05
horse,carp,-9.562591552734375,-9.1552734375e-05
horse,goldfish,-9.625085830688477,-8.58306884765625e-05
horse,minnow,-9.500097274780273,-9.72747802734375e-05
horse,cod,-9.312610626220703,-0.000110626220703125
horse,herring,-9.312612533569336,-0.0001125335693359375
horse,sardine,-9.562591552734375,-9.1552734375e-05
horse,salmon,-9.562589645385742,-8.96453857421875e-05
horse,trout,-9.437601089477539,-0.0001010894775390625
horse,eel,-9.750078201293945,-7.82012939453125e-05
horse,flounder,-9.437602996826172,-0.000102996826171875
horse,mackerel,-9.2501220703125,-0.0001220703125
horse,tuna,-9.50009536743164,-9.5367431640625e-05
horse,seahorse,-9.062644958496094,-0.00014495849609375
horse,shark,-9.812576293945312,-7.62939453125e-05
horse,bee,-9.875070571899414,-7.05718994140625e-05
horse,hornet,-9.625093460083008,-9.34600830078125e-05
horse,wasp,-9.68758773803711,-8.7738037109375e-05
horse,ant,-9.62508773803711,-8.7738037109375e-05
horse,beetle,-10.062562942504883,-6.29425048828125e-05
horse,ladybird,-9.437601089477539,-0.0001010894775390625
horse,butterfly,-9.687583923339844,-8.392333984375e-05
horse,moth,-9.500099182128906,-9.918212890625e-05
horse,cockroach,-9.437602996826172,-0.000102996826171875
horse,cricket,-9.312616348266602,-0.0001163482666015625
horse,grasshopper,-9.750078201293945,-7.82012939453125e-05
horse,locust,-9.500099182128906,-9.918212890625e-05
horse,dragonfly,-9.750080108642578,-8.0108642578125e-05
horse,flea,-9.437604904174805,-0.0001049041748046875
horse,housefly,-9.687585830688477,-8.58306884765625e-05
horse,mosquito,-9.56259536743164,-9.5367431640625e-05
horse,stick_insect,-9.437601089477539,-0.0001010894775390625
horse,termite,-9.62508773803711,-8.7738037109375e-05
horse,centipede,-9.750083923339844,-8.392333984375e-05
horse,millipede,-9.437606811523438,-0.0001068115234375
horse,scorpion,-9.750083923339844,-8.392333984375e-05
horse,spider,-9.812576293945312,-7.62939453125e-05
horse,tarantula,-9.750082015991211,-8.20159912109375e-05
horse,crab,-9.750078201293945,-7.82012939453125e-05
horse,crayfish,-9.500101089477539,-0.0001010894775390625
horse,lobster,-9.312612533569336,-0.0001125335693359375
horse,prawn,-9.437601089477539,-0.0001010894775390625
horse,shrimp,-9.437602996826172,-0.000102996826171875
horse,slug,-9.62508773803711,-8.7738037109375e-05
horse,snail,-9.687582015991211,-8.20159912109375e-05
horse,clam,-9.500097274780273,-9.72747802734375e-05
horse,mussel,-9.312618255615234,-0.000118255615234375
horse,scallop,-9.312616348266602,-0.0001163482666015625
horse,oyster,-9.12513542175293,-0.0001354217529296875
horse,squid,-9.875070571899414,-7.05718994140625e-05
horse,octopus,-9.687585830688477,-8.58306884765625e-05
horse,worm,-9.81257438659668,-7.43865966796875e-05
horse,jellyfish,-10.000066757202148,-6.67572021484375e-05
pony,animal,-0.00014495849609375,-9.687644958496094
pony,vertebrate,-8.20159912109375e-05,-10.562582015991211
pony,invertebrate,-9.625102996826172,-0.000102996826171875
pony,mammal,-5.14984130859375e-05,-11.125051498413086
pony,bird,-9.500104904174805,-0.0001049041748046875
pony,reptile,-9.937578201293945,-7.82012939453125e-05
pony,amphibian,-9.750089645385742,-8.96453857421875e-05
pony,fish,-9.625091552734375,-9.1552734375e-05
pony,arthropod,-9.750097274780273,-9.72747802734375e-05
pony,insect,-9.62509536743164,-9.5367431640625e-05
pony,bird of prey,-9.625101089477539,-0.0001010894775390625
pony,aquatic bird,-9.18765640258789,-0.000156402587890625
pony,canine,-9.87507438659668,-7.43865966796875e-05
pony,feline,-9.687585830688477,-8.58306884765625e-05
pony,primate,-9.625097274780273,-9.72747802734375e-05
pony,aquatic mammal,-9.437620162963867,-0.0001201629638671875
pony,rodent,-9.56259536743164,-9.5367431640625e-05
pony,bat,-9.125150680541992,-0.0001506805419921875
pony,bear,-9.375118255615234,-0.000118255615234375
pony,cat,-9.562597274780273,-9.72747802734375e-05
pony,cheetah,-9.56259536743164,-9.5367431640625e-05
pony,leopard,-9.187641143798828,-0.000141143798828125
pony,lion,-9.312623977661133,-0.0001239776611328125
pony,panther,-9.12514877319336,-0.000148773193359375
pony,tiger,-9.375116348266602,-0.0001163482666015625
pony,dog,-9.687591552734375,-9.1552734375e-05
pony,fox,-9.43760871887207,-0.0001087188720703125
pony,hyena,-9.562601089477539,-0.0001010894775390625
pony,wolf,-9.375118255615234,-0.000118255615234375
pony,raccoon,-9.18763542175293,-0.0001354217529296875
pony,skunk,-9.250127792358398,-0.0001277923583984375
pony,otter,-9.250131607055664,-0.0001316070556640625
pony,beaver,-9.312618255615234,-0.000118255615234375
pony,chipmunk,-9.062650680541992,-0.0001506805419921875
pony,squirrel,-9.250127792358398,-0.0001277923583984375
pony,gerbil,-9.125141143798828,-0.000141143798828125
pony,guinea_pig,-9.250127792358398,-0.0001277923583984375
pony,hamster,-9.312616348266602,-0.0001163482666015625
pony,mouse,-9.250120162963867,-0.0001201629638671875
pony,porcupine,-9.12514877319336,-0.000148773193359375
pony,rat,-9.125143051147461,-0.0001430511474609375
pony,buffalo,-9.06265640258789,-0.000156402587890625
pony,cow,-9.18763542175293,-0.0001354217529296875
pony,ox,-9.125139236450195,-0.0001392364501953125
pony,goat,-9.43760871887207,-0.0001087188720703125
pony,sheep,-9.562599182128906,-9.918212890625e-05
pony,deer,-9.375116348266602,-0.0001163482666015625
pony,moose,-9.312620162963867,-0.0001201629638671875
pony,giraffe,-9.250127792358398,-0.0001277923583984375
pony,camel,-9.250127792358398,-0.0001277923583984375
pony,hippo,-9.125144958496094,-0.00014495849609375
pony,llama,-9.250127792358398,-0.0001277923583984375
pony,pig,-9.187637329101562,-0.0001373291015625
pony,donkey,-6.439363479614258,-0.0018634796142578125
pony,horse,-9.1552734375e-05,-10.500091552734375
pony,pony,-0.0006237030029296875,-7.93812370300293
pony,zebra,-9.375114440917969,-0.00011444091796875
pony,rhino,-9.43760871887207,-0.0001087188720703125
pony,gorilla,-9.3126220703125,-0.0001220703125
pony,monkey,-9.437614440917969,-0.00011444091796875
pony,hedgehog,-9.250129699707031,-0.00012969970703125
pony,rabbit,-9.250125885009766,-0.000125885009765625
pony,seal,-9.187637329101562,-0.0001373291015625
pony,walrus,-9.06265640258789,-0.000156402587890625
pony,dolphin,-9.312623977661133,-0.0001239776611328125
pony,whale,-9.312623977661133,-0.0001239776611328125
pony,elephant,-9.437606811523438,-0.0001068115234375
pony,kangaroo,-9.562597274780273,-9.72747802734375e-05
pony,platypus,-9.250133514404297,-0.000133514404296875
pony,crocodile,-9.43760871887207,-0.0001087188720703125
pony,alligator,-9.687589645385742,-8.96453857421875e-05
pony,lizard,-9.62509536743164,-9.5367431640625e-05
pony,iguana,-9.437606811523438,-0.0001068115234375
pony,rattlesnake,-9.250127792358398,-0.0001277923583984375
pony,tortoise,-9.43760871887207,-0.0001087188720703125
pony,turtle,-9.500102996826172,-0.000102996826171875
pony,frog,-9.375116348266602,-0.0001163482666015625
pony,toad,-9.125143051147461,-0.0001430511474609375
pony,budgie,-9.000152587890625,-0.000152587890625
pony,parakeet,-9.312629699707031,-0.00012969970703125
pony,buzzard,-9.312629699707031,-0.00012969970703125
pony,falcon,-9.43760871887207,-0.0001087188720703125
pony,hawk,-9.375120162963867,-0.0001201629638671875
pony,eagle,-9.500106811523438,-0.0001068115234375
pony,owl,-9.437604904174805,-0.0001049041748046875
pony,canary,-9.187631607055664,-0.0001316070556640625
pony,magpie,-8.812690734863281,-0.00019073486328125
pony,raven,-9.187637329101562,-0.0001373291015625
pony,nightingale,-8.750200271606445,-0.0002002716064453125
pony,robin,-8.875173568725586,-0.0001735687255859375
pony,starling,-8.625225067138672,-0.000225067138671875
pony,sparrow,-9.250125885009766,-0.000125885009765625
pony,wren,-8.812685012817383,-0.0001850128173828125
pony,chicken,-9.312620162963867,-0.0001201629638671875
pony,cockerel,-8.812692642211914,-0.0001926422119140625
pony,turkey,-9.06264877319336,-0.000148773193359375
pony,dove,-9.125137329101562,-0.0001373291015625
pony,pigeon,-9.125139236450195,-0.0001392364501953125
pony,partridge,-8.937667846679688,-0.0001678466796875
pony,peacock,-9.18763542175293,-0.0001354217529296875
pony,crane,-9.000162124633789,-0.0001621246337890625
pony,flamingo,-9.125139236450195,-0.0001392364501953125
pony,heron,-9.187641143798828,-0.000141143798828125
pony,duck,-9.500101089477539,-0.0001010894775390625
pony,goose,-9.375114440917969,-0.00011444091796875
pony,pelican,-9.250129699707031,-0.00012969970703125
pony,penguin,-9.250127792358398,-0.0001277923583984375
pony,seagull,-9.312620162963867,-0.0001201629638671875
pony,swan,-9.43760871887207,-0.0001087188720703125
pony,hummingbird,-9.187631607055664,-0.0001316070556640625
pony,kingfisher,-9.000160217285156,-0.00016021728515625
pony,woodpecker,-8.93766975402832,-0.0001697540283203125
pony,emu,-9.375116348266602,-0.0001163482666015625
pony,ostrich,-9.437606811523438,-0.0001068115234375
pony,carp,-8.875177383422852,-0.0001773834228515625
pony,goldfish,-9.125139236450195,-0.0001392364501953125
pony,minnow,-8.812688827514648,-0.0001888275146484375
pony,cod,-8.500240325927734,-0.000240325927734375
pony,herring,-8.81268310546875,-0.00018310546875
pony,sardine,-9.000154495239258,-0.0001544952392578125
pony,salmon,-9.187631607055664,-0.0001316070556640625
pony,trout,-9.000152587890625,-0.000152587890625
pony,eel,-9.437610626220703,-0.000110626220703125
pony,flounder,-8.68770980834961,-0.000209808349609375
pony,mackerel,-8.625223159790039,-0.0002231597900390625
pony,tuna,-9.12513542175293,-0.0001354217529296875
pony,seahorse,-9.125144958496094,-0.00014495849609375
pony,shark,-9.562601089477539,-0.0001010894775390625
pony,bee,-9.312620162963867,-0.0001201629638671875
pony,hornet,-9.125146865844727,-0.0001468658447265625
pony,wasp,-9.187644958496094,-0.00014495849609375
pony,ant,-9.125141143798828,-0.000141143798828125
pony,beetle,-9.312623977661133,-0.0001239776611328125
pony,ladybird,-8.56273078918457,-0.0002307891845703125
pony,butterfly,-9.250131607055664,-0.0001316070556640625
pony,moth,-8.68770980834961,-0.000209808349609375
pony,cockroach,-9.250129699707031,-0.00012969970703125
pony,cricket,-8.875177383422852,-0.0001773834228515625
pony,grasshopper,-9.312620162963867,-0.0001201629638671875
pony,locust,-8.875177383422852,-0.0001773834228515625
pony,dragonfly,-9.3126220703125,-0.0001220703125
pony,flea,-8.937665939331055,-0.0001659393310546875
pony,housefly,-9.312614440917969,-0.00011444091796875
pony,mosquito,-9.062652587890625,-0.000152587890625
pony,stick_insect,-8.750198364257812,-0.0001983642578125
pony,termite,-9.312618255615234,-0.000118255615234375
pony,centipede,-9.187643051147461,-0.0001430511474609375
pony,millipede,-8.687711715698242,-0.0002117156982421875
pony,scorpion,-9.437612533569336,-0.0001125335693359375
pony,spider,-9.500110626220703,-0.000110626220703125
pony,tarantula,-9.250129699707031,-0.00012969970703125
pony,crab,-9.250131607055664,-0.0001316070556640625
pony,crayfish,-9.125146865844727,-0.0001468658447265625
pony,lobster,-9.062652587890625,-0.000152587890625
pony,prawn,-8.81268310546875,-0.00018310546875
pony,shrimp,-9.062652587890625,-0.000152587890625
pony,slug,-9.062652587890625,-0.000152587890625
pony,snail,-9.187633514404297,-0.000133514404296875
pony,clam,-8.93766975402832,-0.0001697540283203125
pony,mussel,-8.812685012817383,-0.0001850128173828125
pony,scallop,-8.750198364257812,-0.0001983642578125
pony,oyster,-8.687705993652344,-0.00020599365234375
pony,squid,-9.500102996826172,-0.000102996826171875
pony,octopus,-9.375118255615234,-0.000118255615234375
pony,worm,-9.187637329101562,-0.0001373291015625
pony,jellyfish,-9.562604904174805,-0.0001049041748046875
zebra,animal,-5.340576171875e-05,-11.437553405761719
zebra,vertebrate,-4.76837158203125e-05,-11.18754768371582
zebra,invertebrate,-10.062562942504883,-6.29425048828125e-05
zebra,mammal,-3.814697265625e-05,-11.625038146972656
zebra,bird,-9.937568664550781,-6.866455078125e-05
zebra,reptile,-10.250053405761719,-5.340576171875e-05
zebra,amphibian,-10.250055313110352,-5.53131103515625e-05
zebra,fish,-10.06256103515625,-6.103515625e-05
zebra,arthropod,-10.125068664550781,-6.866455078125e-05
zebra,insect,-10.062564849853516,-6.4849853515625e-05
zebra,bird of prey,-9.875082015991211,-8.20159912109375e-05
zebra,aquatic bird,-9.625099182128906,-9.918212890625e-05
zebra,canine,-9.875068664550781,-6.866455078125e-05
zebra,feline,-9.812570571899414,-7.05718994140625e-05
zebra,primate,-10.06256103515625,-6.103515625e-05
zebra,aquatic mammal,-9.437606811523438,-0.0001068115234375
zebra,rodent,-9.875068664550781,-6.866455078125e-05
zebra,bat,-9.562597274780273,-9.72747802734375e-05
zebra,bear,-10.000066757202148,-6.67572021484375e-05
zebra,cat,-9.875068664550781,-6.866455078125e-05
zebra,cheetah,-10.062562942504883,-6.29425048828125e-05
zebra,leopard,-9.875070571899414,-7.05718994140625e-05
zebra,lion,-10.000064849853516,-6.4849853515625e-05
zebra,panther,-9.750082015991211,-8.20159912109375e-05
zebra,tiger,-10.187555313110352,-5.53131103515625e-05
zebra,dog,-10.062559127807617,-5.91278076171875e-05
zebra,fox,-10.06256103515625,-6.103515625e-05
zebra,hyena,-9.875072479248047,-7.2479248046875e-05
zebra,wolf,-10.000068664550781,-6.866455078125e-05
zebra,raccoon,-9.625091552734375,-9.1552734375e-05
zebra,skunk,-9.56259536743164,-9.5367431640625e-05
zebra,otter,-9.62508773803711,-8.7738037109375e-05
zebra,beaver,-9.750080108642578,-8.0108642578125e-05
zebra,chipmunk,-9.625089645385742,-8.96453857421875e-05
zebra,squirrel,-9.687583923339844,-8.392333984375e-05
zebra,gerbil,-9.562591552734375,-9.1552734375e-05
zebra,guinea_pig,-9.625089645385742,-8.96453857421875e-05
zebra,hamster,-9.687582015991211,-8.20159912109375e-05
zebra,mouse,-9.56258773803711,-8.7738037109375e-05
zebra,porcupine,-9.625089645385742,-8.96453857421875e-05
zebra,rat,-9.62508773803711,-8.7738037109375e-05
zebra,buffalo,-9.562593460083008,-9.34600830078125e-05
zebra,cow,-8.312774658203125,-0.000274658203125
zebra,ox,-8.75018310546875,-0.00018310546875
zebra,goat,-9.687583923339844,-8.392333984375e-05
zebra,sheep,-9.875070571899414,-7.05718994140625e-05
zebra,deer,-9.562591552734375,-9.1552734375e-05
zebra,moose,-9.937568664550781,-6.866455078125e-05
zebra,giraffe,-9.750080108642578,-8.0108642578125e-05
zebra,camel,-9.625089645385742,-8.96453857421875e-05
zebra,hippo,-9.62508773803711,-8.7738037109375e-05
zebra,llama,-9.562591552734375,-9.1552734375e-05
zebra,pig,-9.750080108642578,-8.0108642578125e-05
zebra,donkey,-8.187816619873047,-0.000316619873046875
zebra,horse,-0.0006122589111328125,-7.750612258911133
zebra,pony,-7.50059700012207,-0.0005970001220703125
zebra,zebra,-0.00041961669921875,-8.250419616699219
zebra,rhino,-10.062564849853516,-6.4849853515625e-05
zebra,gorilla,-9.750078201293945,-7.82012939453125e-05
zebra,monkey,-10.062562942504883,-6.29425048828125e-05
zebra,hedgehog,-9.750078201293945,-7.82012939453125e-05
zebra,rabbit,-9.875068664550781,-6.866455078125e-05
zebra,seal,-9.750080108642578,-8.0108642578125e-05
zebra,walrus,-9.625091552734375,-9.1552734375e-05
zebra,dolphin,-9.750080108642578,-8.0108642578125e-05
zebra,whale,-9.87507438659668,-7.43865966796875e-05
zebra,elephant,-10.000064849853516,-6.4849853515625e-05
zebra,kangaroo,-9.875072479248047,-7.2479248046875e-05
zebra,platypus,-9.812578201293945,-7.82012939453125e-05
zebra,crocodile,-9.875072479248047,-7.2479248046875e-05
zebra,alligator,-10.062564849853516,-6.4849853515625e-05
zebra,lizard,-10.062562942504883,-6.29425048828125e-05
zebra,iguana,-9.812576293945312,-7.62939453125e-05
zebra,rattlesnake,-9.750083923339844,-8.392333984375e-05
zebra,tortoise,-10.06256103515625,-6.103515625e-05
zebra,turtle,-10.000064849853516,-6.4849853515625e-05
zebra,frog,-10.062562942504883,-6.29425048828125e-05
zebra,toad,-9.56259536743164,-9.5367431640625e-05
zebra,budgie,-9.375106811523438,-0.0001068115234375
zebra,parakeet,-9.812580108642578,-8.0108642578125e-05
zebra,buzzard,-9.750085830688477,-8.58306884765625e-05
zebra,falcon,-9.812576293945312,-7.62939453125e-05
zebra,hawk,-9.875072479248047,-7.2479248046875e-05
zebra,eagle,-10.000066757202148,-6.67572021484375e-05
zebra,owl,-9.750078201293945,-7.82012939453125e-05
zebra,canary,-9.500097274780273,-9.72747802734375e-05
zebra,magpie,-9.500099182128906,-9.918212890625e-05
zebra,raven,-9.437606811523438,-0.0001068115234375
zebra,nightingale,-9.437602996826172,-0.000102996826171875
zebra,robin,-9.687582015991211,-8.20159912109375e-05
zebra,starling,-9.187631607055664,-0.0001316070556640625
zebra,sparrow,-9.687583923339844,-8.392333984375e-05
zebra,wren,-9.187629699707031,-0.00012969970703125
zebra,chicken,-9.750078201293945,-7.82012939453125e-05
zebra,cockerel,-9.437606811523438,-0.0001068115234375
zebra,turkey,-9.500097274780273,-9.72747802734375e-05
zebra,dove,-9.500097274780273,-9.72747802734375e-05
zebra,pigeon,-9.687582015991211,-8.20159912109375e-05
zebra,partridge,-9.312618255615234,-0.000118255615234375
zebra,peacock,-9.750080108642578,-8.0108642578125e-05
zebra,crane,-9.687583923339844,-8.392333984375e-05
zebra,flamingo,-9.750078201293945,-7.82012939453125e-05
zebra,heron,-9.750083923339844,-8.392333984375e-05
zebra,duck,-9.812576293945312,-7.62939453125e-05
zebra,goose,-9.750078201293945,-7.82012939453125e-05
zebra,pelican,-9.56259536743164,-9.5367431640625e-05
zebra,penguin,-9.750080108642578,-8.0108642578125e-05
zebra,seagull,-9.750083923339844,-8.392333984375e-05
zebra,swan,-9.812576293945312,-7.62939453125e-05
zebra,hummingbird,-9.750080108642578,-8.0108642578125e-05
zebra,kingfisher,-9.500097274780273,-9.72747802734375e-05
zebra,woodpecker,-9.562591552734375,-9.1552734375e-05
zebra,emu,-9.750082015991211,-8.20159912109375e-05
zebra,ostrich,-9.750078201293945,-7.82012939453125e-05
zebra,carp,-9.37510871887207,-0.0001087188720703125
zebra,goldfish,-9.62508773803711,-8.7738037109375e-05
zebra,minnow,-9.500101089477539,-0.0001010894775390625
zebra,cod,-9.312610626220703,-0.000110626220703125
zebra,herring,-9.312616348266602,-0.0001163482666015625
zebra,sardine,-9.562591552734375,-9.1552734375e-05
zebra,salmon,-9.687582015991211,-8.20159912109375e-05
zebra,trout,-9.50009536743164,-9.5367431640625e-05
zebra,eel,-9.81257438659668,-7.43865966796875e-05
zebra,flounder,-9.437602996826172,-0.000102996826171875
zebra,mackerel,-8.625215530395508,-0.0002155303955078125
zebra,tuna,-9.562591552734375,-9.1552734375e-05
zebra,seahorse,-9.68758773803711,-8.7738037109375e-05
zebra,shark,-9.87507438659668,-7.43865966796875e-05
zebra,bee,-9.625089645385742,-8.96453857421875e-05
zebra,hornet,-9.625093460083008,-9.34600830078125e-05
zebra,wasp,-9.750083923339844,-8.392333984375e-05
zebra,ant,-9.562593460083008,-9.34600830078125e-05
zebra,beetle,-9.750080108642578,-8.0108642578125e-05
zebra,ladybird,-9.2501220703125,-0.0001220703125
zebra,butterfly,-9.812576293945312,-7.62939453125e-05
zebra,moth,-9.250125885009766,-0.000125885009765625
zebra,cockroach,-9.437604904174805,-0.0001049041748046875
zebra,cricket,-9.500099182128906,-9.918212890625e-05
zebra,grasshopper,-9.875070571899414,-7.05718994140625e-05
zebra,locust,-9.375110626220703,-0.000110626220703125
zebra,dragonfly,-9.687585830688477,-8.58306884765625e-05
zebra,flea,-9.250123977661133,-0.0001239776611328125
zebra,housefly,-9.687580108642578,-8.0108642578125e-05
zebra,mosquito,-9.625091552734375,-9.1552734375e-05
zebra,stick_insect,-9.562589645385742,-8.96453857421875e-05
zebra,termite,-9.500097274780273,-9.72747802734375e-05
zebra,centipede,-9.750083923339844,-8.392333984375e-05
zebra,millipede,-9.437604904174805,-0.0001049041748046875
zebra,scorpion,-9.87507438659668,-7.43865966796875e-05
zebra,spider,-9.750083923339844,-8.392333984375e-05
zebra,tarantula,-9.562597274780273,-9.72747802734375e-05
zebra,crab,-9.625091552734375,-9.1552734375e-05
zebra,crayfish,-9.562597274780273,-9.72747802734375e-05
zebra,lobster,-9.62508773803711,-8.7738037109375e-05
zebra,prawn,-9.437602996826172,-0.000102996826171875
zebra,shrimp,-9.437604904174805,-0.0001049041748046875
zebra,slug,-9.56259536743164,-9.5367431640625e-05
zebra,snail,-9.750080108642578,-8.0108642578125e-05
zebra,clam,-9.437606811523438,-0.0001068115234375
zebra,mussel,-9.312616348266602,-0.0001163482666015625
zebra,scallop,-9.437604904174805,-0.0001049041748046875
zebra,oyster,-9.187631607055664,-0.0001316070556640625
zebra,squid,-9.81257438659668,-7.43865966796875e-05
zebra,octopus,-9.750080108642578,-8.0108642578125e-05
zebra,worm,-9.812576293945312,-7.62939453125e-05
zebra,jellyfish,-10.062562942504883,-6.29425048828125e-05
rhino,animal,-5.340576171875e-05,-11.687553405761719
rhino,vertebrate,-5.7220458984375e-05,-11.000057220458984
rhino,invertebrate,-10.000068664550781,-6.866455078125e-05
rhino,mammal,-4.00543212890625e-05,-11.500040054321289
rhino,bird,-9.875070571899414,-7.05718994140625e-05
rhino,reptile,-10.062562942504883,-6.29425048828125e-05
rhino,amphibian,-10.250055313110352,-5.53131103515625e-05
rhino,fish,-10.06256103515625,-6.103515625e-05
rhino,arthropod,-10.187562942504883,-6.29425048828125e-05
rhino,insect,-10.062566757202148,-6.67572021484375e-05
rhino,bird of prey,-10.000072479248047,-7.2479248046875e-05
rhino,aquatic bird,-9.562604904174805,-0.0001049041748046875
rhino,canine,-9.875070571899414,-7.05718994140625e-05
rhino,feline,-9.812572479248047,-7.2479248046875e-05
rhino,primate,-10.062562942504883,-6.29425048828125e-05
rhino,aquatic mammal,-9.250127792358398,-0.0001277923583984375
rhino,rodent,-9.875070571899414,-7.05718994140625e-05
rhino,bat,-9.750082015991211,-8.20159912109375e-05
rhino,bear,-10.06256103515625,-6.103515625e-05
rhino,cat,-10.000064849853516,-6.4849853515625e-05
rhino,cheetah,-10.12506103515625,-6.103515625e-05
rhino,leopard,-10.000066757202148,-6.67572021484375e-05
rhino,lion,-10.125059127807617,-5.91278076171875e-05
rhino,panther,-9.87507438659668,-7.43865966796875e-05
rhino,tiger,-10.187557220458984,-5.7220458984375e-05
rhino,dog,-10.062562942504883,-6.29425048828125e-05
rhino,fox,-10.062562942504883,-6.29425048828125e-05
rhino,hyena,-10.062564849853516,-6.4849853515625e-05
rhino,wolf,-10.000068664550781,-6.866455078125e-05
rhino,raccoon,-9.500101089477539,-0.0001010894775390625
rhino,skunk,-9.375112533569336,-0.0001125335693359375
rhino,otter,-9.56259536743164,-9.5367431640625e-05
rhino,beaver,-9.687583923339844,-8.392333984375e-05
rhino,chipmunk,-9.437604904174805,-0.0001049041748046875
rhino,squirrel,-9.562593460083008,-9.34600830078125e-05
rhino,gerbil,-9.37510871887207,-0.0001087188720703125
rhino,guinea_pig,-9.437604904174805,-0.0001049041748046875
rhino,hamster,-9.562591552734375,-9.1552734375e-05
rhino,mouse,-9.500093460083008,-9.34600830078125e-05
rhino,porcupine,-9.562593460083008,-9.34600830078125e-05
rhino,rat,-9.437601089477539,-0.0001010894775390625
rhino,buffalo,-8.500238418579102,-0.0002384185791015625
rhino,cow,-7.750467300415039,-0.0004673004150390625
rhino,ox,-5.255430221557617,-0.0054302215576171875
rhino,goat,-9.562593460083008,-9.34600830078125e-05
rhino,sheep,-9.812576293945312,-7.62939453125e-05
rhino,deer,-9.437601089477539,-0.0001010894775390625
rhino,moose,-9.875072479248047,-7.2479248046875e-05
rhino,giraffe,-9.750078201293945,-7.82012939453125e-05
rhino,camel,-9.687583923339844,-8.392333984375e-05
rhino,hippo,-9.750080108642578,-8.0108642578125e-05
rhino,llama,-9.562593460083008,-9.34600830078125e-05
rhino,pig,-8.812675476074219,-0.00017547607421875
rhino,donkey,-9.750080108642578,-8.0108642578125e-05
rhino,horse,-9.375102996826172,-0.000102996826171875
rhino,pony,-9.437602996826172,-0.000102996826171875
rhino,zebra,-10.062562942504883,-6.29425048828125e-05
rhino,rhino,-0.000179290771484375,-9.562679290771484
rhino,gorilla,-9.750080108642578,-8.0108642578125e-05
rhino,monkey,-10.062562942504883,-6.29425048828125e-05
rhino,hedgehog,-9.687583923339844,-8.392333984375e-05
rhino,rabbit,-9.81257438659668,-7.43865966796875e-05
rhino,seal,-9.750080108642578,-8.0108642578125e-05
rhino,walrus,-9.625091552734375,-9.1552734375e-05
rhino,dolphin,-9.750082015991211,-8.20159912109375e-05
rhino,whale,-10.000066757202148,-6.67572021484375e-05
rhino,elephant,-10.000062942504883,-6.29425048828125e-05
rhino,kangaroo,-9.812576293945312,-7.62939453125e-05
rhino,platypus,-9.750082015991211,-8.20159912109375e-05
rhino,crocodile,-10.062564849853516,-6.4849853515625e-05
rhino,alligator,-10.062564849853516,-6.4849853515625e-05
rhino,lizard,-10.125057220458984,-5.7220458984375e-05
rhino,iguana,-9.750080108642578,-8.0108642578125e-05
rhino,rattlesnake,-9.750085830688477,-8.58306884765625e-05
rhino,tortoise,-10.000062942504883,-6.29425048828125e-05
rhino,turtle,-10.000064849853516,-6.4849853515625e-05
rhino,frog,-10.062562942504883,-6.29425048828125e-05
rhino,toad,-9.750082015991211,-8.20159912109375e-05
rhino,budgie,-9.437602996826172,-0.000102996826171875
rhino,parakeet,-9.812580108642578,-8.0108642578125e-05
rhino,buzzard,-9.812580108642578,-8.0108642578125e-05
rhino,falcon,-9.750082015991211,-8.20159912109375e-05
rhino,hawk,-9.750083923339844,-8.392333984375e-05
rhino,eagle,-10.000068664550781,-6.866455078125e-05
rhino,owl,-9.750078201293945,-7.82012939453125e-05
rhino,canary,-9.437602996826172,-0.000102996826171875
rhino,magpie,-9.500099182128906,-9.918212890625e-05
rhino,raven,-9.500101089477539,-0.0001010894775390625
rhino,nightingale,-9.250123977661133,-0.0001239776611328125
rhino,robin,-9.187627792358398,-0.0001277923583984375
rhino,starling,-9.250125885009766,-0.000125885009765625
rhino,sparrow,-9.62508773803711,-8.7738037109375e-05
rhino,wren,-9.37510871887207,-0.0001087188720703125
rhino,chicken,-9.687583923339844,-8.392333984375e-05
rhino,cockerel,-9.437604904174805,-0.0001049041748046875
rhino,turkey,-9.437602996826172,-0.000102996826171875
rhino,dove,-9.437604904174805,-0.0001049041748046875
rhino,pigeon,-9.62508773803711,-8.7738037109375e-05
rhino,partridge,-9.375110626220703,-0.000110626220703125
rhino,peacock,-9.43760871887207,-0.0001087188720703125
rhino,crane,-9.625089645385742,-8.96453857421875e-05
rhino,flamingo,-9.687582015991211,-8.20159912109375e-05
rhino,heron,-9.750083923339844,-8.392333984375e-05
rhino,duck,-9.812576293945312,-7.62939453125e-05
rhino,goose,-9.687583923339844,-8.392333984375e-05
rhino,pelican,-9.625091552734375,-9.1552734375e-05
rhino,penguin,-9.625089645385742,-8.96453857421875e-05
rhino,seagull,-9.750083923339844,-8.392333984375e-05
rhino,swan,-9.812578201293945,-7.82012939453125e-05
rhino,hummingbird,-9.750080108642578,-8.0108642578125e-05
rhino,kingfisher,-9.437606811523438,-0.0001068115234375
rhino,woodpecker,-9.437601089477539,-0.0001010894775390625
rhino,emu,-9.625091552734375,-9.1552734375e-05
rhino,ostrich,-9.750080108642578,-8.0108642578125e-05
rhino,carp,-9.437604904174805,-0.0001049041748046875
rhino,goldfish,-9.500099182128906,-9.918212890625e-05
rhino,minnow,-9.500101089477539,-0.0001010894775390625
rhino,cod,-9.187625885009766,-0.000125885009765625
rhino,herring,-9.437604904174805,-0.0001049041748046875
rhino,sardine,-9.562591552734375,-9.1552734375e-05
rhino,salmon,-9.625089645385742,-8.96453857421875e-05
rhino,trout,-9.500099182128906,-9.918212890625e-05
rhino,eel,-9.87507438659668,-7.43865966796875e-05
rhino,flounder,-9.437602996826172,-0.000102996826171875
rhino,mackerel,-9.375112533569336,-0.0001125335693359375
rhino,tuna,-9.562593460083008,-9.34600830078125e-05
rhino,seahorse,-9.625093460083008,-9.34600830078125e-05
rhino,shark,-10.062566757202148,-6.67572021484375e-05
rhino,bee,-9.750080108642578,-8.0108642578125e-05
rhino,hornet,-9.62509536743164,-9.5367431640625e-05
rhino,wasp,-9.750083923339844,-8.392333984375e-05
rhino,ant,-9.500097274780273,-9.72747802734375e-05
rhino,beetle,-9.875070571899414,-7.05718994140625e-05
rhino,ladybird,-9.2501220703125,-0.0001220703125
rhino,butterfly,-9.68758773803711,-8.7738037109375e-05
rhino,moth,-9.500101089477539,-0.0001010894775390625
rhino,cockroach,-9.437604904174805,-0.0001049041748046875
rhino,cricket,-9.500099182128906,-9.918212890625e-05
rhino,grasshopper,-9.750078201293945,-7.82012939453125e-05
rhino,locust,-9.625091552734375,-9.1552734375e-05
rhino,dragonfly,-9.68758773803711,-8.7738037109375e-05
rhino,flea,-9.312616348266602,-0.0001163482666015625
rhino,housefly,-9.562593460083008,-9.34600830078125e-05
rhino,mosquito,-9.500102996826172,-0.000102996826171875
rhino,stick_insect,-9.437604904174805,-0.0001049041748046875
rhino,termite,-9.562593460083008,-9.34600830078125e-05
rhino,centipede,-9.750083923339844,-8.392333984375e-05
rhino,millipede,-9.500102996826172,-0.000102996826171875
rhino,scorpion,-9.93757438659668,-7.43865966796875e-05
rhino,spider,-10.000068664550781,-6.866455078125e-05
rhino,tarantula,-9.687589645385742,-8.96453857421875e-05
rhino,crab,-9.812578201293945,-7.82012939453125e-05
rhino,crayfish,-9.43760871887207,-0.0001087188720703125
rhino,lobster,-9.437604904174805,-0.0001049041748046875
rhino,prawn,-9.250120162963867,-0.0001201629638671875
rhino,shrimp,-9.437604904174805,-0.0001049041748046875
rhino,slug,-9.56259536743164,-9.5367431640625e-05
rhino,snail,-9.687583923339844,-8.392333984375e-05
rhino,clam,-9.437606811523438,-0.0001068115234375
rhino,mussel,-9.437606811523438,-0.0001068115234375
rhino,scallop,-9.437606811523438,-0.0001068115234375
rhino,oyster,-9.187631607055664,-0.0001316070556640625
rhino,squid,-9.875070571899414,-7.05718994140625e-05
rhino,octopus,-9.68758773803711,-8.7738037109375e-05
rhino,worm,-9.87507438659668,-7.43865966796875e-05
rhino,jellyfish,-10.062564849853516,-6.4849853515625e-05
gorilla,animal,-4.57763671875e-05,-11.625045776367188
gorilla,vertebrate,-4.38690185546875e-05,-11.437543869018555
gorilla,invertebrate,-10.000064849853516,-6.4849853515625e-05
gorilla,mammal,-3.0517578125e-05,-11.875030517578125
gorilla,bird,-9.687582015991211,-8.20159912109375e-05
gorilla,reptile,-10.187553405761719,-5.340576171875e-05
gorilla,amphibian,-10.250051498413086,-5.14984130859375e-05
gorilla,fish,-9.812572479248047,-7.2479248046875e-05
gorilla,arthropod,-10.125062942504883,-6.29425048828125e-05
gorilla,insect,-10.062562942504883,-6.29425048828125e-05
gorilla,bird of prey,-9.937570571899414,-7.05718994140625e-05
gorilla,aquatic bird,-9.625091552734375,-9.1552734375e-05
gorilla,canine,-9.875068664550781,-6.866455078125e-05
gorilla,feline,-9.75007438659668,-7.43865966796875e-05
gorilla,primate,-3.24249267578125e-05,-12.250032424926758
gorilla,aquatic mammal,-9.562593460083008,-9.34600830078125e-05
gorilla,rodent,-9.812570571899414,-7.05718994140625e-05
gorilla,bat,-9.687582015991211,-8.20159912109375e-05
gorilla,bear,-9.750076293945312,-7.62939453125e-05
gorilla,cat,-9.625083923339844,-8.392333984375e-05
gorilla,cheetah,-10.000062942504883,-6.29425048828125e-05
gorilla,leopard,-9.81257438659668,-7.43865966796875e-05
gorilla,lion,-10.062559127807617,-5.91278076171875e-05
gorilla,panther,-9.625089645385742,-8.96453857421875e-05
gorilla,tiger,-10.06256103515625,-6.103515625e-05
gorilla,dog,-9.937564849853516,-6.4849853515625e-05
gorilla,fox,-9.750076293945312,-7.62939453125e-05
gorilla,hyena,-9.625089645385742,-8.96453857421875e-05
gorilla,wolf,-9.87507438659668,-7.43865966796875e-05
gorilla,raccoon,-9.312614440917969,-0.00011444091796875
gorilla,skunk,-9.312612533569336,-0.0001125335693359375
gorilla,otter,-9.562591552734375,-9.1552734375e-05
gorilla,beaver,-9.562589645385742,-8.96453857421875e-05
gorilla,chipmunk,-9.50009536743164,-9.5367431640625e-05
gorilla,squirrel,-9.437601089477539,-0.0001010894775390625
gorilla,gerbil,-9.250118255615234,-0.000118255615234375
gorilla,guinea_pig,-9.437602996826172,-0.000102996826171875
gorilla,hamster,-9.500093460083008,-9.34600830078125e-05
gorilla,mouse,-9.43759536743164,-9.5367431640625e-05
gorilla,porcupine,-9.562593460083008,-9.34600830078125e-05
gorilla,rat,-9.437601089477539,-0.0001010894775390625
gorilla,buffalo,-9.625089645385742,-8.96453857421875e-05
gorilla,cow,-9.750076293945312,-7.62939453125e-05
gorilla,ox,-9.437602996826172,-0.000102996826171875
gorilla,goat,-9.625089645385742,-8.96453857421875e-05
gorilla,sheep,-9.750076293945312,-7.62939453125e-05
gorilla,deer,-9.750078201293945,-7.82012939453125e-05
gorilla,moose,-9.562593460083008,-9.34600830078125e-05
gorilla,giraffe,-9.62508773803711,-8.7738037109375e-05
gorilla,camel,-9.625085830688477,-8.58306884765625e-05
gorilla,hippo,-9.500097274780273,-9.72747802734375e-05
gorilla,llama,-9.437601089477539,-0.0001010894775390625
gorilla,pig,-9.562591552734375,-9.1552734375e-05
gorilla,donkey,-9.750082015991211,-8.20159912109375e-05
gorilla,horse,-10.06256103515625,-6.103515625e-05
gorilla,pony,-9.62508773803711,-8.7738037109375e-05
gorilla,zebra,-9.812576293945312,-7.62939453125e-05
gorilla,rhino,-9.750080108642578,-8.0108642578125e-05
gorilla,gorilla,-0.000209808349609375,-9.18770980834961
gorilla,monkey,-8.375259399414062,-0.0002593994140625
gorilla,hedgehog,-9.562593460083008,-9.34600830078125e-05
gorilla,rabbit,-9.812570571899414,-7.05718994140625e-05
gorilla,seal,-9.625085830688477,-8.58306884765625e-05
gorilla,walrus,-9.312616348266602,-0.0001163482666015625
gorilla,dolphin,-9.750078201293945,-7.82012939453125e-05
gorilla,whale,-9.750078201293945,-7.82012939453125e-05
gorilla,elephant,-9.875068664550781,-6.866455078125e-05
gorilla,kangaroo,-9.750078201293945,-7.82012939453125e-05
gorilla,platypus,-9.62508773803711,-8.7738037109375e-05
gorilla,crocodile,-9.875070571899414,-7.05718994140625e-05
gorilla,alligator,-9.937570571899414,-7.05718994140625e-05
gorilla,lizard,-10.125057220458984,-5.7220458984375e-05
gorilla,iguana,-9.687582015991211,-8.20159912109375e-05
gorilla,rattlesnake,-9.68758773803711,-8.7738037109375e-05
gorilla,tortoise,-9.687582015991211,-8.20159912109375e-05
gorilla,turtle,-9.62508773803711,-8.7738037109375e-05
gorilla,frog,-9.875070571899414,-7.05718994140625e-05
gorilla,toad,-9.562591552734375,-9.1552734375e-05
gorilla,budgie,-9.437601089477539,-0.0001010894775390625
gorilla,parakeet,-9.62509536743164,-9.5367431640625e-05
gorilla,buzzard,-9.750082015991211,-8.20159912109375e-05
gorilla,falcon,-9.62508773803711,-8.7738037109375e-05
gorilla,hawk,-9.750082015991211,-8.20159912109375e-05
gorilla,eagle,-9.81257438659668,-7.43865966796875e-05
gorilla,owl,-9.750078201293945,-7.82012939453125e-05
gorilla,canary,-9.312610626220703,-0.000110626220703125
gorilla,magpie,-9.50009536743164,-9.5367431640625e-05
gorilla,raven,-9.437602996826172,-0.000102996826171875
gorilla,nightingale,-9.125133514404297,-0.000133514404296875
gorilla,robin,-9.250118255615234,-0.000118255615234375
gorilla,starling,-9.12513542175293,-0.0001354217529296875
gorilla,sparrow,-9.437602996826172,-0.000102996826171875
gorilla,wren,-9.125133514404297,-0.000133514404296875
gorilla,chicken,-9.625085830688477,-8.58306884765625e-05
gorilla,cockerel,-9.437602996826172,-0.000102996826171875
gorilla,turkey,-9.312612533569336,-0.0001125335693359375
gorilla,dove,-9.37510871887207,-0.0001087188720703125
gorilla,pigeon,-9.50009536743164,-9.5367431640625e-05
gorilla,partridge,-9.2501220703125,-0.0001220703125
gorilla,peacock,-9.375110626220703,-0.000110626220703125
gorilla,crane,-9.37510871887207,-0.0001087188720703125
gorilla,flamingo,-9.50009536743164,-9.5367431640625e-05
gorilla,heron,-9.625091552734375,-9.1552734375e-05
gorilla,duck,-9.750078201293945,-7.82012939453125e-05
gorilla,goose,-9.625085830688477,-8.58306884765625e-05
gorilla,pelican,-9.437602996826172,-0.000102996826171875
gorilla,penguin,-9.625085830688477,-8.58306884765625e-05
gorilla,seagull,-9.687583923339844,-8.392333984375e-05
gorilla,swan,-9.625089645385742,-8.96453857421875e-05
gorilla,hummingbird,-9.562589645385742,-8.96453857421875e-05
gorilla,kingfisher,-9.312612533569336,-0.0001125335693359375
gorilla,woodpecker,-9.312612533569336,-0.0001125335693359375
gorilla,emu,-9.500099182128906,-9.918212890625e-05
gorilla,ostrich,-9.625085830688477,-8.58306884765625e-05
gorilla,carp,-9.375106811523438,-0.0001068115234375
gorilla,goldfish,-9.437601089477539,-0.0001010894775390625
gorilla,minnow,-9.500099182128906,-9.918212890625e-05
gorilla,cod,-8.937652587890625,-0.000152587890625
gorilla,herring,-9.312612533569336,-0.0001125335693359375
gorilla,sardine,-9.37510871887207,-0.0001087188720703125
gorilla,salmon,-9.437599182128906,-9.918212890625e-05
gorilla,trout,-9.437601089477539,-0.0001010894775390625
gorilla,eel,-9.687582015991211,-8.20159912109375e-05
gorilla,flounder,-9.187625885009766,-0.000125885009765625
gorilla,mackerel,-9.250120162963867,-0.0001201629638671875
gorilla,tuna,-9.375106811523438,-0.0001068115234375
gorilla,seahorse,-9.562593460083008,-9.34600830078125e-05
gorilla,shark,-9.750078201293945,-7.82012939453125e-05
gorilla,bee,-9.62508773803711,-8.7738037109375e-05
gorilla,hornet,-9.437604904174805,-0.0001049041748046875
gorilla,wasp,-9.500099182128906,-9.918212890625e-05
gorilla,ant,-9.375106811523438,-0.0001068115234375
gorilla,beetle,-9.812572479248047,-7.2479248046875e-05
gorilla,ladybird,-9.125133514404297,-0.000133514404296875
gorilla,butterfly,-9.750080108642578,-8.0108642578125e-05
gorilla,moth,-9.312616348266602,-0.0001163482666015625
gorilla,cockroach,-9.437602996826172,-0.000102996826171875
gorilla,cricket,-9.50009536743164,-9.5367431640625e-05
gorilla,grasshopper,-9.687582015991211,-8.20159912109375e-05
gorilla,locust,-9.500099182128906,-9.918212890625e-05
gorilla,dragonfly,-9.625089645385742,-8.96453857421875e-05
gorilla,flea,-9.375106811523438,-0.0001068115234375
gorilla,housefly,-9.50009536743164,-9.5367431640625e-05
gorilla,mosquito,-9.375110626220703,-0.000110626220703125
gorilla,stick_insect,-9.2501220703125,-0.0001220703125
gorilla,termite,-9.375104904174805,-0.0001049041748046875
gorilla,centipede,-9.625091552734375,-9.1552734375e-05
gorilla,millipede,-9.375110626220703,-0.000110626220703125
gorilla,scorpion,-9.875072479248047,-7.2479248046875e-05
gorilla,spider,-9.625091552734375,-9.1552734375e-05
gorilla,tarantula,-9.500099182128906,-9.918212890625e-05
gorilla,crab,-9.562593460083008,-9.34600830078125e-05
gorilla,crayfish,-9.37510871887207,-0.0001087188720703125
gorilla,lobster,-9.312610626220703,-0.000110626220703125
gorilla,prawn,-9.312610626220703,-0.000110626220703125
gorilla,shrimp,-9.250118255615234,-0.000118255615234375
gorilla,slug,-9.500097274780273,-9.72747802734375e-05
gorilla,snail,-9.500093460083008,-9.34600830078125e-05
gorilla,clam,-9.2501220703125,-0.0001220703125
gorilla,mussel,-9.12513542175293,-0.0001354217529296875
gorilla,scallop,-9.312614440917969,-0.00011444091796875
gorilla,oyster,-9.00014877319336,-0.000148773193359375
gorilla,squid,-9.687582015991211,-8.20159912109375e-05
gorilla,octopus,-9.562593460083008,-9.34600830078125e-05
gorilla,worm,-9.812572479248047,-7.2479248046875e-05
gorilla,jellyfish,-9.750078201293945,-7.82012939453125e-05
monkey,animal,-4.57763671875e-05,-11.750045776367188
monkey,vertebrate,-4.76837158203125e-05,-11.37504768371582
monkey,invertebrate,-10.000066757202148,-6.67572021484375e-05
monkey,mammal,-3.24249267578125e-05,-12.062532424926758
monkey,bird,-10.000064849853516,-6.4849853515625e-05
monkey,reptile,-10.250055313110352,-5.53131103515625e-05
monkey,amphibian,-10.187557220458984,-5.7220458984375e-05
monkey,fish,-10.062559127807617,-5.91278076171875e-05
monkey,arthropod,-10.125064849853516,-6.4849853515625e-05
monkey,insect,-10.062566757202148,-6.67572021484375e-05
monkey,bird of prey,-10.000070571899414,-7.05718994140625e-05
monkey,aquatic bird,-9.875080108642578,-8.0108642578125e-05
monkey,canine,-10.000064849853516,-6.4849853515625e-05
monkey,feline,-10.062557220458984,-5.7220458984375e-05
monkey,primate,-3.4332275390625e-05,-12.25003433227539
monkey,aquatic mammal,-9.50010871887207,-0.0001087188720703125
monkey,rodent,-10.125057220458984,-5.7220458984375e-05
monkey,bat,-9.81257438659668,-7.43865966796875e-05
monkey,bear,-10.125057220458984,-5.7220458984375e-05
monkey,cat,-10.125055313110352,-5.53131103515625e-05
monkey,cheetah,-9.937568664550781,-6.866455078125e-05
monkey,leopard,-9.750078201293945,-7.82012939453125e-05
monkey,lion,-9.81257438659668,-7.43865966796875e-05
monkey,panther,-9.56259536743164,-9.5367431640625e-05
monkey,tiger,-9.687583923339844,-8.392333984375e-05
monkey,dog,-10.312549591064453,-4.9591064453125e-05
monkey,fox,-10.125057220458984,-5.7220458984375e-05
monkey,hyena,-9.812578201293945,-7.82012939453125e-05
monkey,wolf,-9.812578201293945,-7.82012939453125e-05
monkey,raccoon,-9.62508773803711,-8.7738037109375e-05
monkey,skunk,-9.562593460083008,-9.34600830078125e-05
monkey,otter,-9.562593460083008,-9.34600830078125e-05
monkey,beaver,-9.562591552734375,-9.1552734375e-05
monkey,chipmunk,-9.62508773803711,-8.7738037109375e-05
monkey,squirrel,-9.562593460083008,-9.34600830078125e-05
monkey,gerbil,-9.437602996826172,-0.000102996826171875
monkey,guinea_pig,-9.687585830688477,-8.58306884765625e-05
monkey,hamster,-9.687580108642578,-8.0108642578125e-05
monkey,mouse,-9.75007438659668,-7.43865966796875e-05
monkey,porcupine,-9.625091552734375,-9.1552734375e-05
monkey,rat,-9.687580108642578,-8.0108642578125e-05
monkey,buffalo,-9.750082015991211,-8.20159912109375e-05
monkey,cow,-10.000064849853516,-6.4849853515625e-05
monkey,ox,-9.500097274780273,-9.72747802734375e-05
monkey,goat,-9.81257438659668,-7.43865966796875e-05
monkey,sheep,-10.06256103515625,-6.103515625e-05
monkey,deer,-9.875072479248047,-7.2479248046875e-05
monkey,moose,-9.625091552734375,-9.1552734375e-05
monkey,giraffe,-9.625085830688477,-8.58306884765625e-05
monkey,camel,-9.687582015991211,-8.20159912109375e-05
monkey,hippo,-9.500099182128906,-9.918212890625e-05
monkey,llama,-9.50009536743164,-9.5367431640625e-05
monkey,pig,-9.750080108642578,-8.0108642578125e-05
monkey,donkey,-9.875076293945312,-7.62939453125e-05
monkey,horse,-10.06256103515625,-6.103515625e-05
monkey,pony,-9.62508773803711,-8.7738037109375e-05
monkey,zebra,-9.812576293945312,-7.62939453125e-05
monkey,rhino,-9.625089645385742,-8.96453857421875e-05
monkey,gorilla,-8.937658309936523,-0.0001583099365234375
monkey,monkey,-0.00046539306640625,-8.437965393066406
monkey,hedgehog,-9.687585830688477,-8.58306884765625e-05
monkey,rabbit,-10.062559127807617,-5.91278076171875e-05
monkey,seal,-9.750078201293945,-7.82012939453125e-05
monkey,walrus,-9.312618255615234,-0.000118255615234375
monkey,dolphin,-9.875072479248047,-7.2479248046875e-05
monkey,whale,-9.687582015991211,-8.20159912109375e-05
monkey,elephant,-9.875070571899414,-7.05718994140625e-05
monkey,kangaroo,-9.750080108642578,-8.0108642578125e-05
monkey,platypus,-9.750083923339844,-8.392333984375e-05
monkey,crocodile,-9.750080108642578,-8.0108642578125e-05
monkey,alligator,-9.875076293945312,-7.62939453125e-05
monkey,lizard,-10.125059127807617,-5.91278076171875e-05
monkey,iguana,-9.750078201293945,-7.82012939453125e-05
monkey,rattlesnake,-9.750082015991211,-8.20159912109375e-05
monkey,tortoise,-9.750080108642578,-8.0108642578125e-05
monkey,turtle,-9.687583923339844,-8.392333984375e-05
monkey,frog,-10.000066757202148,-6.67572021484375e-05
monkey,toad,-9.562597274780273,-9.72747802734375e-05
monkey,budgie,-9.312614440917969,-0.00011444091796875
monkey,parakeet,-9.75008773803711,-8.7738037109375e-05
monkey,buzzard,-9.62509536743164,-9.5367431640625e-05
monkey,falcon,-9.687583923339844,-8.392333984375e-05
monkey,hawk,-9.68758773803711,-8.7738037109375e-05
monkey,eagle,-9.750082015991211,-8.20159912109375e-05
monkey,owl,-9.625089645385742,-8.96453857421875e-05
monkey,canary,-9.62508773803711,-8.7738037109375e-05
monkey,magpie,-9.500097274780273,-9.72747802734375e-05
monkey,raven,-9.56259536743164,-9.5367431640625e-05
monkey,nightingale,-9.250120162963867,-0.0001201629638671875
monkey,robin,-9.437604904174805,-0.0001049041748046875
monkey,starling,-9.312618255615234,-0.000118255615234375
monkey,sparrow,-9.62508773803711,-8.7738037109375e-05
monkey,wren,-9.375110626220703,-0.000110626220703125
monkey,chicken,-9.875072479248047,-7.2479248046875e-05
monkey,cockerel,-9.375112533569336,-0.0001125335693359375
monkey,turkey,-9.437604904174805,-0.0001049041748046875
monkey,dove,-9.500099182128906,-9.918212890625e-05
monkey,pigeon,-9.62508773803711,-8.7738037109375e-05
monkey,partridge,-9.500101089477539,-0.0001010894775390625
monkey,peacock,-9.375110626220703,-0.000110626220703125
monkey,crane,-9.62508773803711,-8.7738037109375e-05
monkey,flamingo,-9.437601089477539,-0.0001010894775390625
monkey,heron,-9.625093460083008,-9.34600830078125e-05
monkey,duck,-9.875072479248047,-7.2479248046875e-05
monkey,goose,-9.750080108642578,-8.0108642578125e-05
monkey,pelican,-9.375110626220703,-0.000110626220703125
monkey,penguin,-9.62508773803711,-8.7738037109375e-05
monkey,seagull,-9.687585830688477,-8.58306884765625e-05
monkey,swan,-9.625089645385742,-8.96453857421875e-05
monkey,hummingbird,-9.375110626220703,-0.000110626220703125
monkey,kingfisher,-9.312618255615234,-0.000118255615234375
monkey,woodpecker,-9.250123977661133,-0.0001239776611328125
monkey,emu,-9.56259536743164,-9.5367431640625e-05
monkey,ostrich,-9.562593460083008,-9.34600830078125e-05
monkey,carp,-9.375110626220703,-0.000110626220703125
monkey,goldfish,-9.500097274780273,-9.72747802734375e-05
monkey,minnow,-9.375112533569336,-0.0001125335693359375
monkey,cod,-9.00014877319336,-0.000148773193359375
monkey,herring,-9.312614440917969,-0.00011444091796875
monkey,sardine,-9.500097274780273,-9.72747802734375e-05
monkey,salmon,-9.437601089477539,-0.0001010894775390625
monkey,trout,-9.375106811523438,-0.0001068115234375
monkey,eel,-9.750080108642578,-8.0108642578125e-05
monkey,flounder,-9.312616348266602,-0.0001163482666015625
monkey,mackerel,-9.312614440917969,-0.00011444091796875
monkey,tuna,-9.437601089477539,-0.0001010894775390625
monkey,seahorse,-9.56259536743164,-9.5367431640625e-05
monkey,shark,-9.750080108642578,-8.0108642578125e-05
monkey,bee,-9.750080108642578,-8.0108642578125e-05
monkey,hornet,-9.562599182128906,-9.918212890625e-05
monkey,wasp,-9.625093460083008,-9.34600830078125e-05
monkey,ant,-9.62508773803711,-8.7738037109375e-05
monkey,beetle,-10.062562942504883,-6.29425048828125e-05
monkey,ladybird,-9.312616348266602,-0.0001163482666015625
monkey,butterfly,-9.875072479248047,-7.2479248046875e-05
monkey,moth,-9.375114440917969,-0.00011444091796875
monkey,cockroach,-9.56259536743164,-9.5367431640625e-05
monkey,cricket,-9.625089645385742,-8.96453857421875e-05
monkey,grasshopper,-9.87507438659668,-7.43865966796875e-05
monkey,locust,-9.625089645385742,-8.96453857421875e-05
monkey,dragonfly,-9.750082015991211,-8.20159912109375e-05
monkey,flea,-9.500099182128906,-9.918212890625e-05
monkey,housefly,-9.687585830688477,-8.58306884765625e-05
monkey,mosquito,-9.625089645385742,-8.96453857421875e-05
monkey,stick_insect,-9.312616348266602,-0.0001163482666015625
monkey,termite,-9.437602996826172,-0.000102996826171875
monkey,centipede,-9.687589645385742,-8.96453857421875e-05
monkey,millipede,-9.500101089477539,-0.0001010894775390625
monkey,scorpion,-9.875072479248047,-7.2479248046875e-05
monkey,spider,-9.750083923339844,-8.392333984375e-05
monkey,tarantula,-9.562597274780273,-9.72747802734375e-05
monkey,crab,-9.562597274780273,-9.72747802734375e-05
monkey,crayfish,-9.500102996826172,-0.000102996826171875
monkey,lobster,-9.437601089477539,-0.0001010894775390625
monkey,prawn,-9.437601089477539,-0.0001010894775390625
monkey,shrimp,-9.437602996826172,-0.000102996826171875
monkey,slug,-9.500101089477539,-0.0001010894775390625
monkey,snail,-9.687583923339844,-8.392333984375e-05
monkey,clam,-9.375110626220703,-0.000110626220703125
monkey,mussel,-9.312618255615234,-0.000118255615234375
monkey,scallop,-9.312618255615234,-0.000118255615234375
monkey,oyster,-9.2501220703125,-0.0001220703125
monkey,squid,-9.750078201293945,-7.82012939453125e-05
monkey,octopus,-9.750082015991211,-8.20159912109375e-05
monkey,worm,-9.937568664550781,-6.866455078125e-05
monkey,jellyfish,-9.750080108642578,-8.0108642578125e-05
hedgehog,animal,-5.7220458984375e-05,-11.500057220458984
hedgehog,vertebrate,-0.0002117156982421875,-8.812711715698242
hedgehog,invertebrate,-10.000068664550781,-6.866455078125e-05
hedgehog,mammal,-3.62396240234375e-05,-11.562536239624023
hedgehog,bird,-10.312551498413086,-5.14984130859375e-05
hedgehog,reptile,-10.43754768371582,-4.76837158203125e-05
hedgehog,amphibian,-10.43754768371582,-4.76837158203125e-05
hedgehog,fish,-10.37504768371582,-4.76837158203125e-05
hedgehog,arthropod,-10.437551498413086,-5.14984130859375e-05
hedgehog,insect,-10.312553405761719,-5.340576171875e-05
hedgehog,bird of prey,-10.18756103515625,-6.103515625e-05
hedgehog,aquatic bird,-10.062570571899414,-7.05718994140625e-05
hedgehog,canine,-10.062559127807617,-5.91278076171875e-05
hedgehog,feline,-10.125055313110352,-5.53131103515625e-05
hedgehog,primate,-10.312551498413086,-5.14984130859375e-05
hedgehog,aquatic mammal,-9.750082015991211,-8.20159912109375e-05
hedgehog,rodent,-6.563989639282227,-0.0014896392822265625
hedgehog,bat,-10.312549591064453,-4.9591064453125e-05
hedgehog,bear,-9.750078201293945,-7.82012939453125e-05
hedgehog,cat,-10.125053405761719,-5.340576171875e-05
hedgehog,cheetah,-10.000066757202148,-6.67572021484375e-05
hedgehog,leopard,-9.750078201293945,-7.82012939453125e-05
hedgehog,lion,-10.000064849853516,-6.4849853515625e-05
hedgehog,panther,-9.875072479248047,-7.2479248046875e-05
hedgehog,tiger,-9.875070571899414,-7.05718994140625e-05
hedgehog,dog,-10.250051498413086,-5.14984130859375e-05
hedgehog,fox,-10.000062942504883,-6.29425048828125e-05
hedgehog,hyena,-10.125059127807617,-5.91278076171875e-05
hedgehog,wolf,-10.000064849853516,-6.4849853515625e-05
hedgehog,raccoon,-10.000066757202148,-6.67572021484375e-05
hedgehog,skunk,-9.750078201293945,-7.82012939453125e-05
hedgehog,otter,-10.06256103515625,-6.103515625e-05
hedgehog,beaver,-9.937568664550781,-6.866455078125e-05
hedgehog,chipmunk,-10.06256103515625,-6.103515625e-05
hedgehog,squirrel,-10.062559127807617,-5.91278076171875e-05
hedgehog,gerbil,-10.06256103515625,-6.103515625e-05
hedgehog,guinea_pig,-10.125059127807617,-5.91278076171875e-05
hedgehog,hamster,-9.75007438659668,-7.43865966796875e-05
hedgehog,mouse,-9.500089645385742,-8.96453857421875e-05
hedgehog,porcupine,-8.500246047973633,-0.0002460479736328125
hedgehog,rat,-9.625082015991211,-8.20159912109375e-05
hedgehog,buffalo,-9.68758773803711,-8.7738037109375e-05
hedgehog,cow,-9.875072479248047,-7.2479248046875e-05
hedgehog,ox,-9.625085830688477,-8.58306884765625e-05
hedgehog,goat,-9.937570571899414,-7.05718994140625e-05
hedgehog,sheep,-10.06256103515625,-6.103515625e-05
hedgehog,deer,-10.000064849853516,-6.4849853515625e-05
hedgehog,moose,-9.937572479248047,-7.2479248046875e-05
hedgehog,giraffe,-9.68758773803711,-8.7738037109375e-05
hedgehog,camel,-9.81257438659668,-7.43865966796875e-05
hedgehog,hippo,-9.56259536743164,-9.5367431640625e-05
hedgehog,llama,-9.812576293945312,-7.62939453125e-05
hedgehog,pig,-7.875417709350586,-0.0004177093505859375
hedgehog,donkey,-9.937572479248047,-7.2479248046875e-05
hedgehog,horse,-9.937570571899414,-7.05718994140625e-05
hedgehog,pony,-9.750080108642578,-8.0108642578125e-05
hedgehog,zebra,-10.062564849853516,-6.4849853515625e-05
hedgehog,rhino,-9.875072479248047,-7.2479248046875e-05
hedgehog,gorilla,-9.750082015991211,-8.20159912109375e-05
hedgehog,monkey,-10.312551498413086,-5.14984130859375e-05
hedgehog,hedgehog,-0.0003910064697265625,-8.437891006469727
hedgehog,rabbit,-10.375045776367188,-4.57763671875e-05
hedgehog,seal,-10.06256103515625,-6.103515625e-05
hedgehog,walrus,-9.875072479248047,-7.2479248046875e-05
hedgehog,dolphin,-10.12506103515625,-6.103515625e-05
hedgehog,whale,-10.062564849853516,-6.4849853515625e-05
hedgehog,elephant,-9.750080108642578,-8.0108642578125e-05
hedgehog,kangaroo,-10.062562942504883,-6.29425048828125e-05
hedgehog,platypus,-10.06256103515625,-6.103515625e-05
hedgehog,crocodile,-10.062562942504883,-6.29425048828125e-05
hedgehog,alligator,-10.000068664550781,-6.866455078125e-05
hedgehog,lizard,-10.81253433227539,-3.4332275390625e-05
hedgehog,iguana,-10.125059127807617,-5.91278076171875e-05
hedgehog,rattlesnake,-10.12506103515625,-6.103515625e-05
hedgehog,tortoise,-10.250051498413086,-5.14984130859375e-05
hedgehog,turtle,-10.37504768371582,-4.76837158203125e-05
hedgehog,frog,-10.500043869018555,-4.38690185546875e-05
hedgehog,toad,-10.125057220458984,-5.7220458984375e-05
hedgehog,budgie,-9.875072479248047,-7.2479248046875e-05
hedgehog,parakeet,-10.187564849853516,-6.4849853515625e-05
hedgehog,buzzard,-10.187559127807617,-5.91278076171875e-05
hedgehog,falcon,-10.125059127807617,-5.91278076171875e-05
hedgehog,hawk,-10.000066757202148,-6.67572021484375e-05
hedgehog,eagle,-10.187555313110352,-5.53131103515625e-05
hedgehog,owl,-10.187555313110352,-5.53131103515625e-05
hedgehog,canary,-9.937568664550781,-6.866455078125e-05
hedgehog,magpie,-10.000066757202148,-6.67572021484375e-05
hedgehog,raven,-9.937570571899414,-7.05718994140625e-05
hedgehog,nightingale,-9.625085830688477,-8.58306884765625e-05
hedgehog,robin,-9.750076293945312,-7.62939453125e-05
hedgehog,starling,-9.87507438659668,-7.43865966796875e-05
hedgehog,sparrow,-10.062562942504883,-6.29425048828125e-05
hedgehog,wren,-10.000062942504883,-6.29425048828125e-05
hedgehog,chicken,-10.06256103515625,-6.103515625e-05
hedgehog,cockerel,-9.687585830688477,-8.58306884765625e-05
hedgehog,turkey,-9.62508773803711,-8.7738037109375e-05
hedgehog,dove,-9.937568664550781,-6.866455078125e-05
hedgehog,pigeon,-10.125057220458984,-5.7220458984375e-05
hedgehog,partridge,-9.81257438659668,-7.43865966796875e-05
hedgehog,peacock,-9.68758773803711,-8.7738037109375e-05
hedgehog,crane,-10.000064849853516,-6.4849853515625e-05
hedgehog,flamingo,-9.87507438659668,-7.43865966796875e-05
hedgehog,heron,-10.12506103515625,-6.103515625e-05
hedgehog,duck,-10.187557220458984,-5.7220458984375e-05
hedgehog,goose,-9.937570571899414,-7.05718994140625e-05
hedgehog,pelican,-10.000068664550781,-6.866455078125e-05
hedgehog,penguin,-10.062562942504883,-6.29425048828125e-05
hedgehog,seagull,-10.187557220458984,-5.7220458984375e-05
hedgehog,swan,-10.062562942504883,-6.29425048828125e-05
hedgehog,hummingbird,-10.000064849853516,-6.4849853515625e-05
hedgehog,kingfisher,-9.87507438659668,-7.43865966796875e-05
hedgehog,woodpecker,-10.000064849853516,-6.4849853515625e-05
hedgehog,emu,-9.87507438659668,-7.43865966796875e-05
hedgehog,ostrich,-10.062562942504883,-6.29425048828125e-05
hedgehog,carp,-9.625089645385742,-8.96453857421875e-05
hedgehog,goldfish,-9.937570571899414,-7.05718994140625e-05
hedgehog,minnow,-10.062566757202148,-6.67572021484375e-05
hedgehog,cod,-9.375104904174805,-0.0001049041748046875
hedgehog,herring,-9.562593460083008,-9.34600830078125e-05
hedgehog,sardine,-9.812576293945312,-7.62939453125e-05
hedgehog,salmon,-9.812572479248047,-7.2479248046875e-05
hedgehog,trout,-9.750078201293945,-7.82012939453125e-05
hedgehog,eel,-10.125059127807617,-5.91278076171875e-05
hedgehog,flounder,-9.750078201293945,-7.82012939453125e-05
hedgehog,mackerel,-9.625089645385742,-8.96453857421875e-05
hedgehog,tuna,-9.750078201293945,-7.82012939453125e-05
hedgehog,seahorse,-9.750083923339844,-8.392333984375e-05
hedgehog,shark,-10.187557220458984,-5.7220458984375e-05
hedgehog,bee,-10.125057220458984,-5.7220458984375e-05
hedgehog,hornet,-9.93757438659668,-7.43865966796875e-05
hedgehog,wasp,-10.18756103515625,-6.103515625e-05
hedgehog,ant,-9.875072479248047,-7.2479248046875e-05
hedgehog,beetle,-10.187553405761719,-5.340576171875e-05
hedgehog,ladybird,-9.687582015991211,-8.20159912109375e-05
hedgehog,butterfly,-10.250055313110352,-5.53131103515625e-05
hedgehog,moth,-9.937568664550781,-6.866455078125e-05
hedgehog,cockroach,-10.062562942504883,-6.29425048828125e-05
hedgehog,cricket,-10.000064849853516,-6.4849853515625e-05
hedgehog,grasshopper,-10.37504768371582,-4.76837158203125e-05
hedgehog,locust,-10.062562942504883,-6.29425048828125e-05
hedgehog,dragonfly,-10.187557220458984,-5.7220458984375e-05
hedgehog,flea,-9.875072479248047,-7.2479248046875e-05
hedgehog,housefly,-10.12506103515625,-6.103515625e-05
hedgehog,mosquito,-10.000068664550781,-6.866455078125e-05
hedgehog,stick_insect,-9.875068664550781,-6.866455078125e-05
hedgehog,termite,-10.125057220458984,-5.7220458984375e-05
hedgehog,centipede,-10.250055313110352,-5.53131103515625e-05
hedgehog,millipede,-9.750082015991211,-8.20159912109375e-05
hedgehog,scorpion,-10.12506103515625,-6.103515625e-05
hedgehog,spider,-10.375049591064453,-4.9591064453125e-05
hedgehog,tarantula,-10.062564849853516,-6.4849853515625e-05
hedgehog,crab,-10.000066757202148,-6.67572021484375e-05
hedgehog,crayfish,-9.750082015991211,-8.20159912109375e-05
hedgehog,lobster,-9.687582015991211,-8.20159912109375e-05
hedgehog,prawn,-9.687582015991211,-8.20159912109375e-05
hedgehog,shrimp,-10.000066757202148,-6.67572021484375e-05
hedgehog,slug,-10.000064849853516,-6.4849853515625e-05
hedgehog,snail,-10.187553405761719,-5.340576171875e-05
hedgehog,clam,-9.625091552734375,-9.1552734375e-05
hedgehog,mussel,-9.687585830688477,-8.58306884765625e-05
hedgehog,scallop,-9.750082015991211,-8.20159912109375e-05
hedgehog,oyster,-9.375110626220703,-0.000110626220703125
hedgehog,squid,-10.187555313110352,-5.53131103515625e-05
hedgehog,octopus,-10.062564849853516,-6.4849853515625e-05
hedgehog,worm,-10.000062942504883,-6.29425048828125e-05
hedgehog,jellyfish,-10.312553405761719,-5.340576171875e-05
rabbit,animal,-5.14984130859375e-05,-11.750051498413086
rabbit,vertebrate,-5.7220458984375e-05,-10.812557220458984
rabbit,invertebrate,-10.062564849853516,-6.4849853515625e-05
rabbit,mammal,-3.4332275390625e-05,-12.00003433227539
rabbit,bird,-10.31254768371582,-4.76837158203125e-05
rabbit,reptile,-10.312549591064453,-4.9591064453125e-05
rabbit,amphibian,-10.250051498413086,-5.14984130859375e-05
rabbit,fish,-10.312549591064453,-4.9591064453125e-05
rabbit,arthropod,-10.250057220458984,-5.7220458984375e-05
rabbit,insect,-10.250055313110352,-5.53131103515625e-05
rabbit,bird of prey,-9.875078201293945,-7.82012939453125e-05
rabbit,aquatic bird,-9.750093460083008,-9.34600830078125e-05
rabbit,canine,-10.187551498413086,-5.14984130859375e-05
rabbit,feline,-10.125053405761719,-5.340576171875e-05
rabbit,primate,-10.062559127807617,-5.91278076171875e-05
rabbit,aquatic mammal,-9.50010871887207,-0.0001087188720703125
rabbit,rodent,-6.938556671142578,-0.001056671142578125
rabbit,bat,-9.875072479248047,-7.2479248046875e-05
rabbit,bear,-9.937566757202148,-6.67572021484375e-05
rabbit,cat,-10.375043869018555,-4.38690185546875e-05
rabbit,cheetah,-9.625089645385742,-8.96453857421875e-05
rabbit,leopard,-9.62508773803711,-8.7738037109375e-05
rabbit,lion,-9.687582015991211,-8.20159912109375e-05
rabbit,panther,-9.625089645385742,-8.96453857421875e-05
rabbit,tiger,-9.687582015991211,-8.20159912109375e-05
rabbit,dog,-10.375045776367188,-4.57763671875e-05
rabbit,fox,-10.125055313110352,-5.53131103515625e-05
rabbit,hyena,-9.875072479248047,-7.2479248046875e-05
rabbit,wolf,-9.937566757202148,-6.67572021484375e-05
rabbit,raccoon,-9.687585830688477,-8.58306884765625e-05
rabbit,skunk,-9.750080108642578,-8.0108642578125e-05
rabbit,otter,-9.750078201293945,-7.82012939453125e-05
rabbit,beaver,-9.500097274780273,-9.72747802734375e-05
rabbit,chipmunk,-9.437601089477539,-0.0001010894775390625
rabbit,squirrel,-9.875070571899414,-7.05718994140625e-05
rabbit,gerbil,-9.625089645385742,-8.96453857421875e-05
rabbit,guinea_pig,-10.187559127807617,-5.91278076171875e-05
rabbit,hamster,-9.875068664550781,-6.866455078125e-05
rabbit,mouse,-9.375101089477539,-0.0001010894775390625
rabbit,porcupine,-9.625089645385742,-8.96453857421875e-05
rabbit,rat,-9.1876220703125,-0.0001220703125
rabbit,buffalo,-9.562593460083008,-9.34600830078125e-05
rabbit,cow,-9.875066757202148,-6.67572021484375e-05
rabbit,ox,-9.562591552734375,-9.1552734375e-05
rabbit,goat,-9.875070571899414,-7.05718994140625e-05
rabbit,sheep,-10.062559127807617,-5.91278076171875e-05
rabbit,deer,-8.687694549560547,-0.000194549560546875
rabbit,moose,-9.62508773803711,-8.7738037109375e-05
rabbit,giraffe,-9.500099182128906,-9.918212890625e-05
rabbit,camel,-9.500097274780273,-9.72747802734375e-05
rabbit,hippo,-9.37510871887207,-0.0001087188720703125
rabbit,llama,-9.375106811523438,-0.0001068115234375
rabbit,pig,-10.000062942504883,-6.29425048828125e-05
rabbit,donkey,-9.875072479248047,-7.2479248046875e-05
rabbit,horse,-9.875070571899414,-7.05718994140625e-05
rabbit,pony,-9.562589645385742,-8.96453857421875e-05
rabbit,zebra,-9.875072479248047,-7.2479248046875e-05
rabbit,rhino,-9.562593460083008,-9.34600830078125e-05
rabbit,gorilla,-9.625085830688477,-8.58306884765625e-05
rabbit,monkey,-10.125059127807617,-5.91278076171875e-05
rabbit,hedgehog,-9.937568664550781,-6.866455078125e-05
rabbit,rabbit,-0.0002155303955078125,-9.187715530395508
rabbit,seal,-9.62508773803711,-8.7738037109375e-05
rabbit,walrus,-9.562593460083008,-9.34600830078125e-05
rabbit,dolphin,-9.750078201293945,-7.82012939453125e-05
rabbit,whale,-9.750078201293945,-7.82012939453125e-05
rabbit,elephant,-9.750076293945312,-7.62939453125e-05
rabbit,kangaroo,-9.562591552734375,-9.1552734375e-05
rabbit,platypus,-9.687583923339844,-8.392333984375e-05
rabbit,crocodile,-9.750076293945312,-7.62939453125e-05
rabbit,alligator,-9.875072479248047,-7.2479248046875e-05
rabbit,lizard,-10.312549591064453,-4.9591064453125e-05
rabbit,iguana,-9.750076293945312,-7.62939453125e-05
rabbit,rattlesnake,-9.812576293945312,-7.62939453125e-05
rabbit,tortoise,-9.937568664550781,-6.866455078125e-05
rabbit,turtle,-9.937566757202148,-6.67572021484375e-05
rabbit,frog,-10.125059127807617,-5.91278076171875e-05
rabbit,toad,-9.937568664550781,-6.866455078125e-05
rabbit,budgie,-9.500097274780273,-9.72747802734375e-05
rabbit,parakeet,-9.93757438659668,-7.43865966796875e-05
rabbit,buzzard,-10.000066757202148,-6.67572021484375e-05
rabbit,falcon,-9.687583923339844,-8.392333984375e-05
rabbit,hawk,-9.937570571899414,-7.05718994140625e-05
rabbit,eagle,-9.875072479248047,-7.2479248046875e-05
rabbit,owl,-9.812572479248047,-7.2479248046875e-05
rabbit,canary,-9.687582015991211,-8.20159912109375e-05
rabbit,magpie,-9.750078201293945,-7.82012939453125e-05
rabbit,raven,-9.625093460083008,-9.34600830078125e-05
rabbit,nightingale,-9.250120162963867,-0.0001201629638671875
rabbit,robin,-9.625085830688477,-8.58306884765625e-05
rabbit,starling,-9.500101089477539,-0.0001010894775390625
rabbit,sparrow,-9.937568664550781,-6.866455078125e-05
rabbit,wren,-9.62508773803711,-8.7738037109375e-05
rabbit,chicken,-10.125055313110352,-5.53131103515625e-05
rabbit,cockerel,-9.625089645385742,-8.96453857421875e-05
rabbit,turkey,-9.562591552734375,-9.1552734375e-05
rabbit,dove,-9.750078201293945,-7.82012939453125e-05
rabbit,pigeon,-9.750078201293945,-7.82012939453125e-05
rabbit,partridge,-9.62508773803711,-8.7738037109375e-05
rabbit,peacock,-9.375112533569336,-0.0001125335693359375
rabbit,crane,-9.62508773803711,-8.7738037109375e-05
rabbit,flamingo,-9.50009536743164,-9.5367431640625e-05
rabbit,heron,-9.750082015991211,-8.20159912109375e-05
rabbit,duck,-10.125057220458984,-5.7220458984375e-05
rabbit,goose,-9.750078201293945,-7.82012939453125e-05
rabbit,pelican,-9.625089645385742,-8.96453857421875e-05
rabbit,penguin,-9.687582015991211,-8.20159912109375e-05
rabbit,seagull,-9.87507438659668,-7.43865966796875e-05
rabbit,swan,-9.62508773803711,-8.7738037109375e-05
rabbit,hummingbird,-9.62508773803711,-8.7738037109375e-05
rabbit,kingfisher,-9.437606811523438,-0.0001068115234375
rabbit,woodpecker,-9.50009536743164,-9.5367431640625e-05
rabbit,emu,-9.500101089477539,-0.0001010894775390625
rabbit,ostrich,-9.562591552734375,-9.1552734375e-05
rabbit,carp,-9.562593460083008,-9.34600830078125e-05
rabbit,goldfish,-9.62508773803711,-8.7738037109375e-05
rabbit,minnow,-9.625091552734375,-9.1552734375e-05
rabbit,cod,-9.187623977661133,-0.0001239776611328125
rabbit,herring,-9.562591552734375,-9.1552734375e-05
rabbit,sardine,-9.750078201293945,-7.82012939453125e-05
rabbit,salmon,-9.687580108642578,-8.0108642578125e-05
rabbit,trout,-9.687582015991211,-8.20159912109375e-05
rabbit,eel,-10.000064849853516,-6.4849853515625e-05
rabbit,flounder,-9.37510871887207,-0.0001087188720703125
rabbit,mackerel,-9.437602996826172,-0.000102996826171875
rabbit,tuna,-9.625085830688477,-8.58306884765625e-05
rabbit,seahorse,-9.562597274780273,-9.72747802734375e-05
rabbit,shark,-9.750078201293945,-7.82012939453125e-05
rabbit,bee,-9.875072479248047,-7.2479248046875e-05
rabbit,hornet,-9.68758773803711,-8.7738037109375e-05
rabbit,wasp,-9.812582015991211,-8.20159912109375e-05
rabbit,ant,-9.625089645385742,-8.96453857421875e-05
rabbit,beetle,-10.187555313110352,-5.53131103515625e-05
rabbit,ladybird,-9.375106811523438,-0.0001068115234375
rabbit,butterfly,-9.937568664550781,-6.866455078125e-05
rabbit,moth,-9.500099182128906,-9.918212890625e-05
rabbit,cockroach,-9.62508773803711,-8.7738037109375e-05
rabbit,cricket,-9.812576293945312,-7.62939453125e-05
rabbit,grasshopper,-9.937566757202148,-6.67572021484375e-05
rabbit,locust,-9.562593460083008,-9.34600830078125e-05
rabbit,dragonfly,-9.937570571899414,-7.05718994140625e-05
rabbit,flea,-9.500101089477539,-0.0001010894775390625
rabbit,housefly,-9.750080108642578,-8.0108642578125e-05
rabbit,mosquito,-9.625091552734375,-9.1552734375e-05
rabbit,stick_insect,-9.437601089477539,-0.0001010894775390625
rabbit,termite,-9.500099182128906,-9.918212890625e-05
rabbit,centipede,-9.87507438659668,-7.43865966796875e-05
rabbit,millipede,-9.500099182128906,-9.918212890625e-05
rabbit,scorpion,-9.937570571899414,-7.05718994140625e-05
rabbit,spider,-9.937570571899414,-7.05718994140625e-05
rabbit,tarantula,-9.625089645385742,-8.96453857421875e-05
rabbit,crab,-9.750082015991211,-8.20159912109375e-05
rabbit,crayfish,-9.500101089477539,-0.0001010894775390625
rabbit,lobster,-9.250118255615234,-0.000118255615234375
rabbit,prawn,-9.562589645385742,-8.96453857421875e-05
rabbit,shrimp,-9.562593460083008,-9.34600830078125e-05
rabbit,slug,-9.750078201293945,-7.82012939453125e-05
rabbit,snail,-9.750078201293945,-7.82012939453125e-05
rabbit,clam,-9.375110626220703,-0.000110626220703125
rabbit,mussel,-9.56259536743164,-9.5367431640625e-05
rabbit,scallop,-9.375110626220703,-0.000110626220703125
rabbit,oyster,-9.250120162963867,-0.0001201629638671875
rabbit,squid,-9.81257438659668,-7.43865966796875e-05
rabbit,octopus,-9.750078201293945,-7.82012939453125e-05
rabbit,worm,-10.000062942504883,-6.29425048828125e-05
rabbit,jellyfish,-9.750082015991211,-8.20159912109375e-05
seal,animal,-5.91278076171875e-05,-11.500059127807617
seal,vertebrate,-5.340576171875e-05,-11.187553405761719
seal,invertebrate,-9.750085830688477,-8.58306884765625e-05
seal,mammal,-3.62396240234375e-05,-11.875036239624023
seal,bird,-9.750080108642578,-8.0108642578125e-05
seal,reptile,-9.56259536743164,-9.5367431640625e-05
seal,amphibian,-10.062562942504883,-6.29425048828125e-05
seal,fish,-9.875068664550781,-6.866455078125e-05
seal,arthropod,-10.000076293945312,-7.62939453125e-05
seal,insect,-9.812585830688477,-8.58306884765625e-05
seal,bird of prey,-9.812583923339844,-8.392333984375e-05
seal,aquatic bird,-9.625091552734375,-9.1552734375e-05
seal,canine,-9.62508773803711,-8.7738037109375e-05
seal,feline,-9.62508773803711,-8.7738037109375e-05
seal,primate,-9.937570571899414,-7.05718994140625e-05
seal,aquatic mammal,-5.14984130859375e-05,-11.187551498413086
seal,rodent,-9.2501220703125,-0.0001220703125
seal,bat,-9.625089645385742,-8.96453857421875e-05
seal,bear,-6.688840866088867,-0.0013408660888671875
seal,cat,-9.312612533569336,-0.0001125335693359375
seal,cheetah,-9.750082015991211,-8.20159912109375e-05
seal,leopard,-8.875173568725586,-0.0001735687255859375
seal,lion,-9.312614440917969,-0.00011444091796875
seal,panther,-9.312616348266602,-0.0001163482666015625
seal,tiger,-9.437604904174805,-0.0001049041748046875
seal,dog,-9.375110626220703,-0.000110626220703125
seal,fox,-9.437604904174805,-0.0001049041748046875
seal,hyena,-9.500101089477539,-0.0001010894775390625
seal,wolf,-9.625089645385742,-8.96453857421875e-05
seal,raccoon,-9.125137329101562,-0.0001373291015625
seal,skunk,-9.2501220703125,-0.0001220703125
seal,otter,-8.437755584716797,-0.000255584716796875
seal,beaver,-9.375106811523438,-0.0001068115234375
seal,chipmunk,-9.312618255615234,-0.000118255615234375
seal,squirrel,-9.250123977661133,-0.0001239776611328125
seal,gerbil,-9.187629699707031,-0.00012969970703125
seal,guinea_pig,-9.437604904174805,-0.0001049041748046875
seal,hamster,-9.437599182128906,-9.918212890625e-05
seal,mouse,-9.312614440917969,-0.00011444091796875
seal,porcupine,-9.062650680541992,-0.0001506805419921875
seal,rat,-9.125137329101562,-0.0001373291015625
seal,buffalo,-9.187633514404297,-0.000133514404296875
seal,cow,-9.312614440917969,-0.00011444091796875
seal,ox,-8.812681198120117,-0.0001811981201171875
seal,goat,-9.437604904174805,-0.0001049041748046875
seal,sheep,-9.312616348266602,-0.0001163482666015625
seal,deer,-9.62508773803711,-8.7738037109375e-05
seal,moose,-9.500099182128906,-9.918212890625e-05
seal,giraffe,-9.375110626220703,-0.000110626220703125
seal,camel,-8.937662124633789,-0.0001621246337890625
seal,hippo,-9.187629699707031,-0.00012969970703125
seal,llama,-9.187627792358398,-0.0001277923583984375
seal,pig,-8.937662124633789,-0.0001621246337890625
seal,donkey,-9.250127792358398,-0.0001277923583984375
seal,horse,-9.56259536743164,-9.5367431640625e-05
seal,pony,-9.000154495239258,-0.0001544952392578125
seal,zebra,-9.562593460083008,-9.34600830078125e-05
seal,rhino,-9.500099182128906,-9.918212890625e-05
seal,gorilla,-9.312614440917969,-0.00011444091796875
seal,monkey,-9.687585830688477,-8.58306884765625e-05
seal,hedgehog,-9.250123977661133,-0.0001239776611328125
seal,rabbit,-9.62508773803711,-8.7738037109375e-05
seal,seal,-0.001224517822265625,-7.251224517822266
seal,walrus,-9.187633514404297,-0.000133514404296875
seal,dolphin,-7.750495910644531,-0.00049591064453125
seal,whale,-0.22806549072265625,-1.6030654907226562
seal,elephant,-9.500097274780273,-9.72747802734375e-05
seal,kangaroo,-9.562593460083008,-9.34600830078125e-05
seal,platypus,-9.437606811523438,-0.0001068115234375
seal,crocodile,-9.625091552734375,-9.1552734375e-05
seal,alligator,-9.687585830688477,-8.58306884765625e-05
seal,lizard,-9.687585830688477,-8.58306884765625e-05
seal,iguana,-9.500101089477539,-0.0001010894775390625
seal,rattlesnake,-9.500104904174805,-0.0001049041748046875
seal,tortoise,-9.187631607055664,-0.0001316070556640625
seal,turtle,-9.56259536743164,-9.5367431640625e-05
seal,frog,-9.750080108642578,-8.0108642578125e-05
seal,toad,-9.312620162963867,-0.0001201629638671875
seal,budgie,-8.87516975402832,-0.0001697540283203125
seal,parakeet,-9.562601089477539,-0.0001010894775390625
seal,buzzard,-9.562601089477539,-0.0001010894775390625
seal,falcon,-9.562597274780273,-9.72747802734375e-05
seal,hawk,-9.625093460083008,-9.34600830078125e-05
seal,eagle,-9.625091552734375,-9.1552734375e-05
seal,owl,-9.500099182128906,-9.918212890625e-05
seal,canary,-9.12513542175293,-0.0001354217529296875
seal,magpie,-9.187633514404297,-0.000133514404296875
seal,raven,-9.187633514404297,-0.000133514404296875
seal,nightingale,-9.000154495239258,-0.0001544952392578125
seal,robin,-9.187629699707031,-0.00012969970703125
seal,starling,-9.000158309936523,-0.0001583099365234375
seal,sparrow,-9.312618255615234,-0.000118255615234375
seal,wren,-8.812686920166016,-0.000186920166015625
seal,chicken,-9.500101089477539,-0.0001010894775390625
seal,cockerel,-8.812685012817383,-0.0001850128173828125
seal,turkey,-9.187629699707031,-0.00012969970703125
seal,dove,-9.187631607055664,-0.0001316070556640625
seal,pigeon,-9.37510871887207,-0.0001087188720703125
seal,partridge,-9.187631607055664,-0.0001316070556640625
seal,peacock,-9.187633514404297,-0.000133514404296875
seal,crane,-9.250120162963867,-0.0001201629638671875
seal,flamingo,-9.375106811523438,-0.0001068115234375
seal,heron,-9.625093460083008,-9.34600830078125e-05
seal,duck,-9.625089645385742,-8.96453857421875e-05
seal,goose,-9.437602996826172,-0.000102996826171875
seal,pelican,-9.312614440917969,-0.00011444091796875
seal,penguin,-9.62508773803711,-8.7738037109375e-05
seal,seagull,-9.687583923339844,-8.392333984375e-05
seal,swan,-9.62508773803711,-8.7738037109375e-05
seal,hummingbird,-9.187629699707031,-0.00012969970703125
seal,kingfisher,-9.250123977661133,-0.0001239776611328125
seal,woodpecker,-9.187629699707031,-0.00012969970703125
seal,emu,-9.18763542175293,-0.0001354217529296875
seal,ostrich,-9.312618255615234,-0.000118255615234375
seal,carp,-9.312616348266602,-0.0001163482666015625
seal,goldfish,-9.250120162963867,-0.0001201629638671875
seal,minnow,-9.375112533569336,-0.0001125335693359375
seal,cod,-8.750185012817383,-0.0001850128173828125
seal,herring,-9.187631607055664,-0.0001316070556640625
seal,sardine,-9.2501220703125,-0.0001220703125
seal,salmon,-9.312612533569336,-0.0001125335693359375
seal,trout,-9.375106811523438,-0.0001068115234375
seal,eel,-9.500099182128906,-9.918212890625e-05
seal,flounder,-9.000150680541992,-0.0001506805419921875
seal,mackerel,-8.62521743774414,-0.000217437744140625
seal,tuna,-9.375104904174805,-0.0001049041748046875
seal,seahorse,-9.437602996826172,-0.000102996826171875
seal,shark,-10.062564849853516,-6.4849853515625e-05
seal,bee,-9.500101089477539,-0.0001010894775390625
seal,hornet,-9.3126220703125,-0.0001220703125
seal,wasp,-9.500106811523438,-0.0001068115234375
seal,ant,-9.187633514404297,-0.000133514404296875
seal,beetle,-9.187631607055664,-0.0001316070556640625
seal,ladybird,-8.062862396240234,-0.000362396240234375
seal,butterfly,-9.500102996826172,-0.000102996826171875
seal,moth,-8.562736511230469,-0.00023651123046875
seal,cockroach,-9.187637329101562,-0.0001373291015625
seal,cricket,-9.125141143798828,-0.000141143798828125
seal,grasshopper,-9.625089645385742,-8.96453857421875e-05
seal,locust,-9.312620162963867,-0.0001201629638671875
seal,dragonfly,-9.500101089477539,-0.0001010894775390625
seal,flea,-9.187631607055664,-0.0001316070556640625
seal,housefly,-9.250125885009766,-0.000125885009765625
seal,mosquito,-9.06264877319336,-0.000148773193359375
seal,stick_insect,-8.875171661376953,-0.000171661376953125
seal,termite,-9.125139236450195,-0.0001392364501953125
seal,centipede,-9.500104904174805,-0.0001049041748046875
seal,millipede,-9.125141143798828,-0.000141143798828125
seal,scorpion,-9.3126220703125,-0.0001220703125
seal,spider,-9.500106811523438,-0.0001068115234375
seal,tarantula,-9.250129699707031,-0.00012969970703125
seal,crab,-9.56259536743164,-9.5367431640625e-05
seal,crayfish,-9.250127792358398,-0.0001277923583984375
seal,lobster,-9.312616348266602,-0.0001163482666015625
seal,prawn,-9.12513542175293,-0.0001354217529296875
seal,shrimp,-9.2501220703125,-0.0001220703125
seal,slug,-8.937664031982422,-0.000164031982421875
seal,snail,-9.000154495239258,-0.0001544952392578125
seal,clam,-8.875173568725586,-0.0001735687255859375
seal,mussel,-9.000154495239258,-0.0001544952392578125
seal,scallop,-8.62521743774414,-0.000217437744140625
seal,oyster,-8.625213623046875,-0.000213623046875
seal,squid,-9.562593460083008,-9.34600830078125e-05
seal,octopus,-9.500101089477539,-0.0001010894775390625
seal,worm,-9.375112533569336,-0.0001125335693359375
seal,jellyfish,-9.750082015991211,-8.20159912109375e-05
walrus,animal,-6.67572021484375e-05,-11.375066757202148
walrus,vertebrate,-5.53131103515625e-05,-11.125055313110352
walrus,invertebrate,-9.750083923339844,-8.392333984375e-05
walrus,mammal,-3.62396240234375e-05,-11.812536239624023
walrus,bird,-9.50009536743164,-9.5367431640625e-05
walrus,reptile,-9.37510871887207,-0.0001087188720703125
walrus,amphibian,-10.000066757202148,-6.67572021484375e-05
walrus,fish,-10.00006103515625,-6.103515625e-05
walrus,arthropod,-10.125064849853516,-6.4849853515625e-05
walrus,insect,-10.000070571899414,-7.05718994140625e-05
walrus,bird of prey,-9.750085830688477,-8.58306884765625e-05
walrus,aquatic bird,-9.312612533569336,-0.0001125335693359375
walrus,canine,-7.250761032104492,-0.0007610321044921875
walrus,feline,-9.687578201293945,-7.82012939453125e-05
walrus,primate,-9.875072479248047,-7.2479248046875e-05
walrus,aquatic mammal,-0.000102996826171875,-9.875102996826172
walrus,rodent,-6.938529968261719,-0.00102996826171875
walrus,bat,-9.562597274780273,-9.72747802734375e-05
walrus,bear,-6.376791000366211,-0.0017910003662109375
walrus,cat,-9.437601089477539,-0.0001010894775390625
walrus,cheetah,-10.000068664550781,-6.866455078125e-05
walrus,leopard,-9.312620162963867,-0.0001201629638671875
walrus,lion,-9.375112533569336,-0.0001125335693359375
walrus,panther,-9.625091552734375,-9.1552734375e-05
walrus,tiger,-9.687585830688477,-8.58306884765625e-05
walrus,dog,-7.563068389892578,-0.000568389892578125
walrus,fox,-9.625085830688477,-8.58306884765625e-05
walrus,hyena,-9.562599182128906,-9.918212890625e-05
walrus,wolf,-9.500097274780273,-9.72747802734375e-05
walrus,raccoon,-9.250123977661133,-0.0001239776611328125
walrus,skunk,-9.250123977661133,-0.0001239776611328125
walrus,otter,-8.875162124633789,-0.0001621246337890625
walrus,beaver,-9.437599182128906,-9.918212890625e-05
walrus,chipmunk,-9.375110626220703,-0.000110626220703125
walrus,squirrel,-9.375106811523438,-0.0001068115234375
walrus,gerbil,-9.2501220703125,-0.0001220703125
walrus,guinea_pig,-9.375110626220703,-0.000110626220703125
walrus,hamster,-9.312610626220703,-0.000110626220703125
walrus,mouse,-9.250116348266602,-0.0001163482666015625
walrus,porcupine,-9.12513542175293,-0.0001354217529296875
walrus,rat,-9.000150680541992,-0.0001506805419921875
walrus,buffalo,-9.125137329101562,-0.0001373291015625
walrus,cow,-8.062850952148438,-0.0003509521484375
walrus,ox,-7.688009262084961,-0.0005092620849609375
walrus,goat,-9.312614440917969,-0.00011444091796875
walrus,sheep,-9.500097274780273,-9.72747802734375e-05
walrus,deer,-9.437599182128906,-9.918212890625e-05
walrus,moose,-9.437601089477539,-0.0001010894775390625
walrus,giraffe,-9.43760871887207,-0.0001087188720703125
walrus,camel,-8.812677383422852,-0.0001773834228515625
walrus,hippo,-9.00015640258789,-0.000156402587890625
walrus,llama,-9.437602996826172,-0.000102996826171875
walrus,pig,-6.6888275146484375,-0.0013275146484375
walrus,donkey,-9.437606811523438,-0.0001068115234375
walrus,horse,-9.312614440917969,-0.00011444091796875
walrus,pony,-9.2501220703125,-0.0001220703125
walrus,zebra,-9.68758773803711,-8.7738037109375e-05
walrus,rhino,-9.500099182128906,-9.918212890625e-05
walrus,gorilla,-9.562591552734375,-9.1552734375e-05
walrus,monkey,-9.750080108642578,-8.0108642578125e-05
walrus,hedgehog,-9.437601089477539,-0.0001010894775390625
walrus,rabbit,-9.562593460083008,-9.34600830078125e-05
walrus,seal,-0.5802955627441406,-0.8302955627441406
walrus,walrus,-0.0004978179931640625,-8.125497817993164
walrus,dolphin,-9.250116348266602,-0.0001163482666015625
walrus,whale,-0.6351108551025391,-0.7601108551025391
walrus,elephant,-8.312776565551758,-0.0002765655517578125
walrus,kangaroo,-9.750082015991211,-8.20159912109375e-05
walrus,platypus,-9.500101089477539,-0.0001010894775390625
walrus,crocodile,-9.687585830688477,-8.58306884765625e-05
walrus,alligator,-9.812578201293945,-7.82012939453125e-05
walrus,lizard,-9.750076293945312,-7.62939453125e-05
walrus,iguana,-9.687583923339844,-8.392333984375e-05
walrus,rattlesnake,-9.750085830688477,-8.58306884765625e-05
walrus,tortoise,-9.687583923339844,-8.392333984375e-05
walrus,turtle,-9.750078201293945,-7.82012939453125e-05
walrus,frog,-9.875072479248047,-7.2479248046875e-05
walrus,toad,-9.500101089477539,-0.0001010894775390625
walrus,budgie,-9.250125885009766,-0.000125885009765625
walrus,parakeet,-9.625093460083008,-9.34600830078125e-05
walrus,buzzard,-9.500106811523438,-0.0001068115234375
walrus,falcon,-9.625091552734375,-9.1552734375e-05
walrus,hawk,-9.687589645385742,-8.96453857421875e-05
walrus,eagle,-9.687585830688477,-8.58306884765625e-05
walrus,owl,-9.62508773803711,-8.7738037109375e-05
walrus,canary,-9.37510871887207,-0.0001087188720703125
walrus,magpie,-9.312618255615234,-0.000118255615234375
walrus,raven,-9.312618255615234,-0.000118255615234375
walrus,nightingale,-9.187631607055664,-0.0001316070556640625
walrus,robin,-9.312614440917969,-0.00011444091796875
walrus,starling,-9.187633514404297,-0.000133514404296875
walrus,sparrow,-9.437604904174805,-0.0001049041748046875
walrus,wren,-9.12513542175293,-0.0001354217529296875
walrus,chicken,-9.437602996826172,-0.000102996826171875
walrus,cockerel,-9.187631607055664,-0.0001316070556640625
walrus,turkey,-9.250123977661133,-0.0001239776611328125
walrus,dove,-9.500097274780273,-9.72747802734375e-05
walrus,pigeon,-9.437602996826172,-0.000102996826171875
walrus,partridge,-9.312620162963867,-0.0001201629638671875
walrus,peacock,-9.437606811523438,-0.0001068115234375
walrus,crane,-9.375110626220703,-0.000110626220703125
walrus,flamingo,-9.500097274780273,-9.72747802734375e-05
walrus,heron,-9.750082015991211,-8.20159912109375e-05
walrus,duck,-9.562591552734375,-9.1552734375e-05
walrus,goose,-9.312612533569336,-0.0001125335693359375
walrus,pelican,-9.437602996826172,-0.000102996826171875
walrus,penguin,-9.875070571899414,-7.05718994140625e-05
walrus,seagull,-9.750076293945312,-7.62939453125e-05
walrus,swan,-9.750078201293945,-7.82012939453125e-05
walrus,hummingbird,-9.625089645385742,-8.96453857421875e-05
walrus,kingfisher,-9.312620162963867,-0.0001201629638671875
walrus,woodpecker,-9.37510871887207,-0.0001087188720703125
walrus,emu,-9.56259536743164,-9.5367431640625e-05
walrus,ostrich,-9.625089645385742,-8.96453857421875e-05
walrus,carp,-9.500099182128906,-9.918212890625e-05
walrus,goldfish,-9.500097274780273,-9.72747802734375e-05
walrus,minnow,-9.56259536743164,-9.5367431640625e-05
walrus,cod,-9.062637329101562,-0.0001373291015625
walrus,herring,-9.312618255615234,-0.000118255615234375
walrus,sardine,-9.750076293945312,-7.62939453125e-05
walrus,salmon,-9.687582015991211,-8.20159912109375e-05
walrus,trout,-9.50009536743164,-9.5367431640625e-05
walrus,eel,-9.750078201293945,-7.82012939453125e-05
walrus,flounder,-9.375106811523438,-0.0001068115234375
walrus,mackerel,-9.37510871887207,-0.0001087188720703125
walrus,tuna,-9.62508773803711,-8.7738037109375e-05
walrus,seahorse,-9.750080108642578,-8.0108642578125e-05
walrus,shark,-10.062562942504883,-6.29425048828125e-05
walrus,bee,-9.750080108642578,-8.0108642578125e-05
walrus,hornet,-9.562601089477539,-0.0001010894775390625
walrus,wasp,-9.625097274780273,-9.72747802734375e-05
walrus,ant,-9.312620162963867,-0.0001201629638671875
walrus,beetle,-9.62508773803711,-8.7738037109375e-05
walrus,ladybird,-9.125141143798828,-0.000141143798828125
walrus,butterfly,-9.625093460083008,-9.34600830078125e-05
walrus,moth,-9.3126220703125,-0.0001220703125
walrus,cockroach,-9.562597274780273,-9.72747802734375e-05
walrus,cricket,-9.500101089477539,-0.0001010894775390625
walrus,grasshopper,-9.875072479248047,-7.2479248046875e-05
walrus,locust,-9.625093460083008,-9.34600830078125e-05
walrus,dragonfly,-9.625091552734375,-9.1552734375e-05
walrus,flea,-9.312618255615234,-0.000118255615234375
walrus,housefly,-9.437604904174805,-0.0001049041748046875
walrus,mosquito,-9.625093460083008,-9.34600830078125e-05
walrus,stick_insect,-9.312620162963867,-0.0001201629638671875
walrus,termite,-9.437604904174805,-0.0001049041748046875
walrus,centipede,-9.750085830688477,-8.58306884765625e-05
walrus,millipede,-9.437610626220703,-0.000110626220703125
walrus,scorpion,-9.62509536743164,-9.5367431640625e-05
walrus,spider,-9.62509536743164,-9.5367431640625e-05
walrus,tarantula,-9.500104904174805,-0.0001049041748046875
walrus,crab,-9.625089645385742,-8.96453857421875e-05
walrus,crayfish,-9.375112533569336,-0.0001125335693359375
walrus,lobster,-9.437602996826172,-0.000102996826171875
walrus,prawn,-9.437602996826172,-0.000102996826171875
walrus,shrimp,-9.500097274780273,-9.72747802734375e-05
walrus,slug,-9.312614440917969,-0.00011444091796875
walrus,snail,-9.50009536743164,-9.5367431640625e-05
walrus,clam,-9.062643051147461,-0.0001430511474609375
walrus,mussel,-9.125139236450195,-0.0001392364501953125
walrus,scallop,-9.375110626220703,-0.000110626220703125
walrus,oyster,-8.875171661376953,-0.000171661376953125
walrus,squid,-9.750078201293945,-7.82012939453125e-05
walrus,octopus,-9.687585830688477,-8.58306884765625e-05
walrus,worm,-9.687583923339844,-8.392333984375e-05
walrus,jellyfish,-10.000066757202148,-6.67572021484375e-05
dolphin,animal,-4.38690185546875e-05,-12.062543869018555
dolphin,vertebrate,-3.814697265625e-05,-11.750038146972656
dolphin,invertebrate,-10.062562942504883,-6.29425048828125e-05
dolphin,mammal,-2.288818359375e-05,-12.625022888183594
dolphin,bird,-10.06256103515625,-6.103515625e-05
dolphin,reptile,-10.125057220458984,-5.7220458984375e-05
dolphin,amphibian,-10.187557220458984,-5.7220458984375e-05
dolphin,fish,-10.125053405761719,-5.340576171875e-05
dolphin,arthropod,-10.312559127807617,-5.91278076171875e-05
dolphin,insect,-10.312553405761719,-5.340576171875e-05
dolphin,bird of prey,-10.000070571899414,-7.05718994140625e-05
dolphin,aquatic bird,-10.125059127807617,-5.91278076171875e-05
dolphin,canine,-10.000064849853516,-6.4849853515625e-05
dolphin,feline,-10.06256103515625,-6.103515625e-05
dolphin,primate,-10.187555313110352,-5.53131103515625e-05
dolphin,aquatic mammal,-3.0517578125e-05,-12.125030517578125
dolphin,rodent,-9.250120162963867,-0.0001201629638671875
dolphin,bat,-9.687583923339844,-8.392333984375e-05
dolphin,bear,-9.750080108642578,-8.0108642578125e-05
dolphin,cat,-9.625089645385742,-8.96453857421875e-05
dolphin,cheetah,-10.12506103515625,-6.103515625e-05
dolphin,leopard,-9.250131607055664,-0.0001316070556640625
dolphin,lion,-9.750082015991211,-8.20159912109375e-05
dolphin,panther,-9.812580108642578,-8.0108642578125e-05
dolphin,tiger,-9.625091552734375,-9.1552734375e-05
dolphin,dog,-9.62508773803711,-8.7738037109375e-05
dolphin,fox,-10.000064849853516,-6.4849853515625e-05
dolphin,hyena,-9.750083923339844,-8.392333984375e-05
dolphin,wolf,-9.750082015991211,-8.20159912109375e-05
dolphin,raccoon,-9.312620162963867,-0.0001201629638671875
dolphin,skunk,-9.312620162963867,-0.0001201629638671875
dolphin,otter,-9.312614440917969,-0.00011444091796875
dolphin,beaver,-9.687582015991211,-8.20159912109375e-05
dolphin,chipmunk,-9.750080108642578,-8.0108642578125e-05
dolphin,squirrel,-9.56259536743164,-9.5367431640625e-05
dolphin,gerbil,-9.437602996826172,-0.000102996826171875
dolphin,guinea_pig,-9.500099182128906,-9.918212890625e-05
dolphin,hamster,-9.750078201293945,-7.82012939453125e-05
dolphin,mouse,-9.437599182128906,-9.918212890625e-05
dolphin,porcupine,-9.56259536743164,-9.5367431640625e-05
dolphin,rat,-9.062643051147461,-0.0001430511474609375
dolphin,buffalo,-9.687585830688477,-8.58306884765625e-05
dolphin,cow,-9.437601089477539,-0.0001010894775390625
dolphin,ox,-9.562593460083008,-9.34600830078125e-05
dolphin,goat,-9.750080108642578,-8.0108642578125e-05
dolphin,sheep,-9.750080108642578,-8.0108642578125e-05
dolphin,deer,-9.750080108642578,-8.0108642578125e-05
dolphin,moose,-9.750080108642578,-8.0108642578125e-05
dolphin,giraffe,-9.750082015991211,-8.20159912109375e-05
dolphin,camel,-9.437604904174805,-0.0001049041748046875
dolphin,hippo,-9.312616348266602,-0.0001163482666015625
dolphin,llama,-9.687583923339844,-8.392333984375e-05
dolphin,pig,-8.812679290771484,-0.000179290771484375
dolphin,donkey,-9.625091552734375,-9.1552734375e-05
dolphin,horse,-9.750078201293945,-7.82012939453125e-05
dolphin,pony,-9.562593460083008,-9.34600830078125e-05
dolphin,zebra,-9.625093460083008,-9.34600830078125e-05
dolphin,rhino,-9.750080108642578,-8.0108642578125e-05
dolphin,gorilla,-9.687585830688477,-8.58306884765625e-05
dolphin,monkey,-10.000066757202148,-6.67572021484375e-05
dolphin,hedgehog,-9.562597274780273,-9.72747802734375e-05
dolphin,rabbit,-9.750080108642578,-8.0108642578125e-05
dolphin,seal,-9.625085830688477,-8.58306884765625e-05
dolphin,walrus,-9.687582015991211,-8.20159912109375e-05
dolphin,dolphin,-0.0007076263427734375,-7.875707626342773
dolphin,whale,-0.000133514404296875,-10.000133514404297
dolphin,elephant,-9.437604904174805,-0.0001049041748046875
dolphin,kangaroo,-9.750078201293945,-7.82012939453125e-05
dolphin,platypus,-9.750080108642578,-8.0108642578125e-05
dolphin,crocodile,-10.000064849853516,-6.4849853515625e-05
dolphin,alligator,-10.062562942504883,-6.29425048828125e-05
dolphin,lizard,-10.125057220458984,-5.7220458984375e-05
dolphin,iguana,-9.875072479248047,-7.2479248046875e-05
dolphin,rattlesnake,-9.687589645385742,-8.96453857421875e-05
dolphin,tortoise,-10.000062942504883,-6.29425048828125e-05
dolphin,turtle,-9.937568664550781,-6.866455078125e-05
dolphin,frog,-10.187555313110352,-5.53131103515625e-05
dolphin,toad,-9.687585830688477,-8.58306884765625e-05
dolphin,budgie,-9.562591552734375,-9.1552734375e-05
dolphin,parakeet,-9.87507438659668,-7.43865966796875e-05
dolphin,buzzard,-9.87507438659668,-7.43865966796875e-05
dolphin,falcon,-9.875072479248047,-7.2479248046875e-05
dolphin,hawk,-9.937572479248047,-7.2479248046875e-05
dolphin,eagle,-9.937572479248047,-7.2479248046875e-05
dolphin,owl,-9.875070571899414,-7.05718994140625e-05
dolphin,canary,-9.437601089477539,-0.0001010894775390625
dolphin,magpie,-9.625089645385742,-8.96453857421875e-05
dolphin,raven,-9.625089645385742,-8.96453857421875e-05
dolphin,nightingale,-9.37510871887207,-0.0001087188720703125
dolphin,robin,-9.375110626220703,-0.000110626220703125
dolphin,starling,-9.43760871887207,-0.0001087188720703125
dolphin,sparrow,-9.687585830688477,-8.58306884765625e-05
dolphin,wren,-9.437602996826172,-0.000102996826171875
dolphin,chicken,-9.875072479248047,-7.2479248046875e-05
dolphin,cockerel,-9.562593460083008,-9.34600830078125e-05
dolphin,turkey,-9.437602996826172,-0.000102996826171875
dolphin,dove,-9.687583923339844,-8.392333984375e-05
dolphin,pigeon,-9.62508773803711,-8.7738037109375e-05
dolphin,partridge,-9.625089645385742,-8.96453857421875e-05
dolphin,peacock,-9.625089645385742,-8.96453857421875e-05
dolphin,crane,-9.500099182128906,-9.918212890625e-05
dolphin,flamingo,-9.625085830688477,-8.58306884765625e-05
dolphin,heron,-9.875072479248047,-7.2479248046875e-05
dolphin,duck,-10.06256103515625,-6.103515625e-05
dolphin,goose,-9.750078201293945,-7.82012939453125e-05
dolphin,pelican,-9.81257438659668,-7.43865966796875e-05
dolphin,penguin,-9.875070571899414,-7.05718994140625e-05
dolphin,seagull,-10.06256103515625,-6.103515625e-05
dolphin,swan,-10.06256103515625,-6.103515625e-05
dolphin,hummingbird,-9.62508773803711,-8.7738037109375e-05
dolphin,kingfisher,-9.500101089477539,-0.0001010894775390625
dolphin,woodpecker,-9.500099182128906,-9.918212890625e-05
dolphin,emu,-9.625091552734375,-9.1552734375e-05
dolphin,ostrich,-9.687583923339844,-8.392333984375e-05
dolphin,carp,-9.625085830688477,-8.58306884765625e-05
dolphin,goldfish,-9.62508773803711,-8.7738037109375e-05
dolphin,minnow,-9.250118255615234,-0.000118255615234375
dolphin,cod,-9.500091552734375,-9.1552734375e-05
dolphin,herring,-9.375106811523438,-0.0001068115234375
dolphin,sardine,-9.562589645385742,-8.96453857421875e-05
dolphin,salmon,-9.750076293945312,-7.62939453125e-05
dolphin,trout,-9.625085830688477,-8.58306884765625e-05
dolphin,eel,-9.875066757202148,-6.67572021484375e-05
dolphin,flounder,-9.687580108642578,-8.0108642578125e-05
dolphin,mackerel,-8.125335693359375,-0.000335693359375
dolphin,tuna,-9.500091552734375,-9.1552734375e-05
dolphin,seahorse,-9.750080108642578,-8.0108642578125e-05
dolphin,shark,-10.31254768371582,-4.76837158203125e-05
dolphin,bee,-10.062562942504883,-6.29425048828125e-05
dolphin,hornet,-9.750083923339844,-8.392333984375e-05
dolphin,wasp,-10.000068664550781,-6.866455078125e-05
dolphin,ant,-9.625091552734375,-9.1552734375e-05
dolphin,beetle,-10.062564849853516,-6.4849853515625e-05
dolphin,ladybird,-9.375110626220703,-0.000110626220703125
dolphin,butterfly,-10.000066757202148,-6.67572021484375e-05
dolphin,moth,-9.625093460083008,-9.34600830078125e-05
dolphin,cockroach,-9.562597274780273,-9.72747802734375e-05
dolphin,cricket,-9.687585830688477,-8.58306884765625e-05
dolphin,grasshopper,-10.06256103515625,-6.103515625e-05
dolphin,locust,-9.750083923339844,-8.392333984375e-05
dolphin,dragonfly,-9.87507438659668,-7.43865966796875e-05
dolphin,flea,-9.81257438659668,-7.43865966796875e-05
dolphin,housefly,-9.875072479248047,-7.2479248046875e-05
dolphin,mosquito,-9.68758773803711,-8.7738037109375e-05
dolphin,stick_insect,-9.687583923339844,-8.392333984375e-05
dolphin,termite,-9.687583923339844,-8.392333984375e-05
dolphin,centipede,-9.812580108642578,-8.0108642578125e-05
dolphin,millipede,-9.562601089477539,-0.0001010894775390625
dolphin,scorpion,-9.875080108642578,-8.0108642578125e-05
dolphin,spider,-9.875078201293945,-7.82012939453125e-05
dolphin,tarantula,-9.750083923339844,-8.392333984375e-05
dolphin,crab,-10.125059127807617,-5.91278076171875e-05
dolphin,crayfish,-9.750080108642578,-8.0108642578125e-05
dolphin,lobster,-9.750080108642578,-8.0108642578125e-05
dolphin,prawn,-9.437599182128906,-9.918212890625e-05
dolphin,shrimp,-9.687583923339844,-8.392333984375e-05
dolphin,slug,-9.375112533569336,-0.0001125335693359375
dolphin,snail,-9.750078201293945,-7.82012939453125e-05
dolphin,clam,-9.687583923339844,-8.392333984375e-05
dolphin,mussel,-9.687585830688477,-8.58306884765625e-05
dolphin,scallop,-9.500099182128906,-9.918212890625e-05
dolphin,oyster,-9.37510871887207,-0.0001087188720703125
dolphin,squid,-10.062559127807617,-5.91278076171875e-05
dolphin,octopus,-10.000064849853516,-6.4849853515625e-05
dolphin,worm,-10.000062942504883,-6.29425048828125e-05
dolphin,jellyfish,-10.187555313110352,-5.53131103515625e-05
whale,animal,-5.14984130859375e-05,-11.937551498413086
whale,vertebrate,-4.00543212890625e-05,-11.812540054321289
whale,invertebrate,-10.062562942504883,-6.29425048828125e-05
whale,mammal,-2.6702880859375e-05,-12.62502670288086
whale,bird,-10.000064849853516,-6.4849853515625e-05
whale,reptile,-10.187557220458984,-5.7220458984375e-05
whale,amphibian,-10.312551498413086,-5.14984130859375e-05
whale,fish,-10.437541961669922,-4.1961669921875e-05
whale,arthropod,-10.375055313110352,-5.53131103515625e-05
whale,insect,-10.312555313110352,-5.53131103515625e-05
whale,bird of prey,-10.000072479248047,-7.2479248046875e-05
whale,aquatic bird,-10.062562942504883,-6.29425048828125e-05
whale,canine,-10.000062942504883,-6.29425048828125e-05
whale,feline,-9.812572479248047,-7.2479248046875e-05
whale,primate,-10.06256103515625,-6.103515625e-05
whale,aquatic mammal,-3.4332275390625e-05,-12.00003433227539
whale,rodent,-9.625085830688477,-8.58306884765625e-05
whale,bat,-9.87507438659668,-7.43865966796875e-05
whale,bear,-9.750080108642578,-8.0108642578125e-05
whale,cat,-9.687582015991211,-8.20159912109375e-05
whale,cheetah,-10.000066757202148,-6.67572021484375e-05
whale,leopard,-9.750083923339844,-8.392333984375e-05
whale,lion,-9.87507438659668,-7.43865966796875e-05
whale,panther,-9.875076293945312,-7.62939453125e-05
whale,tiger,-10.000066757202148,-6.67572021484375e-05
whale,dog,-10.000062942504883,-6.29425048828125e-05
whale,fox,-9.937570571899414,-7.05718994140625e-05
whale,hyena,-9.812580108642578,-8.0108642578125e-05
whale,wolf,-9.68758773803711,-8.7738037109375e-05
whale,raccoon,-9.437604904174805,-0.0001049041748046875
whale,skunk,-9.312618255615234,-0.000118255615234375
whale,otter,-9.50009536743164,-9.5367431640625e-05
whale,beaver,-9.62508773803711,-8.7738037109375e-05
whale,chipmunk,-9.750078201293945,-7.82012939453125e-05
whale,squirrel,-9.562593460083008,-9.34600830078125e-05
whale,gerbil,-9.500097274780273,-9.72747802734375e-05
whale,guinea_pig,-9.562591552734375,-9.1552734375e-05
whale,hamster,-9.625085830688477,-8.58306884765625e-05
whale,mouse,-9.437597274780273,-9.72747802734375e-05
whale,porcupine,-9.500101089477539,-0.0001010894775390625
whale,rat,-9.250120162963867,-0.0001201629638671875
whale,buffalo,-9.750080108642578,-8.0108642578125e-05
whale,cow,-8.937660217285156,-0.00016021728515625
whale,ox,-9.37510871887207,-0.0001087188720703125
whale,goat,-9.56259536743164,-9.5367431640625e-05
whale,sheep,-9.500099182128906,-9.918212890625e-05
whale,deer,-9.812576293945312,-7.62939453125e-05
whale,moose,-9.750080108642578,-8.0108642578125e-05
whale,giraffe,-9.562597274780273,-9.72747802734375e-05
whale,camel,-9.312616348266602,-0.0001163482666015625
whale,hippo,-9.312616348266602,-0.0001163482666015625
whale,llama,-9.437602996826172,-0.000102996826171875
whale,pig,-9.000152587890625,-0.000152587890625
whale,donkey,-9.68758773803711,-8.7738037109375e-05
whale,horse,-9.875070571899414,-7.05718994140625e-05
whale,pony,-9.625089645385742,-8.96453857421875e-05
whale,zebra,-9.750083923339844,-8.392333984375e-05
whale,rhino,-9.750082015991211,-8.20159912109375e-05
whale,gorilla,-9.625089645385742,-8.96453857421875e-05
whale,monkey,-10.000066757202148,-6.67572021484375e-05
whale,hedgehog,-9.62508773803711,-8.7738037109375e-05
whale,rabbit,-9.750076293945312,-7.62939453125e-05
whale,seal,-9.687582015991211,-8.20159912109375e-05
whale,walrus,-9.56259536743164,-9.5367431640625e-05
whale,dolphin,-6.751306533813477,-0.0013065338134765625
whale,whale,-0.000675201416015625,-8.000675201416016
whale,elephant,-9.687583923339844,-8.392333984375e-05
whale,kangaroo,-9.750078201293945,-7.82012939453125e-05
whale,platypus,-9.687585830688477,-8.58306884765625e-05
whale,crocodile,-10.062562942504883,-6.29425048828125e-05
whale,alligator,-10.062562942504883,-6.29425048828125e-05
whale,lizard,-10.125057220458984,-5.7220458984375e-05
whale,iguana,-9.750080108642578,-8.0108642578125e-05
whale,rattlesnake,-9.750085830688477,-8.58306884765625e-05
whale,tortoise,-9.81257438659668,-7.43865966796875e-05
whale,turtle,-10.000064849853516,-6.4849853515625e-05
whale,frog,-10.125057220458984,-5.7220458984375e-05
whale,toad,-9.687585830688477,-8.58306884765625e-05
whale,budgie,-9.562593460083008,-9.34600830078125e-05
whale,parakeet,-9.687591552734375,-9.1552734375e-05
whale,buzzard,-10.000070571899414,-7.05718994140625e-05
whale,falcon,-9.812576293945312,-7.62939453125e-05
whale,hawk,-9.875076293945312,-7.62939453125e-05
whale,eagle,-9.937572479248047,-7.2479248046875e-05
whale,owl,-9.750080108642578,-8.0108642578125e-05
whale,canary,-9.312612533569336,-0.0001125335693359375
whale,magpie,-9.62508773803711,-8.7738037109375e-05
whale,raven,-9.56259536743164,-9.5367431640625e-05
whale,nightingale,-9.312612533569336,-0.0001125335693359375
whale,robin,-9.500097274780273,-9.72747802734375e-05
whale,starling,-9.375112533569336,-0.0001125335693359375
whale,sparrow,-9.625089645385742,-8.96453857421875e-05
whale,wren,-9.312616348266602,-0.0001163482666015625
whale,chicken,-9.750078201293945,-7.82012939453125e-05
whale,cockerel,-9.562597274780273,-9.72747802734375e-05
whale,turkey,-9.37510871887207,-0.0001087188720703125
whale,dove,-9.687582015991211,-8.20159912109375e-05
whale,pigeon,-9.687582015991211,-8.20159912109375e-05
whale,partridge,-9.500101089477539,-0.0001010894775390625
whale,peacock,-9.625091552734375,-9.1552734375e-05
whale,crane,-9.500099182128906,-9.918212890625e-05
whale,flamingo,-9.562591552734375,-9.1552734375e-05
whale,heron,-9.750083923339844,-8.392333984375e-05
whale,duck,-9.875070571899414,-7.05718994140625e-05
whale,goose,-9.750078201293945,-7.82012939453125e-05
whale,pelican,-9.687583923339844,-8.392333984375e-05
whale,penguin,-9.750078201293945,-7.82012939453125e-05
whale,seagull,-9.875070571899414,-7.05718994140625e-05
whale,swan,-9.750080108642578,-8.0108642578125e-05
whale,hummingbird,-9.625089645385742,-8.96453857421875e-05
whale,kingfisher,-9.500099182128906,-9.918212890625e-05
whale,woodpecker,-9.562593460083008,-9.34600830078125e-05
whale,emu,-9.625091552734375,-9.1552734375e-05
whale,ostrich,-9.56259536743164,-9.5367431640625e-05
whale,carp,-9.687582015991211,-8.20159912109375e-05
whale,goldfish,-9.625085830688477,-8.58306884765625e-05
whale,minnow,-9.62508773803711,-8.7738037109375e-05
whale,cod,-9.437599182128906,-9.918212890625e-05
whale,herring,-9.50009536743164,-9.5367431640625e-05
whale,sardine,-9.50009536743164,-9.5367431640625e-05
whale,salmon,-9.750076293945312,-7.62939453125e-05
whale,trout,-9.625085830688477,-8.58306884765625e-05
whale,eel,-10.000062942504883,-6.29425048828125e-05
whale,flounder,-9.750076293945312,-7.62939453125e-05
whale,mackerel,-9.000150680541992,-0.0001506805419921875
whale,tuna,-9.812572479248047,-7.2479248046875e-05
whale,seahorse,-9.750080108642578,-8.0108642578125e-05
whale,shark,-10.375049591064453,-4.9591064453125e-05
whale,bee,-10.062562942504883,-6.29425048828125e-05
whale,hornet,-9.687589645385742,-8.96453857421875e-05
whale,wasp,-9.750085830688477,-8.58306884765625e-05
whale,ant,-9.625091552734375,-9.1552734375e-05
whale,beetle,-10.12506103515625,-6.103515625e-05
whale,ladybird,-9.437602996826172,-0.000102996826171875
whale,butterfly,-9.875076293945312,-7.62939453125e-05
whale,moth,-9.625091552734375,-9.1552734375e-05
whale,cockroach,-9.500101089477539,-0.0001010894775390625
whale,cricket,-9.687583923339844,-8.392333984375e-05
whale,grasshopper,-10.06256103515625,-6.103515625e-05
whale,locust,-9.87507438659668,-7.43865966796875e-05
whale,dragonfly,-9.87507438659668,-7.43865966796875e-05
whale,flea,-9.81257438659668,-7.43865966796875e-05
whale,housefly,-9.750080108642578,-8.0108642578125e-05
whale,mosquito,-9.68758773803711,-8.7738037109375e-05
whale,stick_insect,-9.437606811523438,-0.0001068115234375
whale,termite,-9.750078201293945,-7.82012939453125e-05
whale,centipede,-10.000070571899414,-7.05718994140625e-05
whale,millipede,-9.750085830688477,-8.58306884765625e-05
whale,scorpion,-10.000068664550781,-6.866455078125e-05
whale,spider,-9.812578201293945,-7.82012939453125e-05
whale,tarantula,-9.625093460083008,-9.34600830078125e-05
whale,crab,-10.12506103515625,-6.103515625e-05
whale,crayfish,-9.687585830688477,-8.58306884765625e-05
whale,lobster,-9.750078201293945,-7.82012939453125e-05
whale,prawn,-9.750078201293945,-7.82012939453125e-05
whale,shrimp,-9.750080108642578,-8.0108642578125e-05
whale,slug,-9.187627792358398,-0.0001277923583984375
whale,snail,-9.500097274780273,-9.72747802734375e-05
whale,clam,-9.500099182128906,-9.918212890625e-05
whale,mussel,-9.562593460083008,-9.34600830078125e-05
whale,scallop,-9.625089645385742,-8.96453857421875e-05
whale,oyster,-9.437602996826172,-0.000102996826171875
whale,squid,-10.250053405761719,-5.340576171875e-05
whale,octopus,-9.875072479248047,-7.2479248046875e-05
whale,worm,-9.875072479248047,-7.2479248046875e-05
whale,jellyfish,-10.062562942504883,-6.29425048828125e-05
elephant,animal,-4.76837158203125e-05,-11.87504768371582
elephant,vertebrate,-4.38690185546875e-05,-11.500043869018555
elephant,invertebrate,-10.062562942504883,-6.29425048828125e-05
elephant,mammal,-3.0517578125e-05,-12.250030517578125
elephant,bird,-9.875068664550781,-6.866455078125e-05
elephant,reptile,-10.062559127807617,-5.91278076171875e-05
elephant,amphibian,-10.250053405761719,-5.340576171875e-05
elephant,fish,-10.125057220458984,-5.7220458984375e-05
elephant,arthropod,-10.187559127807617,-5.91278076171875e-05
elephant,insect,-10.062564849853516,-6.4849853515625e-05
elephant,bird of prey,-10.062566757202148,-6.67572021484375e-05
elephant,aquatic bird,-9.625091552734375,-9.1552734375e-05
elephant,canine,-9.875068664550781,-6.866455078125e-05
elephant,feline,-9.812570571899414,-7.05718994140625e-05
elephant,primate,-9.875070571899414,-7.05718994140625e-05
elephant,aquatic mammal,-7.875434875488281,-0.00043487548828125
elephant,rodent,-9.437597274780273,-9.72747802734375e-05
elephant,bat,-9.562593460083008,-9.34600830078125e-05
elephant,bear,-10.06256103515625,-6.103515625e-05
elephant,cat,-9.750076293945312,-7.62939453125e-05
elephant,cheetah,-10.000064849853516,-6.4849853515625e-05
elephant,leopard,-9.750080108642578,-8.0108642578125e-05
elephant,lion,-10.06256103515625,-6.103515625e-05
elephant,panther,-9.750082015991211,-8.20159912109375e-05
elephant,tiger,-10.06256103515625,-6.103515625e-05
elephant,dog,-10.062559127807617,-5.91278076171875e-05
elephant,fox,-9.750076293945312,-7.62939453125e-05
elephant,hyena,-9.750080108642578,-8.0108642578125e-05
elephant,wolf,-10.06256103515625,-6.103515625e-05
elephant,raccoon,-9.437602996826172,-0.000102996826171875
elephant,skunk,-9.37510871887207,-0.0001087188720703125
elephant,otter,-9.500097274780273,-9.72747802734375e-05
elephant,beaver,-9.625085830688477,-8.58306884765625e-05
elephant,chipmunk,-9.562589645385742,-8.96453857421875e-05
elephant,squirrel,-9.562589645385742,-8.96453857421875e-05
elephant,gerbil,-9.437601089477539,-0.0001010894775390625
elephant,guinea_pig,-9.50009536743164,-9.5367431640625e-05
elephant,hamster,-9.500093460083008,-9.34600830078125e-05
elephant,mouse,-9.437597274780273,-9.72747802734375e-05
elephant,porcupine,-9.437601089477539,-0.0001010894775390625
elephant,rat,-9.250118255615234,-0.000118255615234375
elephant,buffalo,-9.125133514404297,-0.000133514404296875
elephant,cow,-8.250289916992188,-0.0002899169921875
elephant,ox,-8.312774658203125,-0.000274658203125
elephant,goat,-9.750078201293945,-7.82012939453125e-05
elephant,sheep,-9.750078201293945,-7.82012939453125e-05
elephant,deer,-9.687578201293945,-7.82012939453125e-05
elephant,moose,-9.750078201293945,-7.82012939453125e-05
elephant,giraffe,-9.750078201293945,-7.82012939453125e-05
elephant,camel,-9.750078201293945,-7.82012939453125e-05
elephant,hippo,-9.687582015991211,-8.20159912109375e-05
elephant,llama,-9.562591552734375,-9.1552734375e-05
elephant,pig,-9.375104904174805,-0.0001049041748046875
elephant,donkey,-9.875072479248047,-7.2479248046875e-05
elephant,horse,-10.062559127807617,-5.91278076171875e-05
elephant,pony,-9.625085830688477,-8.58306884765625e-05
elephant,zebra,-9.875070571899414,-7.05718994140625e-05
elephant,rhino,-10.000066757202148,-6.67572021484375e-05
elephant,gorilla,-9.750076293945312,-7.62939453125e-05
elephant,monkey,-10.06256103515625,-6.103515625e-05
elephant,hedgehog,-9.562591552734375,-9.1552734375e-05
elephant,rabbit,-9.75007438659668,-7.43865966796875e-05
elephant,seal,-9.625085830688477,-8.58306884765625e-05
elephant,walrus,-9.500097274780273,-9.72747802734375e-05
elephant,dolphin,-9.562591552734375,-9.1552734375e-05
elephant,whale,-8.875164031982422,-0.000164031982421875
elephant,elephant,-0.0001926422119140625,-9.437692642211914
elephant,kangaroo,-9.750080108642578,-8.0108642578125e-05
elephant,platypus,-9.750080108642578,-8.0108642578125e-05
elephant,crocodile,-9.812576293945312,-7.62939453125e-05
elephant,alligator,-10.000066757202148,-6.67572021484375e-05
elephant,lizard,-10.000062942504883,-6.29425048828125e-05
elephant,iguana,-9.687583923339844,-8.392333984375e-05
elephant,rattlesnake,-9.875072479248047,-7.2479248046875e-05
elephant,tortoise,-9.687582015991211,-8.20159912109375e-05
elephant,turtle,-9.750078201293945,-7.82012939453125e-05
elephant,frog,-9.875070571899414,-7.05718994140625e-05
elephant,toad,-9.750078201293945,-7.82012939453125e-05
elephant,budgie,-9.437601089477539,-0.0001010894775390625
elephant,parakeet,-9.750082015991211,-8.20159912109375e-05
elephant,buzzard,-9.875076293945312,-7.62939453125e-05
elephant,falcon,-9.625089645385742,-8.96453857421875e-05
elephant,hawk,-9.812576293945312,-7.62939453125e-05
elephant,eagle,-9.875072479248047,-7.2479248046875e-05
elephant,owl,-9.687582015991211,-8.20159912109375e-05
elephant,canary,-9.437599182128906,-9.918212890625e-05
elephant,magpie,-9.50009536743164,-9.5367431640625e-05
elephant,raven,-9.500099182128906,-9.918212890625e-05
elephant,nightingale,-9.312614440917969,-0.00011444091796875
elephant,robin,-9.562589645385742,-8.96453857421875e-05
elephant,starling,-9.312614440917969,-0.00011444091796875
elephant,sparrow,-9.750078201293945,-7.82012939453125e-05
elephant,wren,-9.437601089477539,-0.0001010894775390625
elephant,chicken,-9.750076293945312,-7.62939453125e-05
elephant,cockerel,-9.62508773803711,-8.7738037109375e-05
elephant,turkey,-9.437601089477539,-0.0001010894775390625
elephant,dove,-9.562591552734375,-9.1552734375e-05
elephant,pigeon,-9.562589645385742,-8.96453857421875e-05
elephant,partridge,-9.687582015991211,-8.20159912109375e-05
elephant,peacock,-9.437604904174805,-0.0001049041748046875
elephant,crane,-9.562591552734375,-9.1552734375e-05
elephant,flamingo,-9.562589645385742,-8.96453857421875e-05
elephant,heron,-9.625089645385742,-8.96453857421875e-05
elephant,duck,-9.750078201293945,-7.82012939453125e-05
elephant,goose,-9.687582015991211,-8.20159912109375e-05
elephant,pelican,-9.437604904174805,-0.0001049041748046875
elephant,penguin,-9.625085830688477,-8.58306884765625e-05
elephant,seagull,-9.750080108642578,-8.0108642578125e-05
elephant,swan,-9.750080108642578,-8.0108642578125e-05
elephant,hummingbird,-9.625085830688477,-8.58306884765625e-05
elephant,kingfisher,-9.562593460083008,-9.34600830078125e-05
elephant,woodpecker,-9.312612533569336,-0.0001125335693359375
elephant,emu,-9.500099182128906,-9.918212890625e-05
elephant,ostrich,-9.750078201293945,-7.82012939453125e-05
elephant,carp,-9.437601089477539,-0.0001010894775390625
elephant,goldfish,-9.437599182128906,-9.918212890625e-05
elephant,minnow,-9.500097274780273,-9.72747802734375e-05
elephant,cod,-9.375101089477539,-0.0001010894775390625
elephant,herring,-9.50009536743164,-9.5367431640625e-05
elephant,sardine,-9.562589645385742,-8.96453857421875e-05
elephant,salmon,-9.562589645385742,-8.96453857421875e-05
elephant,trout,-9.562589645385742,-8.96453857421875e-05
elephant,eel,-9.750080108642578,-8.0108642578125e-05
elephant,flounder,-9.375106811523438,-0.0001068115234375
elephant,mackerel,-9.312614440917969,-0.00011444091796875
elephant,tuna,-9.500093460083008,-9.34600830078125e-05
elephant,seahorse,-9.500099182128906,-9.918212890625e-05
elephant,shark,-9.937566757202148,-6.67572021484375e-05
elephant,bee,-9.750078201293945,-7.82012939453125e-05
elephant,hornet,-9.687585830688477,-8.58306884765625e-05
elephant,wasp,-9.687585830688477,-8.58306884765625e-05
elephant,ant,-9.437601089477539,-0.0001010894775390625
elephant,beetle,-9.81257438659668,-7.43865966796875e-05
elephant,ladybird,-9.437601089477539,-0.0001010894775390625
elephant,butterfly,-9.750080108642578,-8.0108642578125e-05
elephant,moth,-9.375110626220703,-0.000110626220703125
elephant,cockroach,-9.37510871887207,-0.0001087188720703125
elephant,cricket,-9.375106811523438,-0.0001068115234375
elephant,grasshopper,-9.750078201293945,-7.82012939453125e-05
elephant,locust,-9.625089645385742,-8.96453857421875e-05
elephant,dragonfly,-9.687583923339844,-8.392333984375e-05
elephant,flea,-9.500097274780273,-9.72747802734375e-05
elephant,housefly,-9.562591552734375,-9.1552734375e-05
elephant,mosquito,-9.437602996826172,-0.000102996826171875
elephant,stick_insect,-9.437602996826172,-0.000102996826171875
elephant,termite,-9.375106811523438,-0.0001068115234375
elephant,centipede,-9.750082015991211,-8.20159912109375e-05
elephant,millipede,-9.500097274780273,-9.72747802734375e-05
elephant,scorpion,-9.750080108642578,-8.0108642578125e-05
elephant,spider,-9.750082015991211,-8.20159912109375e-05
elephant,tarantula,-9.56259536743164,-9.5367431640625e-05
elephant,crab,-9.625085830688477,-8.58306884765625e-05
elephant,crayfish,-9.562593460083008,-9.34600830078125e-05
elephant,lobster,-9.250118255615234,-0.000118255615234375
elephant,prawn,-9.250118255615234,-0.000118255615234375
elephant,shrimp,-9.250120162963867,-0.0001201629638671875
elephant,slug,-9.50009536743164,-9.5367431640625e-05
elephant,snail,-9.437601089477539,-0.0001010894775390625
elephant,clam,-9.250120162963867,-0.0001201629638671875
elephant,mussel,-9.312614440917969,-0.00011444091796875
elephant,scallop,-9.312614440917969,-0.00011444091796875
elephant,oyster,-8.750186920166016,-0.000186920166015625
elephant,squid,-9.875068664550781,-6.866455078125e-05
elephant,octopus,-9.687585830688477,-8.58306884765625e-05
elephant,worm,-9.812572479248047,-7.2479248046875e-05
elephant,jellyfish,-9.750080108642578,-8.0108642578125e-05
kangaroo,animal,-5.53131103515625e-05,-11.625055313110352
kangaroo,vertebrate,-4.76837158203125e-05,-11.31254768371582
kangaroo,invertebrate,-10.062562942504883,-6.29425048828125e-05
kangaroo,mammal,-3.4332275390625e-05,-11.87503433227539
kangaroo,bird,-10.125057220458984,-5.7220458984375e-05
kangaroo,reptile,-10.312551498413086,-5.14984130859375e-05
kangaroo,amphibian,-10.312549591064453,-4.9591064453125e-05
kangaroo,fish,-10.062559127807617,-5.91278076171875e-05
kangaroo,arthropod,-10.187562942504883,-6.29425048828125e-05
kangaroo,insect,-10.12506103515625,-6.103515625e-05
kangaroo,bird of prey,-10.000070571899414,-7.05718994140625e-05
kangaroo,aquatic bird,-9.93757438659668,-7.43865966796875e-05
kangaroo,canine,-10.187553405761719,-5.340576171875e-05
kangaroo,feline,-10.125055313110352,-5.53131103515625e-05
kangaroo,primate,-10.250053405761719,-5.340576171875e-05
kangaroo,aquatic mammal,-9.437602996826172,-0.000102996826171875
kangaroo,rodent,-10.000064849853516,-6.4849853515625e-05
kangaroo,bat,-10.000066757202148,-6.67572021484375e-05
kangaroo,bear,-10.125059127807617,-5.91278076171875e-05
kangaroo,cat,-10.125057220458984,-5.7220458984375e-05
kangaroo,cheetah,-10.125059127807617,-5.91278076171875e-05
kangaroo,leopard,-10.000064849853516,-6.4849853515625e-05
kangaroo,lion,-10.000064849853516,-6.4849853515625e-05
kangaroo,panther,-10.000066757202148,-6.67572021484375e-05
kangaroo,tiger,-10.062562942504883,-6.29425048828125e-05
kangaroo,dog,-10.250049591064453,-4.9591064453125e-05
kangaroo,fox,-10.250051498413086,-5.14984130859375e-05
kangaroo,hyena,-10.12506103515625,-6.103515625e-05
kangaroo,wolf,-10.12506103515625,-6.103515625e-05
kangaroo,raccoon,-9.812578201293945,-7.82012939453125e-05
kangaroo,skunk,-9.750082015991211,-8.20159912109375e-05
kangaroo,otter,-9.81257438659668,-7.43865966796875e-05
kangaroo,beaver,-9.875070571899414,-7.05718994140625e-05
kangaroo,chipmunk,-9.812578201293945,-7.82012939453125e-05
kangaroo,squirrel,-9.812576293945312,-7.62939453125e-05
kangaroo,gerbil,-9.62508773803711,-8.7738037109375e-05
kangaroo,guinea_pig,-9.750082015991211,-8.20159912109375e-05
kangaroo,hamster,-9.750076293945312,-7.62939453125e-05
kangaroo,mouse,-9.687578201293945,-7.82012939453125e-05
kangaroo,porcupine,-9.812576293945312,-7.62939453125e-05
kangaroo,rat,-9.562589645385742,-8.96453857421875e-05
kangaroo,buffalo,-9.875072479248047,-7.2479248046875e-05
kangaroo,cow,-9.875068664550781,-6.866455078125e-05
kangaroo,ox,-9.750076293945312,-7.62939453125e-05
kangaroo,goat,-10.062559127807617,-5.91278076171875e-05
kangaroo,sheep,-9.812572479248047,-7.2479248046875e-05
kangaroo,deer,-9.875066757202148,-6.67572021484375e-05
kangaroo,moose,-10.000066757202148,-6.67572021484375e-05
kangaroo,giraffe,-9.687583923339844,-8.392333984375e-05
kangaroo,camel,-9.81257438659668,-7.43865966796875e-05
kangaroo,hippo,-9.750080108642578,-8.0108642578125e-05
kangaroo,llama,-9.750078201293945,-7.82012939453125e-05
kangaroo,pig,-9.875072479248047,-7.2479248046875e-05
kangaroo,donkey,-10.125059127807617,-5.91278076171875e-05
kangaroo,horse,-10.125057220458984,-5.7220458984375e-05
kangaroo,pony,-9.687580108642578,-8.0108642578125e-05
kangaroo,zebra,-10.062562942504883,-6.29425048828125e-05
kangaroo,rhino,-10.062564849853516,-6.4849853515625e-05
kangaroo,gorilla,-9.81257438659668,-7.43865966796875e-05
kangaroo,monkey,-10.250053405761719,-5.340576171875e-05
kangaroo,hedgehog,-10.062562942504883,-6.29425048828125e-05
kangaroo,rabbit,-9.75007438659668,-7.43865966796875e-05
kangaroo,seal,-10.000064849853516,-6.4849853515625e-05
kangaroo,walrus,-9.750082015991211,-8.20159912109375e-05
kangaroo,dolphin,-9.875072479248047,-7.2479248046875e-05
kangaroo,whale,-9.875072479248047,-7.2479248046875e-05
kangaroo,elephant,-10.06256103515625,-6.103515625e-05
kangaroo,kangaroo,-0.0002193450927734375,-9.187719345092773
kangaroo,platypus,-9.875072479248047,-7.2479248046875e-05
kangaroo,crocodile,-10.06256103515625,-6.103515625e-05
kangaroo,alligator,-10.12506103515625,-6.103515625e-05
kangaroo,lizard,-10.250051498413086,-5.14984130859375e-05
kangaroo,iguana,-10.06256103515625,-6.103515625e-05
kangaroo,rattlesnake,-10.062564849853516,-6.4849853515625e-05
kangaroo,tortoise,-10.125057220458984,-5.7220458984375e-05
kangaroo,turtle,-10.06256103515625,-6.103515625e-05
kangaroo,frog,-10.125057220458984,-5.7220458984375e-05
kangaroo,toad,-9.875072479248047,-7.2479248046875e-05
kangaroo,budgie,-9.500097274780273,-9.72747802734375e-05
kangaroo,parakeet,-10.000070571899414,-7.05718994140625e-05
kangaroo,buzzard,-10.062566757202148,-6.67572021484375e-05
kangaroo,falcon,-9.875072479248047,-7.2479248046875e-05
kangaroo,hawk,-10.062562942504883,-6.29425048828125e-05
kangaroo,eagle,-10.06256103515625,-6.103515625e-05
kangaroo,owl,-9.875070571899414,-7.05718994140625e-05
kangaroo,canary,-9.625089645385742,-8.96453857421875e-05
kangaroo,magpie,-9.687582015991211,-8.20159912109375e-05
kangaroo,raven,-9.750080108642578,-8.0108642578125e-05
kangaroo,nightingale,-9.437599182128906,-9.918212890625e-05
kangaroo,robin,-9.625085830688477,-8.58306884765625e-05
kangaroo,starling,-9.56259536743164,-9.5367431640625e-05
kangaroo,sparrow,-9.750078201293945,-7.82012939453125e-05
kangaroo,wren,-9.562591552734375,-9.1552734375e-05
kangaroo,chicken,-10.000062942504883,-6.29425048828125e-05
kangaroo,cockerel,-9.687583923339844,-8.392333984375e-05
kangaroo,turkey,-9.750078201293945,-7.82012939453125e-05
kangaroo,dove,-9.750078201293945,-7.82012939453125e-05
kangaroo,pigeon,-9.81257438659668,-7.43865966796875e-05
kangaroo,partridge,-9.687583923339844,-8.392333984375e-05
kangaroo,peacock,-9.625091552734375,-9.1552734375e-05
kangaroo,crane,-9.687582015991211,-8.20159912109375e-05
kangaroo,flamingo,-9.625085830688477,-8.58306884765625e-05
kangaroo,heron,-10.000066757202148,-6.67572021484375e-05
kangaroo,duck,-10.062562942504883,-6.29425048828125e-05
kangaroo,goose,-10.000064849853516,-6.4849853515625e-05
kangaroo,pelican,-9.625089645385742,-8.96453857421875e-05
kangaroo,penguin,-9.812576293945312,-7.62939453125e-05
kangaroo,seagull,-10.000066757202148,-6.67572021484375e-05
kangaroo,swan,-10.000064849853516,-6.4849853515625e-05
kangaroo,hummingbird,-9.687585830688477,-8.58306884765625e-05
kangaroo,kingfisher,-9.625089645385742,-8.96453857421875e-05
kangaroo,woodpecker,-9.750078201293945,-7.82012939453125e-05
kangaroo,emu,-10.062562942504883,-6.29425048828125e-05
kangaroo,ostrich,-10.000062942504883,-6.29425048828125e-05
kangaroo,carp,-9.687583923339844,-8.392333984375e-05
kangaroo,goldfish,-9.625085830688477,-8.58306884765625e-05
kangaroo,minnow,-9.750082015991211,-8.20159912109375e-05
kangaroo,cod,-9.250116348266602,-0.0001163482666015625
kangaroo,herring,-9.500097274780273,-9.72747802734375e-05
kangaroo,sardine,-9.750078201293945,-7.82012939453125e-05
kangaroo,salmon,-9.812572479248047,-7.2479248046875e-05
kangaroo,trout,-9.625083923339844,-8.392333984375e-05
kangaroo,eel,-10.000064849853516,-6.4849853515625e-05
kangaroo,flounder,-9.562591552734375,-9.1552734375e-05
kangaroo,mackerel,-9.437602996826172,-0.000102996826171875
kangaroo,tuna,-9.62508773803711,-8.7738037109375e-05
kangaroo,seahorse,-9.750083923339844,-8.392333984375e-05
kangaroo,shark,-9.875072479248047,-7.2479248046875e-05
kangaroo,bee,-10.000064849853516,-6.4849853515625e-05
kangaroo,hornet,-9.87507438659668,-7.43865966796875e-05
kangaroo,wasp,-9.87507438659668,-7.43865966796875e-05
kangaroo,ant,-9.437602996826172,-0.000102996826171875
kangaroo,beetle,-10.06256103515625,-6.103515625e-05
kangaroo,ladybird,-9.562591552734375,-9.1552734375e-05
kangaroo,butterfly,-10.000066757202148,-6.67572021484375e-05
kangaroo,moth,-9.625089645385742,-8.96453857421875e-05
kangaroo,cockroach,-9.500099182128906,-9.918212890625e-05
kangaroo,cricket,-9.375110626220703,-0.000110626220703125
kangaroo,grasshopper,-9.625085830688477,-8.58306884765625e-05
kangaroo,locust,-9.625089645385742,-8.96453857421875e-05
kangaroo,dragonfly,-10.000066757202148,-6.67572021484375e-05
kangaroo,flea,-9.62508773803711,-8.7738037109375e-05
kangaroo,housefly,-9.687585830688477,-8.58306884765625e-05
kangaroo,mosquito,-9.625089645385742,-8.96453857421875e-05
kangaroo,stick_insect,-9.312614440917969,-0.00011444091796875
kangaroo,termite,-9.687582015991211,-8.20159912109375e-05
kangaroo,centipede,-10.062564849853516,-6.4849853515625e-05
kangaroo,millipede,-9.687585830688477,-8.58306884765625e-05
kangaroo,scorpion,-10.000066757202148,-6.67572021484375e-05
kangaroo,spider,-10.000068664550781,-6.866455078125e-05
kangaroo,tarantula,-9.812578201293945,-7.82012939453125e-05
kangaroo,crab,-9.750078201293945,-7.82012939453125e-05
kangaroo,crayfish,-9.687583923339844,-8.392333984375e-05
kangaroo,lobster,-9.437602996826172,-0.000102996826171875
kangaroo,prawn,-9.125133514404297,-0.000133514404296875
kangaroo,shrimp,-9.062643051147461,-0.0001430511474609375
kangaroo,slug,-9.687583923339844,-8.392333984375e-05
kangaroo,snail,-9.81257438659668,-7.43865966796875e-05
kangaroo,clam,-9.625089645385742,-8.96453857421875e-05
kangaroo,mussel,-9.500099182128906,-9.918212890625e-05
kangaroo,scallop,-9.437604904174805,-0.0001049041748046875
kangaroo,oyster,-9.312614440917969,-0.00011444091796875
kangaroo,squid,-9.875070571899414,-7.05718994140625e-05
kangaroo,octopus,-9.750082015991211,-8.20159912109375e-05
kangaroo,worm,-10.06256103515625,-6.103515625e-05
kangaroo,jellyfish,-10.000066757202148,-6.67572021484375e-05
platypus,animal,-4.38690185546875e-05,-11.812543869018555
platypus,vertebrate,-3.814697265625e-05,-11.375038146972656
platypus,invertebrate,-10.125059127807617,-5.91278076171875e-05
platypus,mammal,-3.0517578125e-05,-11.625030517578125
platypus,bird,-9.937566757202148,-6.67572021484375e-05
platypus,reptile,-10.312549591064453,-4.9591064453125e-05
platypus,amphibian,-9.62508773803711,-8.7738037109375e-05
platypus,fish,-9.562585830688477,-8.58306884765625e-05
platypus,arthropod,-10.375055313110352,-5.53131103515625e-05
platypus,insect,-10.375049591064453,-4.9591064453125e-05
platypus,bird of prey,-10.187559127807617,-5.91278076171875e-05
platypus,aquatic bird,-9.937570571899414,-7.05718994140625e-05
platypus,canine,-10.437543869018555,-4.38690185546875e-05
platypus,feline,-10.31254768371582,-4.76837158203125e-05
platypus,primate,-10.37504768371582,-4.76837158203125e-05
platypus,aquatic mammal,-0.0008449554443359375,-7.313344955444336
platypus,rodent,-8.562721252441406,-0.00022125244140625
platypus,bat,-10.250053405761719,-5.340576171875e-05
platypus,bear,-10.00006103515625,-6.103515625e-05
platypus,cat,-10.250051498413086,-5.14984130859375e-05
platypus,cheetah,-10.500043869018555,-4.38690185546875e-05
platypus,leopard,-9.875072479248047,-7.2479248046875e-05
platypus,lion,-10.062562942504883,-6.29425048828125e-05
platypus,panther,-10.062564849853516,-6.4849853515625e-05
platypus,tiger,-10.000066757202148,-6.67572021484375e-05
platypus,dog,-10.375045776367188,-4.57763671875e-05
platypus,fox,-10.250051498413086,-5.14984130859375e-05
platypus,hyena,-10.312555313110352,-5.53131103515625e-05
platypus,wolf,-10.37504768371582,-4.76837158203125e-05
platypus,raccoon,-10.062562942504883,-6.29425048828125e-05
platypus,skunk,-9.937566757202148,-6.67572021484375e-05
platypus,otter,-9.750076293945312,-7.62939453125e-05
platypus,beaver,-9.75007438659668,-7.43865966796875e-05
platypus,chipmunk,-10.250053405761719,-5.340576171875e-05
platypus,squirrel,-10.250051498413086,-5.14984130859375e-05
platypus,gerbil,-10.12506103515625,-6.103515625e-05
platypus,guinea_pig,-10.187557220458984,-5.7220458984375e-05
platypus,hamster,-10.312545776367188,-4.57763671875e-05
platypus,mouse,-10.000059127807617,-5.91278076171875e-05
platypus,porcupine,-9.812576293945312,-7.62939453125e-05
platypus,rat,-9.75007438659668,-7.43865966796875e-05
platypus,buffalo,-10.062564849853516,-6.4849853515625e-05
platypus,cow,-10.250053405761719,-5.340576171875e-05
platypus,ox,-9.750080108642578,-8.0108642578125e-05
platypus,goat,-10.187555313110352,-5.53131103515625e-05
platypus,sheep,-10.250051498413086,-5.14984130859375e-05
platypus,deer,-10.250051498413086,-5.14984130859375e-05
platypus,moose,-10.250053405761719,-5.340576171875e-05
platypus,giraffe,-10.062564849853516,-6.4849853515625e-05
platypus,camel,-10.000064849853516,-6.4849853515625e-05
platypus,hippo,-9.87507438659668,-7.43865966796875e-05
platypus,llama,-10.062562942504883,-6.29425048828125e-05
platypus,pig,-9.875070571899414,-7.05718994140625e-05
platypus,donkey,-10.12506103515625,-6.103515625e-05
platypus,horse,-10.06256103515625,-6.103515625e-05
platypus,pony,-9.875068664550781,-6.866455078125e-05
platypus,zebra,-10.187559127807617,-5.91278076171875e-05
platypus,rhino,-10.000066757202148,-6.67572021484375e-05
platypus,gorilla,-10.062562942504883,-6.29425048828125e-05
platypus,monkey,-10.562540054321289,-4.00543212890625e-05
platypus,hedgehog,-10.125059127807617,-5.91278076171875e-05
platypus,rabbit,-10.312549591064453,-4.9591064453125e-05
platypus,seal,-10.250049591064453,-4.9591064453125e-05
platypus,walrus,-10.312549591064453,-4.9591064453125e-05
platypus,dolphin,-10.062559127807617,-5.91278076171875e-05
platypus,whale,-10.187553405761719,-5.340576171875e-05
platypus,elephant,-10.000062942504883,-6.29425048828125e-05
platypus,kangaroo,-10.250053405761719,-5.340576171875e-05
platypus,platypus,-0.0003337860107421875,-8.562833786010742
platypus,crocodile,-10.06256103515625,-6.103515625e-05
platypus,alligator,-10.312551498413086,-5.14984130859375e-05
platypus,lizard,-10.812532424926758,-3.24249267578125e-05
platypus,iguana,-10.500043869018555,-4.38690185546875e-05
platypus,rattlesnake,-10.187559127807617,-5.91278076171875e-05
platypus,tortoise,-10.37504768371582,-4.76837158203125e-05
platypus,turtle,-10.437543869018555,-4.38690185546875e-05
platypus,frog,-10.437543869018555,-4.38690185546875e-05
platypus,toad,-10.125057220458984,-5.7220458984375e-05
platypus,budgie,-9.750080108642578,-8.0108642578125e-05
platypus,parakeet,-10.125066757202148,-6.67572021484375e-05
platypus,buzzard,-10.125064849853516,-6.4849853515625e-05
platypus,falcon,-10.187557220458984,-5.7220458984375e-05
platypus,hawk,-10.187557220458984,-5.7220458984375e-05
platypus,eagle,-10.125059127807617,-5.91278076171875e-05
platypus,owl,-10.06256103515625,-6.103515625e-05
platypus,canary,-10.06256103515625,-6.103515625e-05
platypus,magpie,-9.875072479248047,-7.2479248046875e-05
platypus,raven,-9.81257438659668,-7.43865966796875e-05
platypus,nightingale,-9.81257438659668,-7.43865966796875e-05
platypus,robin,-10.125057220458984,-5.7220458984375e-05
platypus,starling,-9.750082015991211,-8.20159912109375e-05
platypus,sparrow,-10.12506103515625,-6.103515625e-05
platypus,wren,-9.875070571899414,-7.05718994140625e-05
platypus,chicken,-10.187555313110352,-5.53131103515625e-05
platypus,cockerel,-9.562599182128906,-9.918212890625e-05
platypus,turkey,-9.750080108642578,-8.0108642578125e-05
platypus,dove,-9.81257438659668,-7.43865966796875e-05
platypus,pigeon,-10.250051498413086,-5.14984130859375e-05
platypus,partridge,-9.625091552734375,-9.1552734375e-05
platypus,peacock,-10.062564849853516,-6.4849853515625e-05
platypus,crane,-10.125059127807617,-5.91278076171875e-05
platypus,flamingo,-10.06256103515625,-6.103515625e-05
platypus,heron,-10.125062942504883,-6.29425048828125e-05
platypus,duck,-9.687578201293945,-7.82012939453125e-05
platypus,goose,-10.062562942504883,-6.29425048828125e-05
platypus,pelican,-10.000066757202148,-6.67572021484375e-05
platypus,penguin,-10.250053405761719,-5.340576171875e-05
platypus,seagull,-10.250053405761719,-5.340576171875e-05
platypus,swan,-10.06256103515625,-6.103515625e-05
platypus,hummingbird,-10.187557220458984,-5.7220458984375e-05
platypus,kingfisher,-9.687583923339844,-8.392333984375e-05
platypus,woodpecker,-10.062559127807617,-5.91278076171875e-05
platypus,emu,-10.125059127807617,-5.91278076171875e-05
platypus,ostrich,-10.187555313110352,-5.53131103515625e-05
platypus,carp,-9.937566757202148,-6.67572021484375e-05
platypus,goldfish,-10.06256103515625,-6.103515625e-05
platypus,minnow,-10.000066757202148,-6.67572021484375e-05
platypus,cod,-9.687578201293945,-7.82012939453125e-05
platypus,herring,-9.875072479248047,-7.2479248046875e-05
platypus,sardine,-10.125059127807617,-5.91278076171875e-05
platypus,salmon,-10.00006103515625,-6.103515625e-05
platypus,trout,-9.875068664550781,-6.866455078125e-05
platypus,eel,-10.250049591064453,-4.9591064453125e-05
platypus,flounder,-9.875070571899414,-7.05718994140625e-05
platypus,mackerel,-9.875070571899414,-7.05718994140625e-05
platypus,tuna,-10.000062942504883,-6.29425048828125e-05
platypus,seahorse,-10.250053405761719,-5.340576171875e-05
platypus,shark,-10.37504768371582,-4.76837158203125e-05
platypus,bee,-10.062562942504883,-6.29425048828125e-05
platypus,hornet,-10.062566757202148,-6.67572021484375e-05
platypus,wasp,-10.125062942504883,-6.29425048828125e-05
platypus,ant,-9.750080108642578,-8.0108642578125e-05
platypus,beetle,-10.312549591064453,-4.9591064453125e-05
platypus,ladybird,-9.750080108642578,-8.0108642578125e-05
platypus,butterfly,-10.12506103515625,-6.103515625e-05
platypus,moth,-10.06256103515625,-6.103515625e-05
platypus,cockroach,-10.062564849853516,-6.4849853515625e-05
platypus,cricket,-9.937568664550781,-6.866455078125e-05
platypus,grasshopper,-10.375049591064453,-4.9591064453125e-05
platypus,locust,-10.000066757202148,-6.67572021484375e-05
platypus,dragonfly,-10.125059127807617,-5.91278076171875e-05
platypus,flea,-10.125059127807617,-5.91278076171875e-05
platypus,housefly,-10.125059127807617,-5.91278076171875e-05
platypus,mosquito,-10.062564849853516,-6.4849853515625e-05
platypus,stick_insect,-10.125059127807617,-5.91278076171875e-05
platypus,termite,-9.875070571899414,-7.05718994140625e-05
platypus,centipede,-10.250055313110352,-5.53131103515625e-05
platypus,millipede,-10.000066757202148,-6.67572021484375e-05
platypus,scorpion,-10.12506103515625,-6.103515625e-05
platypus,spider,-10.375051498413086,-5.14984130859375e-05
platypus,tarantula,-10.062566757202148,-6.67572021484375e-05
platypus,crab,-10.187557220458984,-5.7220458984375e-05
platypus,crayfish,-10.000066757202148,-6.67572021484375e-05
platypus,lobster,-9.812576293945312,-7.62939453125e-05
platypus,prawn,-9.375106811523438,-0.0001068115234375
platypus,shrimp,-9.687582015991211,-8.20159912109375e-05
platypus,slug,-10.125059127807617,-5.91278076171875e-05
platypus,snail,-10.250051498413086,-5.14984130859375e-05
platypus,clam,-9.812576293945312,-7.62939453125e-05
platypus,mussel,-9.687582015991211,-8.20159912109375e-05
platypus,scallop,-9.750082015991211,-8.20159912109375e-05
platypus,oyster,-9.625089645385742,-8.96453857421875e-05
platypus,squid,-10.250051498413086,-5.14984130859375e-05
platypus,octopus,-10.250055313110352,-5.53131103515625e-05
platypus,worm,-10.37504768371582,-4.76837158203125e-05
platypus,jellyfish,-10.375051498413086,-5.14984130859375e-05
crocodile,animal,-4.76837158203125e-05,-11.87504768371582
crocodile,vertebrate,-3.814697265625e-05,-11.750038146972656
crocodile,invertebrate,-10.250051498413086,-5.14984130859375e-05
crocodile,mammal,-10.500040054321289,-4.00543212890625e-05
crocodile,bird,-9.625085830688477,-8.58306884765625e-05
crocodile,reptile,-3.4332275390625e-05,-12.12503433227539
crocodile,amphibian,-10.500041961669922,-4.1961669921875e-05
crocodile,fish,-10.062557220458984,-5.7220458984375e-05
crocodile,arthropod,-10.43754768371582,-4.76837158203125e-05
crocodile,insect,-10.375049591064453,-4.9591064453125e-05
crocodile,bird of prey,-10.062562942504883,-6.29425048828125e-05
crocodile,aquatic bird,-9.937568664550781,-6.866455078125e-05
crocodile,canine,-10.125057220458984,-5.7220458984375e-05
crocodile,feline,-10.125055313110352,-5.53131103515625e-05
crocodile,primate,-10.250053405761719,-5.340576171875e-05
crocodile,aquatic mammal,-10.250053405761719,-5.340576171875e-05
crocodile,rodent,-10.125059127807617,-5.91278076171875e-05
crocodile,bat,-9.937568664550781,-6.866455078125e-05
crocodile,bear,-10.125057220458984,-5.7220458984375e-05
crocodile,cat,-10.125055313110352,-5.53131103515625e-05
crocodile,cheetah,-10.125059127807617,-5.91278076171875e-05
crocodile,leopard,-10.06256103515625,-6.103515625e-05
crocodile,lion,-10.187553405761719,-5.340576171875e-05
crocodile,panther,-9.937570571899414,-7.05718994140625e-05
crocodile,tiger,-10.125057220458984,-5.7220458984375e-05
crocodile,dog,-10.187555313110352,-5.53131103515625e-05
crocodile,fox,-10.187555313110352,-5.53131103515625e-05
crocodile,hyena,-10.187555313110352,-5.53131103515625e-05
crocodile,wolf,-10.125059127807617,-5.91278076171875e-05
crocodile,raccoon,-9.625091552734375,-9.1552734375e-05
crocodile,skunk,-9.750080108642578,-8.0108642578125e-05
crocodile,otter,-9.875070571899414,-7.05718994140625e-05
crocodile,beaver,-9.750076293945312,-7.62939453125e-05
crocodile,chipmunk,-9.81257438659668,-7.43865966796875e-05
crocodile,squirrel,-9.875070571899414,-7.05718994140625e-05
crocodile,gerbil,-9.625085830688477,-8.58306884765625e-05
crocodile,guinea_pig,-9.750080108642578,-8.0108642578125e-05
crocodile,hamster,-9.750076293945312,-7.62939453125e-05
crocodile,mouse,-9.75007438659668,-7.43865966796875e-05
crocodile,porcupine,-9.750080108642578,-8.0108642578125e-05
crocodile,rat,-9.875070571899414,-7.05718994140625e-05
crocodile,buffalo,-9.937568664550781,-6.866455078125e-05
crocodile,cow,-10.06256103515625,-6.103515625e-05
crocodile,ox,-9.375110626220703,-0.000110626220703125
crocodile,goat,-9.937568664550781,-6.866455078125e-05
crocodile,sheep,-10.125059127807617,-5.91278076171875e-05
crocodile,deer,-10.125059127807617,-5.91278076171875e-05
crocodile,moose,-9.875072479248047,-7.2479248046875e-05
crocodile,giraffe,-9.81257438659668,-7.43865966796875e-05
crocodile,camel,-9.750080108642578,-8.0108642578125e-05
crocodile,hippo,-9.562591552734375,-9.1552734375e-05
crocodile,llama,-9.750078201293945,-7.82012939453125e-05
crocodile,pig,-9.750078201293945,-7.82012939453125e-05
crocodile,donkey,-10.062562942504883,-6.29425048828125e-05
crocodile,horse,-10.125059127807617,-5.91278076171875e-05
crocodile,pony,-9.875070571899414,-7.05718994140625e-05
crocodile,zebra,-10.062562942504883,-6.29425048828125e-05
crocodile,rhino,-10.06256103515625,-6.103515625e-05
crocodile,gorilla,-9.687582015991211,-8.20159912109375e-05
crocodile,monkey,-10.125057220458984,-5.7220458984375e-05
crocodile,hedgehog,-10.000064849853516,-6.4849853515625e-05
crocodile,rabbit,-10.125055313110352,-5.53131103515625e-05
crocodile,seal,-10.062559127807617,-5.91278076171875e-05
crocodile,walrus,-9.62508773803711,-8.7738037109375e-05
crocodile,dolphin,-10.06256103515625,-6.103515625e-05
crocodile,whale,-10.187553405761719,-5.340576171875e-05
crocodile,elephant,-9.875068664550781,-6.866455078125e-05
crocodile,kangaroo,-10.000064849853516,-6.4849853515625e-05
crocodile,platypus,-9.875072479248047,-7.2479248046875e-05
crocodile,crocodile,-0.0003662109375,-8.5628662109375
crocodile,alligator,-8.312797546386719,-0.00029754638671875
crocodile,lizard,-3.5306053161621094,-0.030605316162109375
crocodile,iguana,-9.687580108642578,-8.0108642578125e-05
crocodile,rattlesnake,-10.250055313110352,-5.53131103515625e-05
crocodile,tortoise,-9.937564849853516,-6.4849853515625e-05
crocodile,turtle,-9.625085830688477,-8.58306884765625e-05
crocodile,frog,-10.375045776367188,-4.57763671875e-05
crocodile,toad,-10.000064849853516,-6.4849853515625e-05
crocodile,budgie,-9.625085830688477,-8.58306884765625e-05
crocodile,parakeet,-9.937572479248047,-7.2479248046875e-05
crocodile,buzzard,-9.875076293945312,-7.62939453125e-05
crocodile,falcon,-9.87507438659668,-7.43865966796875e-05
crocodile,hawk,-9.937570571899414,-7.05718994140625e-05
crocodile,eagle,-9.937568664550781,-6.866455078125e-05
crocodile,owl,-9.875068664550781,-6.866455078125e-05
crocodile,canary,-9.50009536743164,-9.5367431640625e-05
crocodile,magpie,-9.687582015991211,-8.20159912109375e-05
crocodile,raven,-9.625089645385742,-8.96453857421875e-05
crocodile,nightingale,-9.437601089477539,-0.0001010894775390625
crocodile,robin,-9.562589645385742,-8.96453857421875e-05
crocodile,starling,-9.437602996826172,-0.000102996826171875
crocodile,sparrow,-9.750078201293945,-7.82012939453125e-05
crocodile,wren,-9.437601089477539,-0.0001010894775390625
crocodile,chicken,-9.75007438659668,-7.43865966796875e-05
crocodile,cockerel,-9.500099182128906,-9.918212890625e-05
crocodile,turkey,-9.625085830688477,-8.58306884765625e-05
crocodile,dove,-9.687582015991211,-8.20159912109375e-05
crocodile,pigeon,-9.812572479248047,-7.2479248046875e-05
crocodile,partridge,-9.687582015991211,-8.20159912109375e-05
crocodile,peacock,-9.625089645385742,-8.96453857421875e-05
crocodile,crane,-9.625085830688477,-8.58306884765625e-05
crocodile,flamingo,-9.625085830688477,-8.58306884765625e-05
crocodile,heron,-9.625091552734375,-9.1552734375e-05
crocodile,duck,-9.875068664550781,-6.866455078125e-05
crocodile,goose,-9.750076293945312,-7.62939453125e-05
crocodile,pelican,-9.687582015991211,-8.20159912109375e-05
crocodile,penguin,-9.81257438659668,-7.43865966796875e-05
crocodile,seagull,-9.750080108642578,-8.0108642578125e-05
crocodile,swan,-9.875068664550781,-6.866455078125e-05
crocodile,hummingbird,-9.750080108642578,-8.0108642578125e-05
crocodile,kingfisher,-9.500099182128906,-9.918212890625e-05
crocodile,woodpecker,-9.562591552734375,-9.1552734375e-05
crocodile,emu,-9.687585830688477,-8.58306884765625e-05
crocodile,ostrich,-9.81257438659668,-7.43865966796875e-05
crocodile,carp,-9.750076293945312,-7.62939453125e-05
crocodile,goldfish,-9.687580108642578,-8.0108642578125e-05
crocodile,minnow,-9.750080108642578,-8.0108642578125e-05
crocodile,cod,-9.375102996826172,-0.000102996826171875
crocodile,herring,-9.687582015991211,-8.20159912109375e-05
crocodile,sardine,-9.812572479248047,-7.2479248046875e-05
crocodile,salmon,-9.875068664550781,-6.866455078125e-05
crocodile,trout,-9.750076293945312,-7.62939453125e-05
crocodile,eel,-10.187553405761719,-5.340576171875e-05
crocodile,flounder,-9.562591552734375,-9.1552734375e-05
crocodile,mackerel,-9.62508773803711,-8.7738037109375e-05
crocodile,tuna,-9.750076293945312,-7.62939453125e-05
crocodile,seahorse,-9.687583923339844,-8.392333984375e-05
crocodile,shark,-10.37504768371582,-4.76837158203125e-05
crocodile,bee,-10.06256103515625,-6.103515625e-05
crocodile,hornet,-9.875076293945312,-7.62939453125e-05
crocodile,wasp,-9.937572479248047,-7.2479248046875e-05
crocodile,ant,-9.687583923339844,-8.392333984375e-05
crocodile,beetle,-10.125057220458984,-5.7220458984375e-05
crocodile,ladybird,-9.625085830688477,-8.58306884765625e-05
crocodile,butterfly,-10.06256103515625,-6.103515625e-05
crocodile,moth,-9.812578201293945,-7.82012939453125e-05
crocodile,cockroach,-9.625091552734375,-9.1552734375e-05
crocodile,cricket,-9.937568664550781,-6.866455078125e-05
crocodile,grasshopper,-10.125057220458984,-5.7220458984375e-05
crocodile,locust,-9.812578201293945,-7.82012939453125e-05
crocodile,dragonfly,-9.750078201293945,-7.82012939453125e-05
crocodile,flea,-10.000064849853516,-6.4849853515625e-05
crocodile,housefly,-9.81257438659668,-7.43865966796875e-05
crocodile,mosquito,-9.56259536743164,-9.5367431640625e-05
crocodile,stick_insect,-9.687582015991211,-8.20159912109375e-05
crocodile,termite,-9.750076293945312,-7.62939453125e-05
crocodile,centipede,-10.062562942504883,-6.29425048828125e-05
crocodile,millipede,-9.812578201293945,-7.82012939453125e-05
crocodile,scorpion,-10.062562942504883,-6.29425048828125e-05
crocodile,spider,-10.000066757202148,-6.67572021484375e-05
crocodile,tarantula,-9.750082015991211,-8.20159912109375e-05
crocodile,crab,-10.125057220458984,-5.7220458984375e-05
crocodile,crayfish,-9.750080108642578,-8.0108642578125e-05
crocodile,lobster,-9.750076293945312,-7.62939453125e-05
crocodile,prawn,-9.500093460083008,-9.34600830078125e-05
crocodile,shrimp,-9.812572479248047,-7.2479248046875e-05
crocodile,slug,-9.937566757202148,-6.67572021484375e-05
crocodile,snail,-10.000062942504883,-6.29425048828125e-05
crocodile,clam,-9.62508773803711,-8.7738037109375e-05
crocodile,mussel,-9.625089645385742,-8.96453857421875e-05
crocodile,scallop,-9.687583923339844,-8.392333984375e-05
crocodile,oyster,-9.562591552734375,-9.1552734375e-05
crocodile,squid,-10.125057220458984,-5.7220458984375e-05
crocodile,octopus,-9.87507438659668,-7.43865966796875e-05
crocodile,worm,-10.062559127807617,-5.91278076171875e-05
crocodile,jellyfish,-10.125059127807617,-5.91278076171875e-05
alligator,animal,-5.7220458984375e-05,-11.687557220458984
alligator,vertebrate,-4.76837158203125e-05,-11.37504768371582
alligator,invertebrate,-10.250053405761719,-5.340576171875e-05
alligator,mammal,-10.437543869018555,-4.38690185546875e-05
alligator,bird,-9.687582015991211,-8.20159912109375e-05
alligator,reptile,-3.62396240234375e-05,-11.937536239624023
alligator,amphibian,-10.37504768371582,-4.76837158203125e-05
alligator,fish,-10.125053405761719,-5.340576171875e-05
alligator,arthropod,-10.375055313110352,-5.53131103515625e-05
alligator,insect,-10.375051498413086,-5.14984130859375e-05
alligator,bird of prey,-10.062566757202148,-6.67572021484375e-05
alligator,aquatic bird,-10.000066757202148,-6.67572021484375e-05
alligator,canine,-10.250051498413086,-5.14984130859375e-05
alligator,feline,-10.187553405761719,-5.340576171875e-05
alligator,primate,-10.250055313110352,-5.53131103515625e-05
alligator,aquatic mammal,-10.125059127807617,-5.91278076171875e-05
alligator,rodent,-10.12506103515625,-6.103515625e-05
alligator,bat,-10.062564849853516,-6.4849853515625e-05
alligator,bear,-10.187555313110352,-5.53131103515625e-05
alligator,cat,-10.187555313110352,-5.53131103515625e-05
alligator,cheetah,-10.250055313110352,-5.53131103515625e-05
alligator,leopard,-10.000066757202148,-6.67572021484375e-05
alligator,lion,-10.125059127807617,-5.91278076171875e-05
alligator,panther,-10.062562942504883,-6.29425048828125e-05
alligator,tiger,-10.125059127807617,-5.91278076171875e-05
alligator,dog,-10.312549591064453,-4.9591064453125e-05
alligator,fox,-10.187557220458984,-5.7220458984375e-05
alligator,hyena,-10.187559127807617,-5.91278076171875e-05
alligator,wolf,-10.12506103515625,-6.103515625e-05
alligator,raccoon,-9.687585830688477,-8.58306884765625e-05
alligator,skunk,-9.687585830688477,-8.58306884765625e-05
alligator,otter,-10.000064849853516,-6.4849853515625e-05
alligator,beaver,-9.812572479248047,-7.2479248046875e-05
alligator,chipmunk,-9.875070571899414,-7.05718994140625e-05
alligator,squirrel,-10.000066757202148,-6.67572021484375e-05
alligator,gerbil,-9.687583923339844,-8.392333984375e-05
alligator,guinea_pig,-9.875072479248047,-7.2479248046875e-05
alligator,hamster,-9.812572479248047,-7.2479248046875e-05
alligator,mouse,-9.750076293945312,-7.62939453125e-05
alligator,porcupine,-9.68758773803711,-8.7738037109375e-05
alligator,rat,-9.812576293945312,-7.62939453125e-05
alligator,buffalo,-10.062564849853516,-6.4849853515625e-05
alligator,cow,-10.125059127807617,-5.91278076171875e-05
alligator,ox,-9.625091552734375,-9.1552734375e-05
alligator,goat,-10.062564849853516,-6.4849853515625e-05
alligator,sheep,-10.12506103515625,-6.103515625e-05
alligator,deer,-10.12506103515625,-6.103515625e-05
alligator,moose,-10.062564849853516,-6.4849853515625e-05
alligator,giraffe,-9.875072479248047,-7.2479248046875e-05
alligator,camel,-9.875072479248047,-7.2479248046875e-05
alligator,hippo,-9.562593460083008,-9.34600830078125e-05
alligator,llama,-9.875072479248047,-7.2479248046875e-05
alligator,pig,-9.750080108642578,-8.0108642578125e-05
alligator,donkey,-10.062564849853516,-6.4849853515625e-05
alligator,horse,-10.12506103515625,-6.103515625e-05
alligator,pony,-9.87507438659668,-7.43865966796875e-05
alligator,zebra,-10.062564849853516,-6.4849853515625e-05
alligator,rhino,-10.062564849853516,-6.4849853515625e-05
alligator,gorilla,-10.000064849853516,-6.4849853515625e-05
alligator,monkey,-10.187557220458984,-5.7220458984375e-05
alligator,hedgehog,-10.062562942504883,-6.29425048828125e-05
alligator,rabbit,-10.125057220458984,-5.7220458984375e-05
alligator,seal,-9.937568664550781,-6.866455078125e-05
alligator,walrus,-9.812578201293945,-7.82012939453125e-05
alligator,dolphin,-10.125059127807617,-5.91278076171875e-05
alligator,whale,-10.187555313110352,-5.53131103515625e-05
alligator,elephant,-10.062562942504883,-6.29425048828125e-05
alligator,kangaroo,-10.06256103515625,-6.103515625e-05
alligator,platypus,-10.062562942504883,-6.29425048828125e-05
alligator,crocodile,-2.814899444580078,-0.06489944458007812
alligator,alligator,-0.000469207763671875,-8.187969207763672
alligator,lizard,-7.188325881958008,-0.0008258819580078125
alligator,iguana,-9.750076293945312,-7.62939453125e-05
alligator,rattlesnake,-10.375051498413086,-5.14984130859375e-05
alligator,tortoise,-10.000062942504883,-6.29425048828125e-05
alligator,turtle,-9.687582015991211,-8.20159912109375e-05
alligator,frog,-10.31254768371582,-4.76837158203125e-05
alligator,toad,-10.000066757202148,-6.67572021484375e-05
alligator,budgie,-9.62508773803711,-8.7738037109375e-05
alligator,parakeet,-10.000070571899414,-7.05718994140625e-05
alligator,buzzard,-10.000070571899414,-7.05718994140625e-05
alligator,falcon,-10.000066757202148,-6.67572021484375e-05
alligator,hawk,-10.125059127807617,-5.91278076171875e-05
alligator,eagle,-10.125059127807617,-5.91278076171875e-05
alligator,owl,-10.000062942504883,-6.29425048828125e-05
alligator,canary,-9.687582015991211,-8.20159912109375e-05
alligator,magpie,-9.750082015991211,-8.20159912109375e-05
alligator,raven,-9.625091552734375,-9.1552734375e-05
alligator,nightingale,-9.562593460083008,-9.34600830078125e-05
alligator,robin,-9.625085830688477,-8.58306884765625e-05
alligator,starling,-9.43760871887207,-0.0001087188720703125
alligator,sparrow,-9.81257438659668,-7.43865966796875e-05
alligator,wren,-9.562593460083008,-9.34600830078125e-05
alligator,chicken,-9.687580108642578,-8.0108642578125e-05
alligator,cockerel,-9.625089645385742,-8.96453857421875e-05
alligator,turkey,-9.687582015991211,-8.20159912109375e-05
alligator,dove,-9.750080108642578,-8.0108642578125e-05
alligator,pigeon,-9.81257438659668,-7.43865966796875e-05
alligator,partridge,-9.562597274780273,-9.72747802734375e-05
alligator,peacock,-9.625091552734375,-9.1552734375e-05
alligator,crane,-9.750078201293945,-7.82012939453125e-05
alligator,flamingo,-9.875068664550781,-6.866455078125e-05
alligator,heron,-9.750083923339844,-8.392333984375e-05
alligator,duck,-10.000062942504883,-6.29425048828125e-05
alligator,goose,-9.750078201293945,-7.82012939453125e-05
alligator,pelican,-9.750080108642578,-8.0108642578125e-05
alligator,penguin,-10.000064849853516,-6.4849853515625e-05
alligator,seagull,-9.875072479248047,-7.2479248046875e-05
alligator,swan,-10.062562942504883,-6.29425048828125e-05
alligator,hummingbird,-9.81257438659668,-7.43865966796875e-05
alligator,kingfisher,-9.625093460083008,-9.34600830078125e-05
alligator,woodpecker,-9.62508773803711,-8.7738037109375e-05
alligator,emu,-9.750082015991211,-8.20159912109375e-05
alligator,ostrich,-9.875070571899414,-7.05718994140625e-05
alligator,carp,-9.750078201293945,-7.82012939453125e-05
alligator,goldfish,-9.687582015991211,-8.20159912109375e-05
alligator,minnow,-9.750083923339844,-8.392333984375e-05
alligator,cod,-9.56258773803711,-8.7738037109375e-05
alligator,herring,-9.687583923339844,-8.392333984375e-05
alligator,sardine,-9.812576293945312,-7.62939453125e-05
alligator,salmon,-10.06256103515625,-6.103515625e-05
alligator,trout,-9.937566757202148,-6.67572021484375e-05
alligator,eel,-10.250051498413086,-5.14984130859375e-05
alligator,flounder,-9.562593460083008,-9.34600830078125e-05
alligator,mackerel,-9.750080108642578,-8.0108642578125e-05
alligator,tuna,-9.750076293945312,-7.62939453125e-05
alligator,seahorse,-9.812576293945312,-7.62939453125e-05
alligator,shark,-10.375049591064453,-4.9591064453125e-05
alligator,bee,-10.062562942504883,-6.29425048828125e-05
alligator,hornet,-9.937572479248047,-7.2479248046875e-05
alligator,wasp,-9.93757438659668,-7.43865966796875e-05
alligator,ant,-9.625089645385742,-8.96453857421875e-05
alligator,beetle,-10.375049591064453,-4.9591064453125e-05
alligator,ladybird,-9.375110626220703,-0.000110626220703125
alligator,butterfly,-10.125059127807617,-5.91278076171875e-05
alligator,moth,-9.750082015991211,-8.20159912109375e-05
alligator,cockroach,-9.625089645385742,-8.96453857421875e-05
alligator,cricket,-9.937568664550781,-6.866455078125e-05
alligator,grasshopper,-10.125057220458984,-5.7220458984375e-05
alligator,locust,-9.875072479248047,-7.2479248046875e-05
alligator,dragonfly,-9.875070571899414,-7.05718994140625e-05
alligator,flea,-9.87507438659668,-7.43865966796875e-05
alligator,housefly,-9.81257438659668,-7.43865966796875e-05
alligator,mosquito,-9.375110626220703,-0.000110626220703125
alligator,stick_insect,-9.750080108642578,-8.0108642578125e-05
alligator,termite,-9.750078201293945,-7.82012939453125e-05
alligator,centipede,-10.062564849853516,-6.4849853515625e-05
alligator,millipede,-9.812580108642578,-8.0108642578125e-05
alligator,scorpion,-10.250055313110352,-5.53131103515625e-05
alligator,spider,-10.187557220458984,-5.7220458984375e-05
alligator,tarantula,-10.000066757202148,-6.67572021484375e-05
alligator,crab,-10.187555313110352,-5.53131103515625e-05
alligator,crayfish,-9.687585830688477,-8.58306884765625e-05
alligator,lobster,-9.750078201293945,-7.82012939453125e-05
alligator,prawn,-9.750078201293945,-7.82012939453125e-05
alligator,shrimp,-9.687583923339844,-8.392333984375e-05
alligator,slug,-9.875072479248047,-7.2479248046875e-05
alligator,snail,-10.06256103515625,-6.103515625e-05
alligator,clam,-9.750082015991211,-8.20159912109375e-05
alligator,mussel,-9.562597274780273,-9.72747802734375e-05
alligator,scallop,-9.750082015991211,-8.20159912109375e-05
alligator,oyster,-9.437602996826172,-0.000102996826171875
alligator,squid,-10.06256103515625,-6.103515625e-05
alligator,octopus,-9.87507438659668,-7.43865966796875e-05
alligator,worm,-10.187555313110352,-5.53131103515625e-05
alligator,jellyfish,-10.250055313110352,-5.53131103515625e-05
lizard,animal,-4.38690185546875e-05,-12.062543869018555
lizard,vertebrate,-4.38690185546875e-05,-11.625043869018555
lizard,invertebrate,-10.500043869018555,-4.38690185546875e-05
lizard,mammal,-11.000028610229492,-2.86102294921875e-05
lizard,bird,-10.562540054321289,-4.00543212890625e-05
lizard,reptile,-4.1961669921875e-05,-12.250041961669922
lizard,amphibian,-10.937530517578125,-3.0517578125e-05
lizard,fish,-10.625038146972656,-3.814697265625e-05
lizard,arthropod,-10.750038146972656,-3.814697265625e-05
lizard,insect,-10.81253433227539,-3.4332275390625e-05
lizard,bird of prey,-10.312553405761719,-5.340576171875e-05
lizard,aquatic bird,-10.312553405761719,-5.340576171875e-05
lizard,canine,-10.37504768371582,-4.76837158203125e-05
lizard,feline,-10.250049591064453,-4.9591064453125e-05
lizard,primate,-10.437545776367188,-4.57763671875e-05
lizard,aquatic mammal,-10.375053405761719,-5.340576171875e-05
lizard,rodent,-10.875030517578125,-3.0517578125e-05
lizard,bat,-10.37504768371582,-4.76837158203125e-05
lizard,bear,-10.250049591064453,-4.9591064453125e-05
lizard,cat,-10.437543869018555,-4.38690185546875e-05
lizard,cheetah,-10.187553405761719,-5.340576171875e-05
lizard,leopard,-9.750076293945312,-7.62939453125e-05
lizard,lion,-10.062559127807617,-5.91278076171875e-05
lizard,panther,-10.000062942504883,-6.29425048828125e-05
lizard,tiger,-10.062559127807617,-5.91278076171875e-05
lizard,dog,-10.500041961669922,-4.1961669921875e-05
lizard,fox,-10.37504768371582,-4.76837158203125e-05
lizard,hyena,-10.187555313110352,-5.53131103515625e-05
lizard,wolf,-10.312549591064453,-4.9591064453125e-05
lizard,raccoon,-10.062562942504883,-6.29425048828125e-05
lizard,skunk,-10.187555313110352,-5.53131103515625e-05
lizard,otter,-10.187555313110352,-5.53131103515625e-05
lizard,beaver,-10.062559127807617,-5.91278076171875e-05
lizard,chipmunk,-10.250053405761719,-5.340576171875e-05
lizard,squirrel,-10.500043869018555,-4.38690185546875e-05
lizard,gerbil,-10.187555313110352,-5.53131103515625e-05
lizard,guinea_pig,-10.125057220458984,-5.7220458984375e-05
lizard,hamster,-10.250051498413086,-5.14984130859375e-05
lizard,mouse,-10.375043869018555,-4.38690185546875e-05
lizard,porcupine,-10.062562942504883,-6.29425048828125e-05
lizard,rat,-10.500041961669922,-4.1961669921875e-05
lizard,buffalo,-10.06256103515625,-6.103515625e-05
lizard,cow,-10.187553405761719,-5.340576171875e-05
lizard,ox,-10.000064849853516,-6.4849853515625e-05
lizard,goat,-10.187555313110352,-5.53131103515625e-05
lizard,sheep,-10.250051498413086,-5.14984130859375e-05
lizard,deer,-10.187555313110352,-5.53131103515625e-05
lizard,moose,-10.000064849853516,-6.4849853515625e-05
lizard,giraffe,-9.81257438659668,-7.43865966796875e-05
lizard,camel,-10.06256103515625,-6.103515625e-05
lizard,hippo,-9.81257438659668,-7.43865966796875e-05
lizard,llama,-9.81257438659668,-7.43865966796875e-05
lizard,pig,-10.125059127807617,-5.91278076171875e-05
lizard,donkey,-10.187557220458984,-5.7220458984375e-05
lizard,horse,-10.187553405761719,-5.340576171875e-05
lizard,pony,-10.06256103515625,-6.103515625e-05
lizard,zebra,-10.125059127807617,-5.91278076171875e-05
lizard,rhino,-10.062562942504883,-6.29425048828125e-05
lizard,gorilla,-10.000064849853516,-6.4849853515625e-05
lizard,monkey,-10.500041961669922,-4.1961669921875e-05
lizard,hedgehog,-10.187555313110352,-5.53131103515625e-05
lizard,rabbit,-10.375045776367188,-4.57763671875e-05
lizard,seal,-10.06256103515625,-6.103515625e-05
lizard,walrus,-10.000066757202148,-6.67572021484375e-05
lizard,dolphin,-10.125059127807617,-5.91278076171875e-05
lizard,whale,-10.187555313110352,-5.53131103515625e-05
lizard,elephant,-10.062559127807617,-5.91278076171875e-05
lizard,kangaroo,-10.125057220458984,-5.7220458984375e-05
lizard,platypus,-10.125059127807617,-5.91278076171875e-05
lizard,crocodile,-10.062559127807617,-5.91278076171875e-05
lizard,alligator,-10.187555313110352,-5.53131103515625e-05
lizard,lizard,-0.0001888275146484375,-9.437688827514648
lizard,iguana,-9.687585830688477,-8.58306884765625e-05
lizard,rattlesnake,-10.250053405761719,-5.340576171875e-05
lizard,tortoise,-10.00006103515625,-6.103515625e-05
lizard,turtle,-10.375045776367188,-4.57763671875e-05
lizard,frog,-10.75003433227539,-3.4332275390625e-05
lizard,toad,-10.437545776367188,-4.57763671875e-05
lizard,budgie,-10.06256103515625,-6.103515625e-05
lizard,parakeet,-10.250057220458984,-5.7220458984375e-05
lizard,buzzard,-10.12506103515625,-6.103515625e-05
lizard,falcon,-10.125059127807617,-5.91278076171875e-05
lizard,hawk,-10.312551498413086,-5.14984130859375e-05
lizard,eagle,-10.187555313110352,-5.53131103515625e-05
lizard,owl,-10.125057220458984,-5.7220458984375e-05
lizard,canary,-10.062559127807617,-5.91278076171875e-05
lizard,magpie,-10.125057220458984,-5.7220458984375e-05
lizard,raven,-10.000066757202148,-6.67572021484375e-05
lizard,nightingale,-9.750076293945312,-7.62939453125e-05
lizard,robin,-10.125055313110352,-5.53131103515625e-05
lizard,starling,-10.062562942504883,-6.29425048828125e-05
lizard,sparrow,-10.250051498413086,-5.14984130859375e-05
lizard,wren,-10.125057220458984,-5.7220458984375e-05
lizard,chicken,-10.125055313110352,-5.53131103515625e-05
lizard,cockerel,-9.687583923339844,-8.392333984375e-05
lizard,turkey,-9.812572479248047,-7.2479248046875e-05
lizard,dove,-10.125057220458984,-5.7220458984375e-05
lizard,pigeon,-10.125057220458984,-5.7220458984375e-05
lizard,partridge,-10.06256103515625,-6.103515625e-05
lizard,peacock,-9.750078201293945,-7.82012939453125e-05
lizard,crane,-10.062559127807617,-5.91278076171875e-05
lizard,flamingo,-9.812572479248047,-7.2479248046875e-05
lizard,heron,-10.12506103515625,-6.103515625e-05
lizard,duck,-10.312549591064453,-4.9591064453125e-05
lizard,goose,-10.125057220458984,-5.7220458984375e-05
lizard,pelican,-9.812576293945312,-7.62939453125e-05
lizard,penguin,-9.937564849853516,-6.4849853515625e-05
lizard,seagull,-10.125057220458984,-5.7220458984375e-05
lizard,swan,-10.06256103515625,-6.103515625e-05
lizard,hummingbird,-10.06256103515625,-6.103515625e-05
lizard,kingfisher,-10.06256103515625,-6.103515625e-05
lizard,woodpecker,-10.000064849853516,-6.4849853515625e-05
lizard,emu,-9.937570571899414,-7.05718994140625e-05
lizard,ostrich,-9.875068664550781,-6.866455078125e-05
lizard,carp,-10.06256103515625,-6.103515625e-05
lizard,goldfish,-10.125059127807617,-5.91278076171875e-05
lizard,minnow,-10.250053405761719,-5.340576171875e-05
lizard,cod,-9.625085830688477,-8.58306884765625e-05
lizard,herring,-9.812576293945312,-7.62939453125e-05
lizard,sardine,-10.125057220458984,-5.7220458984375e-05
lizard,salmon,-10.187551498413086,-5.14984130859375e-05
lizard,trout,-10.06256103515625,-6.103515625e-05
lizard,eel,-10.437545776367188,-4.57763671875e-05
lizard,flounder,-10.06256103515625,-6.103515625e-05
lizard,mackerel,-9.750080108642578,-8.0108642578125e-05
lizard,tuna,-9.875070571899414,-7.05718994140625e-05
lizard,seahorse,-10.06256103515625,-6.103515625e-05
lizard,shark,-10.250053405761719,-5.340576171875e-05
lizard,bee,-10.37504768371582,-4.76837158203125e-05
lizard,hornet,-10.187559127807617,-5.91278076171875e-05
lizard,wasp,-10.43754768371582,-4.76837158203125e-05
lizard,ant,-10.250051498413086,-5.14984130859375e-05
lizard,beetle,-10.81253433227539,-3.4332275390625e-05
lizard,ladybird,-9.875070571899414,-7.05718994140625e-05
lizard,butterfly,-10.37504768371582,-4.76837158203125e-05
lizard,moth,-10.375045776367188,-4.57763671875e-05
lizard,cockroach,-10.125055313110352,-5.53131103515625e-05
lizard,cricket,-10.437543869018555,-4.38690185546875e-05
lizard,grasshopper,-10.562540054321289,-4.00543212890625e-05
lizard,locust,-10.125057220458984,-5.7220458984375e-05
lizard,dragonfly,-10.37504768371582,-4.76837158203125e-05
lizard,flea,-10.250051498413086,-5.14984130859375e-05
lizard,housefly,-10.187555313110352,-5.53131103515625e-05
lizard,mosquito,-10.312551498413086,-5.14984130859375e-05
lizard,stick_insect,-10.187551498413086,-5.14984130859375e-05
lizard,termite,-10.125057220458984,-5.7220458984375e-05
lizard,centipede,-10.562541961669922,-4.1961669921875e-05
lizard,millipede,-10.437545776367188,-4.57763671875e-05
lizard,scorpion,-10.562541961669922,-4.1961669921875e-05
lizard,spider,-10.687538146972656,-3.814697265625e-05
lizard,tarantula,-10.187557220458984,-5.7220458984375e-05
lizard,crab,-10.37504768371582,-4.76837158203125e-05
lizard,crayfish,-10.125059127807617,-5.91278076171875e-05
lizard,lobster,-10.06256103515625,-6.103515625e-05
lizard,prawn,-10.062559127807617,-5.91278076171875e-05
lizard,shrimp,-10.125057220458984,-5.7220458984375e-05
lizard,slug,-10.375045776367188,-4.57763671875e-05
lizard,snail,-10.37504768371582,-4.76837158203125e-05
lizard,clam,-10.125059127807617,-5.91278076171875e-05
lizard,mussel,-10.125059127807617,-5.91278076171875e-05
lizard,scallop,-10.000064849853516,-6.4849853515625e-05
lizard,oyster,-9.875068664550781,-6.866455078125e-05
lizard,squid,-10.437543869018555,-4.38690185546875e-05
lizard,octopus,-10.12506103515625,-6.103515625e-05
lizard,worm,-10.625036239624023,-3.62396240234375e-05
lizard,jellyfish,-10.375049591064453,-4.9591064453125e-05
iguana,animal,-5.340576171875e-05,-11.875053405761719
iguana,vertebrate,-4.76837158203125e-05,-11.50004768371582
iguana,invertebrate,-10.187557220458984,-5.7220458984375e-05
iguana,mammal,-10.68753433227539,-3.4332275390625e-05
iguana,bird,-10.250051498413086,-5.14984130859375e-05
iguana,reptile,-4.00543212890625e-05,-12.000040054321289
iguana,amphibian,-10.437545776367188,-4.57763671875e-05
iguana,fish,-10.31254768371582,-4.76837158203125e-05
iguana,arthropod,-10.437549591064453,-4.9591064453125e-05
iguana,insect,-10.37504768371582,-4.76837158203125e-05
iguana,bird of prey,-10.250055313110352,-5.53131103515625e-05
iguana,aquatic bird,-10.062564849853516,-6.4849853515625e-05
iguana,canine,-10.187553405761719,-5.340576171875e-05
iguana,feline,-10.187553405761719,-5.340576171875e-05
iguana,primate,-10.250051498413086,-5.14984130859375e-05
iguana,aquatic mammal,-10.062566757202148,-6.67572021484375e-05
iguana,rodent,-10.250049591064453,-4.9591064453125e-05
iguana,bat,-10.125059127807617,-5.91278076171875e-05
iguana,bear,-10.125055313110352,-5.53131103515625e-05
iguana,cat,-10.31254768371582,-4.76837158203125e-05
iguana,cheetah,-10.125057220458984,-5.7220458984375e-05
iguana,leopard,-9.50009536743164,-9.5367431640625e-05
iguana,lion,-10.06256103515625,-6.103515625e-05
iguana,panther,-9.687582015991211,-8.20159912109375e-05
iguana,tiger,-10.000064849853516,-6.4849853515625e-05
iguana,dog,-10.37504768371582,-4.76837158203125e-05
iguana,fox,-10.312549591064453,-4.9591064453125e-05
iguana,hyena,-10.12506103515625,-6.103515625e-05
iguana,wolf,-10.187557220458984,-5.7220458984375e-05
iguana,raccoon,-9.812576293945312,-7.62939453125e-05
iguana,skunk,-9.687583923339844,-8.392333984375e-05
iguana,otter,-10.000064849853516,-6.4849853515625e-05
iguana,beaver,-10.000064849853516,-6.4849853515625e-05
iguana,chipmunk,-10.000064849853516,-6.4849853515625e-05
iguana,squirrel,-10.125059127807617,-5.91278076171875e-05
iguana,gerbil,-9.875070571899414,-7.05718994140625e-05
iguana,guinea_pig,-10.000062942504883,-6.29425048828125e-05
iguana,hamster,-10.125055313110352,-5.53131103515625e-05
iguana,mouse,-10.062559127807617,-5.91278076171875e-05
iguana,porcupine,-9.750082015991211,-8.20159912109375e-05
iguana,rat,-10.06256103515625,-6.103515625e-05
iguana,buffalo,-9.875072479248047,-7.2479248046875e-05
iguana,cow,-10.06256103515625,-6.103515625e-05
iguana,ox,-9.62508773803711,-8.7738037109375e-05
iguana,goat,-10.06256103515625,-6.103515625e-05
iguana,sheep,-10.125059127807617,-5.91278076171875e-05
iguana,deer,-10.062562942504883,-6.29425048828125e-05
iguana,moose,-9.812576293945312,-7.62939453125e-05
iguana,giraffe,-9.750078201293945,-7.82012939453125e-05
iguana,camel,-9.81257438659668,-7.43865966796875e-05
iguana,hippo,-9.750080108642578,-8.0108642578125e-05
iguana,llama,-9.687582015991211,-8.20159912109375e-05
iguana,pig,-10.062562942504883,-6.29425048828125e-05
iguana,donkey,-10.000066757202148,-6.67572021484375e-05
iguana,horse,-10.125059127807617,-5.91278076171875e-05
iguana,pony,-9.812578201293945,-7.82012939453125e-05
iguana,zebra,-10.000066757202148,-6.67572021484375e-05
iguana,rhino,-10.000066757202148,-6.67572021484375e-05
iguana,gorilla,-9.81257438659668,-7.43865966796875e-05
iguana,monkey,-10.187555313110352,-5.53131103515625e-05
iguana,hedgehog,-10.062562942504883,-6.29425048828125e-05
iguana,rabbit,-10.125055313110352,-5.53131103515625e-05
iguana,seal,-10.06256103515625,-6.103515625e-05
iguana,walrus,-9.812578201293945,-7.82012939453125e-05
iguana,dolphin,-10.187555313110352,-5.53131103515625e-05
iguana,whale,-10.062562942504883,-6.29425048828125e-05
iguana,elephant,-9.937566757202148,-6.67572021484375e-05
iguana,kangaroo,-10.06256103515625,-6.103515625e-05
iguana,platypus,-10.062562942504883,-6.29425048828125e-05
iguana,crocodile,-9.75007438659668,-7.43865966796875e-05
iguana,alligator,-10.125057220458984,-5.7220458984375e-05
iguana,lizard,-4.9591064453125e-05,-11.625049591064453
iguana,iguana,-0.0002803802490234375,-8.937780380249023
iguana,rattlesnake,-10.187557220458984,-5.7220458984375e-05
iguana,tortoise,-9.062641143798828,-0.000141143798828125
iguana,turtle,-9.125133514404297,-0.000133514404296875
iguana,frog,-10.37504768371582,-4.76837158203125e-05
iguana,toad,-10.125057220458984,-5.7220458984375e-05
iguana,budgie,-9.750078201293945,-7.82012939453125e-05
iguana,parakeet,-10.062562942504883,-6.29425048828125e-05
iguana,buzzard,-10.000070571899414,-7.05718994140625e-05
iguana,falcon,-10.062562942504883,-6.29425048828125e-05
iguana,hawk,-10.125059127807617,-5.91278076171875e-05
iguana,eagle,-10.125059127807617,-5.91278076171875e-05
iguana,owl,-10.06256103515625,-6.103515625e-05
iguana,canary,-9.750076293945312,-7.62939453125e-05
iguana,magpie,-9.812576293945312,-7.62939453125e-05
iguana,raven,-9.875072479248047,-7.2479248046875e-05
iguana,nightingale,-9.750078201293945,-7.82012939453125e-05
iguana,robin,-9.875072479248047,-7.2479248046875e-05
iguana,starling,-9.687585830688477,-8.58306884765625e-05
iguana,sparrow,-10.000064849853516,-6.4849853515625e-05
iguana,wren,-9.750078201293945,-7.82012939453125e-05
iguana,chicken,-10.000062942504883,-6.29425048828125e-05
iguana,cockerel,-9.687585830688477,-8.58306884765625e-05
iguana,turkey,-9.625085830688477,-8.58306884765625e-05
iguana,dove,-9.750076293945312,-7.62939453125e-05
iguana,pigeon,-10.000062942504883,-6.29425048828125e-05
iguana,partridge,-9.750080108642578,-8.0108642578125e-05
iguana,peacock,-9.750080108642578,-8.0108642578125e-05
iguana,crane,-9.750080108642578,-8.0108642578125e-05
iguana,flamingo,-9.812572479248047,-7.2479248046875e-05
iguana,heron,-10.062562942504883,-6.29425048828125e-05
iguana,duck,-10.125059127807617,-5.91278076171875e-05
iguana,goose,-10.000064849853516,-6.4849853515625e-05
iguana,pelican,-9.812576293945312,-7.62939453125e-05
iguana,penguin,-10.06256103515625,-6.103515625e-05
iguana,seagull,-10.12506103515625,-6.103515625e-05
iguana,swan,-10.062562942504883,-6.29425048828125e-05
iguana,hummingbird,-10.000064849853516,-6.4849853515625e-05
iguana,kingfisher,-9.750080108642578,-8.0108642578125e-05
iguana,woodpecker,-10.06256103515625,-6.103515625e-05
iguana,emu,-9.750080108642578,-8.0108642578125e-05
iguana,ostrich,-9.81257438659668,-7.43865966796875e-05
iguana,carp,-9.812576293945312,-7.62939453125e-05
iguana,goldfish,-10.06256103515625,-6.103515625e-05
iguana,minnow,-9.87507438659668,-7.43865966796875e-05
iguana,cod,-9.500091552734375,-9.1552734375e-05
iguana,herring,-9.625089645385742,-8.96453857421875e-05
iguana,sardine,-9.875070571899414,-7.05718994140625e-05
iguana,salmon,-9.937564849853516,-6.4849853515625e-05
iguana,trout,-9.875070571899414,-7.05718994140625e-05
iguana,eel,-10.125057220458984,-5.7220458984375e-05
iguana,flounder,-9.687583923339844,-8.392333984375e-05
iguana,mackerel,-9.562593460083008,-9.34600830078125e-05
iguana,tuna,-9.750078201293945,-7.82012939453125e-05
iguana,seahorse,-10.000066757202148,-6.67572021484375e-05
iguana,shark,-10.187555313110352,-5.53131103515625e-05
iguana,bee,-10.125059127807617,-5.91278076171875e-05
iguana,hornet,-10.000070571899414,-7.05718994140625e-05
iguana,wasp,-10.125062942504883,-6.29425048828125e-05
iguana,ant,-9.937570571899414,-7.05718994140625e-05
iguana,beetle,-10.312549591064453,-4.9591064453125e-05
iguana,ladybird,-9.687582015991211,-8.20159912109375e-05
iguana,butterfly,-10.187555313110352,-5.53131103515625e-05
iguana,moth,-9.875072479248047,-7.2479248046875e-05
iguana,cockroach,-9.812576293945312,-7.62939453125e-05
iguana,cricket,-10.125057220458984,-5.7220458984375e-05
iguana,grasshopper,-10.125057220458984,-5.7220458984375e-05
iguana,locust,-9.875072479248047,-7.2479248046875e-05
iguana,dragonfly,-10.06256103515625,-6.103515625e-05
iguana,flea,-9.875070571899414,-7.05718994140625e-05
iguana,housefly,-10.000066757202148,-6.67572021484375e-05
iguana,mosquito,-9.750082015991211,-8.20159912109375e-05
iguana,stick_insect,-9.437597274780273,-9.72747802734375e-05
iguana,termite,-9.875068664550781,-6.866455078125e-05
iguana,centipede,-10.12506103515625,-6.103515625e-05
iguana,millipede,-9.875072479248047,-7.2479248046875e-05
iguana,scorpion,-10.312551498413086,-5.14984130859375e-05
iguana,spider,-10.250053405761719,-5.340576171875e-05
iguana,tarantula,-10.187557220458984,-5.7220458984375e-05
iguana,crab,-10.187557220458984,-5.7220458984375e-05
iguana,crayfish,-10.000066757202148,-6.67572021484375e-05
iguana,lobster,-9.750078201293945,-7.82012939453125e-05
iguana,prawn,-9.750078201293945,-7.82012939453125e-05
iguana,shrimp,-9.750080108642578,-8.0108642578125e-05
iguana,slug,-10.06256103515625,-6.103515625e-05
iguana,snail,-10.125057220458984,-5.7220458984375e-05
iguana,clam,-9.812576293945312,-7.62939453125e-05
iguana,mussel,-9.750082015991211,-8.20159912109375e-05
iguana,scallop,-9.750082015991211,-8.20159912109375e-05
iguana,oyster,-9.437604904174805,-0.0001049041748046875
iguana,squid,-10.187553405761719,-5.340576171875e-05
iguana,octopus,-10.000066757202148,-6.67572021484375e-05
iguana,worm,-10.187553405761719,-5.340576171875e-05
iguana,jellyfish,-10.250055313110352,-5.53131103515625e-05
rattlesnake,animal,-6.103515625e-05,-11.37506103515625
rattlesnake,vertebrate,-4.57763671875e-05,-11.250045776367188
rattlesnake,invertebrate,-10.250053405761719,-5.340576171875e-05
rattlesnake,mammal,-10.375045776367188,-4.57763671875e-05
rattlesnake,bird,-10.125057220458984,-5.7220458984375e-05
rattlesnake,reptile,-4.1961669921875e-05,-11.500041961669922
rattlesnake,amphibian,-10.500043869018555,-4.38690185546875e-05
rattlesnake,fish,-10.125057220458984,-5.7220458984375e-05
rattlesnake,arthropod,-10.50004768371582,-4.76837158203125e-05
rattlesnake,insect,-10.375049591064453,-4.9591064453125e-05
rattlesnake,bird of prey,-10.375051498413086,-5.14984130859375e-05
rattlesnake,aquatic bird,-10.062566757202148,-6.67572021484375e-05
rattlesnake,canine,-10.125057220458984,-5.7220458984375e-05
rattlesnake,feline,-10.125055313110352,-5.53131103515625e-05
rattlesnake,primate,-10.12506103515625,-6.103515625e-05
rattlesnake,aquatic mammal,-10.125064849853516,-6.4849853515625e-05
rattlesnake,rodent,-10.437543869018555,-4.38690185546875e-05
rattlesnake,bat,-10.12506103515625,-6.103515625e-05
rattlesnake,bear,-10.125057220458984,-5.7220458984375e-05
rattlesnake,cat,-10.06256103515625,-6.103515625e-05
rattlesnake,cheetah,-10.125059127807617,-5.91278076171875e-05
rattlesnake,leopard,-9.187627792358398,-0.0001277923583984375
rattlesnake,lion,-10.000064849853516,-6.4849853515625e-05
rattlesnake,panther,-9.437601089477539,-0.0001010894775390625
rattlesnake,tiger,-9.500097274780273,-9.72747802734375e-05
rattlesnake,dog,-10.187557220458984,-5.7220458984375e-05
rattlesnake,fox,-9.937568664550781,-6.866455078125e-05
rattlesnake,hyena,-10.12506103515625,-6.103515625e-05
rattlesnake,wolf,-10.250053405761719,-5.340576171875e-05
rattlesnake,raccoon,-9.750080108642578,-8.0108642578125e-05
rattlesnake,skunk,-9.750076293945312,-7.62939453125e-05
rattlesnake,otter,-9.750080108642578,-8.0108642578125e-05
rattlesnake,beaver,-9.750078201293945,-7.82012939453125e-05
rattlesnake,chipmunk,-9.812576293945312,-7.62939453125e-05
rattlesnake,squirrel,-9.875072479248047,-7.2479248046875e-05
rattlesnake,gerbil,-9.625089645385742,-8.96453857421875e-05
rattlesnake,guinea_pig,-9.812578201293945,-7.82012939453125e-05
rattlesnake,hamster,-9.81257438659668,-7.43865966796875e-05
rattlesnake,mouse,-9.875068664550781,-6.866455078125e-05
rattlesnake,porcupine,-9.87507438659668,-7.43865966796875e-05
rattlesnake,rat,-9.437601089477539,-0.0001010894775390625
rattlesnake,buffalo,-9.625093460083008,-9.34600830078125e-05
rattlesnake,cow,-9.62508773803711,-8.7738037109375e-05
rattlesnake,ox,-9.562593460083008,-9.34600830078125e-05
rattlesnake,goat,-9.875072479248047,-7.2479248046875e-05
rattlesnake,sheep,-9.87507438659668,-7.43865966796875e-05
rattlesnake,deer,-10.000066757202148,-6.67572021484375e-05
rattlesnake,moose,-9.812578201293945,-7.82012939453125e-05
rattlesnake,giraffe,-9.750082015991211,-8.20159912109375e-05
rattlesnake,camel,-9.750080108642578,-8.0108642578125e-05
rattlesnake,hippo,-9.687585830688477,-8.58306884765625e-05
rattlesnake,llama,-9.687583923339844,-8.392333984375e-05
rattlesnake,pig,-9.750082015991211,-8.20159912109375e-05
rattlesnake,donkey,-10.000068664550781,-6.866455078125e-05
rattlesnake,horse,-9.87507438659668,-7.43865966796875e-05
rattlesnake,pony,-9.750083923339844,-8.392333984375e-05
rattlesnake,zebra,-9.750082015991211,-8.20159912109375e-05
rattlesnake,rhino,-9.812580108642578,-8.0108642578125e-05
rattlesnake,gorilla,-9.812576293945312,-7.62939453125e-05
rattlesnake,monkey,-10.062564849853516,-6.4849853515625e-05
rattlesnake,hedgehog,-10.062564849853516,-6.4849853515625e-05
rattlesnake,rabbit,-10.125057220458984,-5.7220458984375e-05
rattlesnake,seal,-9.812576293945312,-7.62939453125e-05
rattlesnake,walrus,-9.750083923339844,-8.392333984375e-05
rattlesnake,dolphin,-10.000066757202148,-6.67572021484375e-05
rattlesnake,whale,-9.875072479248047,-7.2479248046875e-05
rattlesnake,elephant,-9.750080108642578,-8.0108642578125e-05
rattlesnake,kangaroo,-9.875072479248047,-7.2479248046875e-05
rattlesnake,platypus,-10.062564849853516,-6.4849853515625e-05
rattlesnake,crocodile,-10.125059127807617,-5.91278076171875e-05
rattlesnake,alligator,-10.187557220458984,-5.7220458984375e-05
rattlesnake,lizard,-8.187808990478516,-0.000308990478515625
rattlesnake,iguana,-10.125057220458984,-5.7220458984375e-05
rattlesnake,rattlesnake,-0.0001983642578125,-9.250198364257812
rattlesnake,tortoise,-10.125057220458984,-5.7220458984375e-05
rattlesnake,turtle,-10.125057220458984,-5.7220458984375e-05
rattlesnake,frog,-10.37504768371582,-4.76837158203125e-05
rattlesnake,toad,-10.125059127807617,-5.91278076171875e-05
rattlesnake,budgie,-9.62508773803711,-8.7738037109375e-05
rattlesnake,parakeet,-10.062568664550781,-6.866455078125e-05
rattlesnake,buzzard,-10.062564849853516,-6.4849853515625e-05
rattlesnake,falcon,-10.000066757202148,-6.67572021484375e-05
rattlesnake,hawk,-10.125059127807617,-5.91278076171875e-05
rattlesnake,eagle,-10.06256103515625,-6.103515625e-05
rattlesnake,owl,-9.81257438659668,-7.43865966796875e-05
rattlesnake,canary,-9.62508773803711,-8.7738037109375e-05
rattlesnake,magpie,-9.875072479248047,-7.2479248046875e-05
rattlesnake,raven,-9.68758773803711,-8.7738037109375e-05
rattlesnake,nightingale,-9.62508773803711,-8.7738037109375e-05
rattlesnake,robin,-9.81257438659668,-7.43865966796875e-05
rattlesnake,starling,-9.687583923339844,-8.392333984375e-05
rattlesnake,sparrow,-9.875072479248047,-7.2479248046875e-05
rattlesnake,wren,-9.500097274780273,-9.72747802734375e-05
rattlesnake,chicken,-9.750078201293945,-7.82012939453125e-05
rattlesnake,cockerel,-9.56259536743164,-9.5367431640625e-05
rattlesnake,turkey,-9.375110626220703,-0.000110626220703125
rattlesnake,dove,-9.750082015991211,-8.20159912109375e-05
rattlesnake,pigeon,-9.875072479248047,-7.2479248046875e-05
rattlesnake,partridge,-9.625091552734375,-9.1552734375e-05
rattlesnake,peacock,-9.687585830688477,-8.58306884765625e-05
rattlesnake,crane,-9.750080108642578,-8.0108642578125e-05
rattlesnake,flamingo,-9.750078201293945,-7.82012939453125e-05
rattlesnake,heron,-10.000068664550781,-6.866455078125e-05
rattlesnake,duck,-9.812576293945312,-7.62939453125e-05
rattlesnake,goose,-9.750080108642578,-8.0108642578125e-05
rattlesnake,pelican,-9.687585830688477,-8.58306884765625e-05
rattlesnake,penguin,-9.875070571899414,-7.05718994140625e-05
rattlesnake,seagull,-10.000068664550781,-6.866455078125e-05
rattlesnake,swan,-9.87507438659668,-7.43865966796875e-05
rattlesnake,hummingbird,-9.812576293945312,-7.62939453125e-05
rattlesnake,kingfisher,-9.750080108642578,-8.0108642578125e-05
rattlesnake,woodpecker,-9.750078201293945,-7.82012939453125e-05
rattlesnake,emu,-10.000066757202148,-6.67572021484375e-05
rattlesnake,ostrich,-9.750078201293945,-7.82012939453125e-05
rattlesnake,carp,-9.750080108642578,-8.0108642578125e-05
rattlesnake,goldfish,-9.750078201293945,-7.82012939453125e-05
rattlesnake,minnow,-9.812578201293945,-7.82012939453125e-05
rattlesnake,cod,-9.437599182128906,-9.918212890625e-05
rattlesnake,herring,-9.625089645385742,-8.96453857421875e-05
rattlesnake,sardine,-9.875072479248047,-7.2479248046875e-05
rattlesnake,salmon,-9.750078201293945,-7.82012939453125e-05
rattlesnake,trout,-9.62508773803711,-8.7738037109375e-05
rattlesnake,eel,-10.125059127807617,-5.91278076171875e-05
rattlesnake,flounder,-9.500099182128906,-9.918212890625e-05
rattlesnake,mackerel,-9.437604904174805,-0.0001049041748046875
rattlesnake,tuna,-9.687583923339844,-8.392333984375e-05
rattlesnake,seahorse,-9.87507438659668,-7.43865966796875e-05
rattlesnake,shark,-10.12506103515625,-6.103515625e-05
rattlesnake,bee,-10.125059127807617,-5.91278076171875e-05
rattlesnake,hornet,-10.000068664550781,-6.866455078125e-05
rattlesnake,wasp,-10.187557220458984,-5.7220458984375e-05
rattlesnake,ant,-10.06256103515625,-6.103515625e-05
rattlesnake,beetle,-10.375045776367188,-4.57763671875e-05
rattlesnake,ladybird,-9.750080108642578,-8.0108642578125e-05
rattlesnake,butterfly,-10.125059127807617,-5.91278076171875e-05
rattlesnake,moth,-9.87507438659668,-7.43865966796875e-05
rattlesnake,cockroach,-10.062562942504883,-6.29425048828125e-05
rattlesnake,cricket,-10.125057220458984,-5.7220458984375e-05
rattlesnake,grasshopper,-10.125057220458984,-5.7220458984375e-05
rattlesnake,locust,-9.937568664550781,-6.866455078125e-05
rattlesnake,dragonfly,-10.125059127807617,-5.91278076171875e-05
rattlesnake,flea,-10.062562942504883,-6.29425048828125e-05
rattlesnake,housefly,-10.000066757202148,-6.67572021484375e-05
rattlesnake,mosquito,-10.000066757202148,-6.67572021484375e-05
rattlesnake,stick_insect,-9.875070571899414,-7.05718994140625e-05
rattlesnake,termite,-10.06256103515625,-6.103515625e-05
rattlesnake,centipede,-10.250057220458984,-5.7220458984375e-05
rattlesnake,millipede,-9.750082015991211,-8.20159912109375e-05
rattlesnake,scorpion,-10.312551498413086,-5.14984130859375e-05
rattlesnake,spider,-10.37504768371582,-4.76837158203125e-05
rattlesnake,tarantula,-10.12506103515625,-6.103515625e-05
rattlesnake,crab,-10.062562942504883,-6.29425048828125e-05
rattlesnake,crayfish,-9.812576293945312,-7.62939453125e-05
rattlesnake,lobster,-9.750078201293945,-7.82012939453125e-05
rattlesnake,prawn,-9.81257438659668,-7.43865966796875e-05
rattlesnake,shrimp,-9.625089645385742,-8.96453857421875e-05
rattlesnake,slug,-10.12506103515625,-6.103515625e-05
rattlesnake,snail,-10.12506103515625,-6.103515625e-05
rattlesnake,clam,-9.750080108642578,-8.0108642578125e-05
rattlesnake,mussel,-9.562593460083008,-9.34600830078125e-05
rattlesnake,scallop,-9.625091552734375,-9.1552734375e-05
rattlesnake,oyster,-9.375112533569336,-0.0001125335693359375
rattlesnake,squid,-10.187555313110352,-5.53131103515625e-05
rattlesnake,octopus,-9.937570571899414,-7.05718994140625e-05
rattlesnake,worm,-10.187553405761719,-5.340576171875e-05
rattlesnake,jellyfish,-10.12506103515625,-6.103515625e-05
tortoise,animal,-5.340576171875e-05,-11.687553405761719
tortoise,vertebrate,-6.67572021484375e-05,-10.750066757202148
tortoise,invertebrate,-10.000068664550781,-6.866455078125e-05
tortoise,mammal,-10.375045776367188,-4.57763671875e-05
tortoise,bird,-10.062559127807617,-5.91278076171875e-05
tortoise,reptile,-4.57763671875e-05,-11.562545776367188
tortoise,amphibian,-10.37504768371582,-4.76837158203125e-05
tortoise,fish,-10.375045776367188,-4.57763671875e-05
tortoise,arthropod,-10.375051498413086,-5.14984130859375e-05
tortoise,insect,-10.37504768371582,-4.76837158203125e-05
tortoise,bird of prey,-10.125062942504883,-6.29425048828125e-05
tortoise,aquatic bird,-9.937570571899414,-7.05718994140625e-05
tortoise,canine,-10.187553405761719,-5.340576171875e-05
tortoise,feline,-10.062557220458984,-5.7220458984375e-05
tortoise,primate,-10.125057220458984,-5.7220458984375e-05
tortoise,aquatic mammal,-10.000068664550781,-6.866455078125e-05
tortoise,rodent,-10.31254768371582,-4.76837158203125e-05
tortoise,bat,-9.875072479248047,-7.2479248046875e-05
tortoise,bear,-10.00006103515625,-6.103515625e-05
tortoise,cat,-10.125055313110352,-5.53131103515625e-05
tortoise,cheetah,-10.000062942504883,-6.29425048828125e-05
tortoise,leopard,-9.500097274780273,-9.72747802734375e-05
tortoise,lion,-9.937566757202148,-6.67572021484375e-05
tortoise,panther,-9.750080108642578,-8.0108642578125e-05
tortoise,tiger,-9.937566757202148,-6.67572021484375e-05
tortoise,dog,-10.125057220458984,-5.7220458984375e-05
tortoise,fox,-10.125057220458984,-5.7220458984375e-05
tortoise,hyena,-10.000064849853516,-6.4849853515625e-05
tortoise,wolf,-10.06256103515625,-6.103515625e-05
tortoise,raccoon,-9.687583923339844,-8.392333984375e-05
tortoise,skunk,-9.750076293945312,-7.62939453125e-05
tortoise,otter,-9.937566757202148,-6.67572021484375e-05
tortoise,beaver,-9.875070571899414,-7.05718994140625e-05
tortoise,chipmunk,-10.000062942504883,-6.29425048828125e-05
tortoise,squirrel,-10.125057220458984,-5.7220458984375e-05
tortoise,gerbil,-9.812572479248047,-7.2479248046875e-05
tortoise,guinea_pig,-10.000062942504883,-6.29425048828125e-05
tortoise,hamster,-9.937564849853516,-6.4849853515625e-05
tortoise,mouse,-9.937562942504883,-6.29425048828125e-05
tortoise,porcupine,-9.625091552734375,-9.1552734375e-05
tortoise,rat,-10.000062942504883,-6.29425048828125e-05
tortoise,buffalo,-9.812576293945312,-7.62939453125e-05
tortoise,cow,-9.937564849853516,-6.4849853515625e-05
tortoise,ox,-9.50009536743164,-9.5367431640625e-05
tortoise,goat,-9.812576293945312,-7.62939453125e-05
tortoise,sheep,-9.937566757202148,-6.67572021484375e-05
tortoise,deer,-10.000062942504883,-6.29425048828125e-05
tortoise,moose,-9.750078201293945,-7.82012939453125e-05
tortoise,giraffe,-9.625085830688477,-8.58306884765625e-05
tortoise,camel,-9.437601089477539,-0.0001010894775390625
tortoise,hippo,-9.625085830688477,-8.58306884765625e-05
tortoise,llama,-9.750076293945312,-7.62939453125e-05
tortoise,pig,-9.875070571899414,-7.05718994140625e-05
tortoise,donkey,-9.937566757202148,-6.67572021484375e-05
tortoise,horse,-10.062559127807617,-5.91278076171875e-05
tortoise,pony,-9.750078201293945,-7.82012939453125e-05
tortoise,zebra,-9.937566757202148,-6.67572021484375e-05
tortoise,rhino,-9.875070571899414,-7.05718994140625e-05
tortoise,gorilla,-9.625083923339844,-8.392333984375e-05
tortoise,monkey,-10.06256103515625,-6.103515625e-05
tortoise,hedgehog,-10.000064849853516,-6.4849853515625e-05
tortoise,rabbit,-10.00006103515625,-6.103515625e-05
tortoise,seal,-9.937566757202148,-6.67572021484375e-05
tortoise,walrus,-9.687583923339844,-8.392333984375e-05
tortoise,dolphin,-10.062559127807617,-5.91278076171875e-05
tortoise,whale,-10.000062942504883,-6.29425048828125e-05
tortoise,elephant,-9.687580108642578,-8.0108642578125e-05
tortoise,kangaroo,-10.000062942504883,-6.29425048828125e-05
tortoise,platypus,-9.875072479248047,-7.2479248046875e-05
tortoise,crocodile,-9.875070571899414,-7.05718994140625e-05
tortoise,alligator,-10.000064849853516,-6.4849853515625e-05
tortoise,lizard,-8.875167846679688,-0.0001678466796875
tortoise,iguana,-9.500099182128906,-9.918212890625e-05
tortoise,rattlesnake,-10.000064849853516,-6.4849853515625e-05
tortoise,tortoise,-0.001194000244140625,-7.438694000244141
tortoise,turtle,-0.0001697540283203125,-9.68766975402832
tortoise,frog,-10.312549591064453,-4.9591064453125e-05
tortoise,toad,-10.000062942504883,-6.29425048828125e-05
tortoise,budgie,-9.687582015991211,-8.20159912109375e-05
tortoise,parakeet,-10.000066757202148,-6.67572021484375e-05
tortoise,buzzard,-10.062564849853516,-6.4849853515625e-05
tortoise,falcon,-9.937566757202148,-6.67572021484375e-05
tortoise,hawk,-10.000064849853516,-6.4849853515625e-05
tortoise,eagle,-9.875072479248047,-7.2479248046875e-05
tortoise,owl,-9.937566757202148,-6.67572021484375e-05
tortoise,canary,-9.81257438659668,-7.43865966796875e-05
tortoise,magpie,-9.750078201293945,-7.82012939453125e-05
tortoise,raven,-9.812576293945312,-7.62939453125e-05
tortoise,nightingale,-9.500097274780273,-9.72747802734375e-05
tortoise,robin,-9.81257438659668,-7.43865966796875e-05
tortoise,starling,-9.625089645385742,-8.96453857421875e-05
tortoise,sparrow,-9.937566757202148,-6.67572021484375e-05
tortoise,wren,-9.687582015991211,-8.20159912109375e-05
tortoise,chicken,-9.937564849853516,-6.4849853515625e-05
tortoise,cockerel,-9.625089645385742,-8.96453857421875e-05
tortoise,turkey,-9.625085830688477,-8.58306884765625e-05
tortoise,dove,-9.750080108642578,-8.0108642578125e-05
tortoise,pigeon,-9.875070571899414,-7.05718994140625e-05
tortoise,partridge,-9.875070571899414,-7.05718994140625e-05
tortoise,peacock,-9.625089645385742,-8.96453857421875e-05
tortoise,crane,-9.750078201293945,-7.82012939453125e-05
tortoise,flamingo,-9.625085830688477,-8.58306884765625e-05
tortoise,heron,-9.937568664550781,-6.866455078125e-05
tortoise,duck,-10.000062942504883,-6.29425048828125e-05
tortoise,goose,-9.875068664550781,-6.866455078125e-05
tortoise,pelican,-9.62508773803711,-8.7738037109375e-05
tortoise,penguin,-9.812572479248047,-7.2479248046875e-05
tortoise,seagull,-10.000062942504883,-6.29425048828125e-05
tortoise,swan,-9.937566757202148,-6.67572021484375e-05
tortoise,hummingbird,-9.875070571899414,-7.05718994140625e-05
tortoise,kingfisher,-9.625089645385742,-8.96453857421875e-05
tortoise,woodpecker,-9.81257438659668,-7.43865966796875e-05
tortoise,emu,-9.812576293945312,-7.62939453125e-05
tortoise,ostrich,-9.937564849853516,-6.4849853515625e-05
tortoise,carp,-9.81257438659668,-7.43865966796875e-05
tortoise,goldfish,-9.81257438659668,-7.43865966796875e-05
tortoise,minnow,-9.937568664550781,-6.866455078125e-05
tortoise,cod,-9.437597274780273,-9.72747802734375e-05
tortoise,herring,-9.562591552734375,-9.1552734375e-05
tortoise,sardine,-9.812572479248047,-7.2479248046875e-05
tortoise,salmon,-10.00006103515625,-6.103515625e-05
tortoise,trout,-9.687580108642578,-8.0108642578125e-05
tortoise,eel,-10.187553405761719,-5.340576171875e-05
tortoise,flounder,-9.625085830688477,-8.58306884765625e-05
tortoise,mackerel,-9.62508773803711,-8.7738037109375e-05
tortoise,tuna,-9.75007438659668,-7.43865966796875e-05
tortoise,seahorse,-9.875070571899414,-7.05718994140625e-05
tortoise,shark,-10.06256103515625,-6.103515625e-05
tortoise,bee,-9.937566757202148,-6.67572021484375e-05
tortoise,hornet,-9.937570571899414,-7.05718994140625e-05
tortoise,wasp,-9.87507438659668,-7.43865966796875e-05
tortoise,ant,-9.937566757202148,-6.67572021484375e-05
tortoise,beetle,-10.250051498413086,-5.14984130859375e-05
tortoise,ladybird,-9.37510871887207,-0.0001087188720703125
tortoise,butterfly,-10.000066757202148,-6.67572021484375e-05
tortoise,moth,-9.81257438659668,-7.43865966796875e-05
tortoise,cockroach,-9.812576293945312,-7.62939453125e-05
tortoise,cricket,-9.937566757202148,-6.67572021484375e-05
tortoise,grasshopper,-10.125057220458984,-5.7220458984375e-05
tortoise,locust,-9.875072479248047,-7.2479248046875e-05
tortoise,dragonfly,-10.000064849853516,-6.4849853515625e-05
tortoise,flea,-9.875072479248047,-7.2479248046875e-05
tortoise,housefly,-9.937568664550781,-6.866455078125e-05
tortoise,mosquito,-9.875072479248047,-7.2479248046875e-05
tortoise,stick_insect,-9.687580108642578,-8.0108642578125e-05
tortoise,termite,-9.875070571899414,-7.05718994140625e-05
tortoise,centipede,-10.062562942504883,-6.29425048828125e-05
tortoise,millipede,-9.750080108642578,-8.0108642578125e-05
tortoise,scorpion,-10.000064849853516,-6.4849853515625e-05
tortoise,spider,-10.250053405761719,-5.340576171875e-05
tortoise,tarantula,-9.937568664550781,-6.866455078125e-05
tortoise,crab,-9.937566757202148,-6.67572021484375e-05
tortoise,crayfish,-9.875072479248047,-7.2479248046875e-05
tortoise,lobster,-9.750076293945312,-7.62939453125e-05
tortoise,prawn,-9.812570571899414,-7.05718994140625e-05
tortoise,shrimp,-9.750078201293945,-7.82012939453125e-05
tortoise,slug,-9.562589645385742,-8.96453857421875e-05
tortoise,snail,-7.313224792480469,-0.00072479248046875
tortoise,clam,-9.312616348266602,-0.0001163482666015625
tortoise,mussel,-9.687582015991211,-8.20159912109375e-05
tortoise,scallop,-9.437602996826172,-0.000102996826171875
tortoise,oyster,-9.437601089477539,-0.0001010894775390625
tortoise,squid,-10.000062942504883,-6.29425048828125e-05
tortoise,octopus,-9.875068664550781,-6.866455078125e-05
tortoise,worm,-10.250051498413086,-5.14984130859375e-05
tortoise,jellyfish,-10.187555313110352,-5.53131103515625e-05
turtle,animal,-5.53131103515625e-05,-11.875055313110352
turtle,vertebrate,-5.340576171875e-05,-11.125053405761719
turtle,invertebrate,-10.000068664550781,-6.866455078125e-05
turtle,mammal,-10.625036239624023,-3.62396240234375e-05
turtle,bird,-10.062559127807617,-5.91278076171875e-05
turtle,reptile,-3.814697265625e-05,-11.937538146972656
turtle,amphibian,-10.250053405761719,-5.340576171875e-05
turtle,fish,-10.250049591064453,-4.9591064453125e-05
turtle,arthropod,-10.250059127807617,-5.91278076171875e-05
turtle,insect,-10.312553405761719,-5.340576171875e-05
turtle,bird of prey,-10.12506103515625,-6.103515625e-05
turtle,aquatic bird,-10.000066757202148,-6.67572021484375e-05
turtle,canine,-10.125057220458984,-5.7220458984375e-05
turtle,feline,-10.062557220458984,-5.7220458984375e-05
turtle,primate,-10.125057220458984,-5.7220458984375e-05
turtle,aquatic mammal,-10.062562942504883,-6.29425048828125e-05
turtle,rodent,-10.125057220458984,-5.7220458984375e-05
turtle,bat,-9.937568664550781,-6.866455078125e-05
turtle,bear,-10.000062942504883,-6.29425048828125e-05
turtle,cat,-10.125055313110352,-5.53131103515625e-05
turtle,cheetah,-10.000064849853516,-6.4849853515625e-05
turtle,leopard,-9.500099182128906,-9.918212890625e-05
turtle,lion,-9.875070571899414,-7.05718994140625e-05
turtle,panther,-9.625089645385742,-8.96453857421875e-05
turtle,tiger,-9.625089645385742,-8.96453857421875e-05
turtle,dog,-10.062559127807617,-5.91278076171875e-05
turtle,fox,-10.000062942504883,-6.29425048828125e-05
turtle,hyena,-10.062562942504883,-6.29425048828125e-05
turtle,wolf,-10.000064849853516,-6.4849853515625e-05
turtle,raccoon,-9.562593460083008,-9.34600830078125e-05
turtle,skunk,-9.62508773803711,-8.7738037109375e-05
turtle,otter,-9.875070571899414,-7.05718994140625e-05
turtle,beaver,-9.687582015991211,-8.20159912109375e-05
turtle,chipmunk,-9.81257438659668,-7.43865966796875e-05
turtle,squirrel,-10.000062942504883,-6.29425048828125e-05
turtle,gerbil,-9.750078201293945,-7.82012939453125e-05
turtle,guinea_pig,-9.750080108642578,-8.0108642578125e-05
turtle,hamster,-10.00006103515625,-6.103515625e-05
turtle,mouse,-9.875068664550781,-6.866455078125e-05
turtle,porcupine,-9.500102996826172,-0.000102996826171875
turtle,rat,-9.875068664550781,-6.866455078125e-05
turtle,buffalo,-9.687582015991211,-8.20159912109375e-05
turtle,cow,-9.687582015991211,-8.20159912109375e-05
turtle,ox,-9.375106811523438,-0.0001068115234375
turtle,goat,-9.750080108642578,-8.0108642578125e-05
turtle,sheep,-10.06256103515625,-6.103515625e-05
turtle,deer,-10.06256103515625,-6.103515625e-05
turtle,moose,-9.687583923339844,-8.392333984375e-05
turtle,giraffe,-9.625089645385742,-8.96453857421875e-05
turtle,camel,-9.562591552734375,-9.1552734375e-05
turtle,hippo,-9.500097274780273,-9.72747802734375e-05
turtle,llama,-9.687582015991211,-8.20159912109375e-05
turtle,pig,-9.750078201293945,-7.82012939453125e-05
turtle,donkey,-9.875070571899414,-7.05718994140625e-05
turtle,horse,-9.937568664550781,-6.866455078125e-05
turtle,pony,-9.750078201293945,-7.82012939453125e-05
turtle,zebra,-9.875072479248047,-7.2479248046875e-05
turtle,rhino,-9.81257438659668,-7.43865966796875e-05
turtle,gorilla,-9.62508773803711,-8.7738037109375e-05
turtle,monkey,-10.06256103515625,-6.103515625e-05
turtle,hedgehog,-10.000064849853516,-6.4849853515625e-05
turtle,rabbit,-10.000062942504883,-6.29425048828125e-05
turtle,seal,-10.000062942504883,-6.29425048828125e-05
turtle,walrus,-9.562593460083008,-9.34600830078125e-05
turtle,dolphin,-10.062559127807617,-5.91278076171875e-05
turtle,whale,-10.062559127807617,-5.91278076171875e-05
turtle,elephant,-9.750076293945312,-7.62939453125e-05
turtle,kangaroo,-9.81257438659668,-7.43865966796875e-05
turtle,platypus,-9.687583923339844,-8.392333984375e-05
turtle,crocodile,-10.000064849853516,-6.4849853515625e-05
turtle,alligator,-10.06256103515625,-6.103515625e-05
turtle,lizard,-9.187627792358398,-0.0001277923583984375
turtle,iguana,-9.62508773803711,-8.7738037109375e-05
turtle,rattlesnake,-10.06256103515625,-6.103515625e-05
turtle,tortoise,-4.821722030639648,-0.009222030639648438
turtle,turtle,-0.0006999969482421875,-7.938199996948242
turtle,frog,-10.375045776367188,-4.57763671875e-05
turtle,toad,-10.000064849853516,-6.4849853515625e-05
turtle,budgie,-9.62508773803711,-8.7738037109375e-05
turtle,parakeet,-10.000070571899414,-7.05718994140625e-05
turtle,buzzard,-10.000068664550781,-6.866455078125e-05
turtle,falcon,-9.875072479248047,-7.2479248046875e-05
turtle,hawk,-9.937568664550781,-6.866455078125e-05
turtle,eagle,-9.937568664550781,-6.866455078125e-05
turtle,owl,-9.937568664550781,-6.866455078125e-05
turtle,canary,-9.750078201293945,-7.82012939453125e-05
turtle,magpie,-9.750078201293945,-7.82012939453125e-05
turtle,raven,-9.62508773803711,-8.7738037109375e-05
turtle,nightingale,-9.500097274780273,-9.72747802734375e-05
turtle,robin,-9.687582015991211,-8.20159912109375e-05
turtle,starling,-9.625089645385742,-8.96453857421875e-05
turtle,sparrow,-9.875072479248047,-7.2479248046875e-05
turtle,wren,-9.62508773803711,-8.7738037109375e-05
turtle,chicken,-9.812572479248047,-7.2479248046875e-05
turtle,cockerel,-9.687583923339844,-8.392333984375e-05
turtle,turkey,-9.375106811523438,-0.0001068115234375
turtle,dove,-9.750078201293945,-7.82012939453125e-05
turtle,pigeon,-9.750078201293945,-7.82012939453125e-05
turtle,partridge,-9.625089645385742,-8.96453857421875e-05
turtle,peacock,-9.62508773803711,-8.7738037109375e-05
turtle,crane,-9.62508773803711,-8.7738037109375e-05
turtle,flamingo,-9.687580108642578,-8.0108642578125e-05
turtle,heron,-9.87507438659668,-7.43865966796875e-05
turtle,duck,-10.000064849853516,-6.4849853515625e-05
turtle,goose,-9.875068664550781,-6.866455078125e-05
turtle,pelican,-9.625089645385742,-8.96453857421875e-05
turtle,penguin,-9.750076293945312,-7.62939453125e-05
turtle,seagull,-10.06256103515625,-6.103515625e-05
turtle,swan,-9.937566757202148,-6.67572021484375e-05
turtle,hummingbird,-9.62508773803711,-8.7738037109375e-05
turtle,kingfisher,-9.687585830688477,-8.58306884765625e-05
turtle,woodpecker,-9.750078201293945,-7.82012939453125e-05
turtle,emu,-9.750078201293945,-7.82012939453125e-05
turtle,ostrich,-9.687582015991211,-8.20159912109375e-05
turtle,carp,-9.625085830688477,-8.58306884765625e-05
turtle,goldfish,-9.750078201293945,-7.82012939453125e-05
turtle,minnow,-9.937570571899414,-7.05718994140625e-05
turtle,cod,-9.375102996826172,-0.000102996826171875
turtle,herring,-9.500097274780273,-9.72747802734375e-05
turtle,sardine,-9.687580108642578,-8.0108642578125e-05
turtle,salmon,-9.812572479248047,-7.2479248046875e-05
turtle,trout,-9.750076293945312,-7.62939453125e-05
turtle,eel,-10.125057220458984,-5.7220458984375e-05
turtle,flounder,-9.62508773803711,-8.7738037109375e-05
turtle,mackerel,-9.62508773803711,-8.7738037109375e-05
turtle,tuna,-9.625085830688477,-8.58306884765625e-05
turtle,seahorse,-9.750078201293945,-7.82012939453125e-05
turtle,shark,-10.125059127807617,-5.91278076171875e-05
turtle,bee,-10.000064849853516,-6.4849853515625e-05
turtle,hornet,-9.937570571899414,-7.05718994140625e-05
turtle,wasp,-10.000068664550781,-6.866455078125e-05
turtle,ant,-9.937568664550781,-6.866455078125e-05
turtle,beetle,-10.37504768371582,-4.76837158203125e-05
turtle,ladybird,-9.37510871887207,-0.0001087188720703125
turtle,butterfly,-10.062562942504883,-6.29425048828125e-05
turtle,moth,-9.812576293945312,-7.62939453125e-05
turtle,cockroach,-9.687583923339844,-8.392333984375e-05
turtle,cricket,-10.000064849853516,-6.4849853515625e-05
turtle,grasshopper,-10.125059127807617,-5.91278076171875e-05
turtle,locust,-9.937568664550781,-6.866455078125e-05
turtle,dragonfly,-10.000066757202148,-6.67572021484375e-05
turtle,flea,-10.000066757202148,-6.67572021484375e-05
turtle,housefly,-9.750080108642578,-8.0108642578125e-05
turtle,mosquito,-9.750083923339844,-8.392333984375e-05
turtle,stick_insect,-9.625085830688477,-8.58306884765625e-05
turtle,termite,-9.750078201293945,-7.82012939453125e-05
turtle,centipede,-10.062566757202148,-6.67572021484375e-05
turtle,millipede,-9.750080108642578,-8.0108642578125e-05
turtle,scorpion,-10.000066757202148,-6.67572021484375e-05
turtle,spider,-10.062562942504883,-6.29425048828125e-05
turtle,tarantula,-9.750082015991211,-8.20159912109375e-05
turtle,crab,-9.937566757202148,-6.67572021484375e-05
turtle,crayfish,-9.937568664550781,-6.866455078125e-05
turtle,lobster,-9.625083923339844,-8.392333984375e-05
turtle,prawn,-9.750076293945312,-7.62939453125e-05
turtle,shrimp,-9.750076293945312,-7.62939453125e-05
turtle,slug,-9.625083923339844,-8.392333984375e-05
turtle,snail,-8.812677383422852,-0.0001773834228515625
turtle,clam,-9.375106811523438,-0.0001068115234375
turtle,mussel,-9.62508773803711,-8.7738037109375e-05
turtle,scallop,-9.62508773803711,-8.7738037109375e-05
turtle,oyster,-9.187627792358398,-0.0001277923583984375
turtle,squid,-10.062559127807617,-5.91278076171875e-05
turtle,octopus,-9.875070571899414,-7.05718994140625e-05
turtle,worm,-10.125057220458984,-5.7220458984375e-05
turtle,jellyfish,-10.062562942504883,-6.29425048828125e-05
frog,animal,-4.1961669921875e-05,-12.125041961669922
frog,vertebrate,-4.1961669921875e-05,-11.437541961669922
frog,invertebrate,-10.375049591064453,-4.9591064453125e-05
frog,mammal,-10.937530517578125,-3.0517578125e-05
frog,bird,-10.562540054321289,-4.00543212890625e-05
frog,reptile,-10.625040054321289,-4.00543212890625e-05
frog,amphibian,-3.814697265625e-05,-12.312538146972656
frog,fish,-10.125055313110352,-5.53131103515625e-05
frog,arthropod,-10.687543869018555,-4.38690185546875e-05
frog,insect,-10.687538146972656,-3.814697265625e-05
frog,bird of prey,-10.000068664550781,-6.866455078125e-05
frog,aquatic bird,-10.18756103515625,-6.103515625e-05
frog,canine,-10.125057220458984,-5.7220458984375e-05
frog,feline,-10.125057220458984,-5.7220458984375e-05
frog,primate,-10.312551498413086,-5.14984130859375e-05
frog,aquatic mammal,-10.187559127807617,-5.91278076171875e-05
frog,rodent,-10.562540054321289,-4.00543212890625e-05
frog,bat,-10.250053405761719,-5.340576171875e-05
frog,bear,-10.062559127807617,-5.91278076171875e-05
frog,cat,-10.31254768371582,-4.76837158203125e-05
frog,cheetah,-10.125057220458984,-5.7220458984375e-05
frog,leopard,-9.750080108642578,-8.0108642578125e-05
frog,lion,-10.06256103515625,-6.103515625e-05
frog,panther,-9.875072479248047,-7.2479248046875e-05
frog,tiger,-10.000062942504883,-6.29425048828125e-05
frog,dog,-10.250049591064453,-4.9591064453125e-05
frog,fox,-10.06256103515625,-6.103515625e-05
frog,hyena,-10.125059127807617,-5.91278076171875e-05
frog,wolf,-10.125057220458984,-5.7220458984375e-05
frog,raccoon,-10.000066757202148,-6.67572021484375e-05
frog,skunk,-10.000066757202148,-6.67572021484375e-05
frog,otter,-10.125059127807617,-5.91278076171875e-05
frog,beaver,-10.062559127807617,-5.91278076171875e-05
frog,chipmunk,-10.12506103515625,-6.103515625e-05
frog,squirrel,-10.250055313110352,-5.53131103515625e-05
frog,gerbil,-10.000066757202148,-6.67572021484375e-05
frog,guinea_pig,-10.062564849853516,-6.4849853515625e-05
frog,hamster,-10.250051498413086,-5.14984130859375e-05
frog,mouse,-10.31254768371582,-4.76837158203125e-05
frog,porcupine,-9.812580108642578,-8.0108642578125e-05
frog,rat,-10.312549591064453,-4.9591064453125e-05
frog,buffalo,-9.812576293945312,-7.62939453125e-05
frog,cow,-10.06256103515625,-6.103515625e-05
frog,ox,-9.625085830688477,-8.58306884765625e-05
frog,goat,-10.125059127807617,-5.91278076171875e-05
frog,sheep,-10.125059127807617,-5.91278076171875e-05
frog,deer,-10.062562942504883,-6.29425048828125e-05
frog,moose,-10.000066757202148,-6.67572021484375e-05
frog,giraffe,-9.875070571899414,-7.05718994140625e-05
frog,camel,-9.875072479248047,-7.2479248046875e-05
frog,hippo,-9.750080108642578,-8.0108642578125e-05
frog,llama,-9.875072479248047,-7.2479248046875e-05
frog,pig,-10.062562942504883,-6.29425048828125e-05
frog,donkey,-10.125059127807617,-5.91278076171875e-05
frog,horse,-10.125057220458984,-5.7220458984375e-05
frog,pony,-9.81257438659668,-7.43865966796875e-05
frog,zebra,-10.062562942504883,-6.29425048828125e-05
frog,rhino,-9.875072479248047,-7.2479248046875e-05
frog,gorilla,-9.750078201293945,-7.82012939453125e-05
frog,monkey,-10.37504768371582,-4.76837158203125e-05
frog,hedgehog,-10.250053405761719,-5.340576171875e-05
frog,rabbit,-10.37504768371582,-4.76837158203125e-05
frog,seal,-10.125057220458984,-5.7220458984375e-05
frog,walrus,-9.812576293945312,-7.62939453125e-05
frog,dolphin,-10.06256103515625,-6.103515625e-05
frog,whale,-10.125059127807617,-5.91278076171875e-05
frog,elephant,-10.000064849853516,-6.4849853515625e-05
frog,kangaroo,-10.000062942504883,-6.29425048828125e-05
frog,platypus,-10.062562942504883,-6.29425048828125e-05
frog,crocodile,-10.06256103515625,-6.103515625e-05
frog,alligator,-10.125059127807617,-5.91278076171875e-05
frog,lizard,-10.87503433227539,-3.4332275390625e-05
frog,iguana,-10.187555313110352,-5.53131103515625e-05
frog,rattlesnake,-10.12506103515625,-6.103515625e-05
frog,tortoise,-10.06256103515625,-6.103515625e-05
frog,turtle,-10.37504768371582,-4.76837158203125e-05
frog,frog,-0.0001583099365234375,-9.625158309936523
frog,toad,-7.937919616699219,-0.00041961669921875
frog,budgie,-10.000066757202148,-6.67572021484375e-05
frog,parakeet,-10.250057220458984,-5.7220458984375e-05
frog,buzzard,-10.12506103515625,-6.103515625e-05
frog,falcon,-10.062564849853516,-6.4849853515625e-05
frog,hawk,-10.125059127807617,-5.91278076171875e-05
frog,eagle,-10.125059127807617,-5.91278076171875e-05
frog,owl,-10.125057220458984,-5.7220458984375e-05
frog,canary,-10.00006103515625,-6.103515625e-05
frog,magpie,-10.06256103515625,-6.103515625e-05
frog,raven,-10.000066757202148,-6.67572021484375e-05
frog,nightingale,-9.625085830688477,-8.58306884765625e-05
frog,robin,-10.06256103515625,-6.103515625e-05
frog,starling,-9.937572479248047,-7.2479248046875e-05
frog,sparrow,-10.250053405761719,-5.340576171875e-05
frog,wren,-10.125059127807617,-5.91278076171875e-05
frog,chicken,-10.250051498413086,-5.14984130859375e-05
frog,cockerel,-9.750082015991211,-8.20159912109375e-05
frog,turkey,-9.812572479248047,-7.2479248046875e-05
frog,dove,-10.06256103515625,-6.103515625e-05
frog,pigeon,-10.125057220458984,-5.7220458984375e-05
frog,partridge,-9.875076293945312,-7.62939453125e-05
frog,peacock,-9.625089645385742,-8.96453857421875e-05
frog,crane,-9.687582015991211,-8.20159912109375e-05
frog,flamingo,-9.750076293945312,-7.62939453125e-05
frog,heron,-10.062562942504883,-6.29425048828125e-05
frog,duck,-10.250051498413086,-5.14984130859375e-05
frog,goose,-10.125057220458984,-5.7220458984375e-05
frog,pelican,-9.750082015991211,-8.20159912109375e-05
frog,penguin,-9.875072479248047,-7.2479248046875e-05
frog,seagull,-10.187557220458984,-5.7220458984375e-05
frog,swan,-10.06256103515625,-6.103515625e-05
frog,hummingbird,-9.937568664550781,-6.866455078125e-05
frog,kingfisher,-10.062562942504883,-6.29425048828125e-05
frog,woodpecker,-9.937568664550781,-6.866455078125e-05
frog,emu,-9.750082015991211,-8.20159912109375e-05
frog,ostrich,-9.875070571899414,-7.05718994140625e-05
frog,carp,-10.06256103515625,-6.103515625e-05
frog,goldfish,-10.125059127807617,-5.91278076171875e-05
frog,minnow,-10.12506103515625,-6.103515625e-05
frog,cod,-9.625085830688477,-8.58306884765625e-05
frog,herring,-9.750080108642578,-8.0108642578125e-05
frog,sardine,-10.187553405761719,-5.340576171875e-05
frog,salmon,-10.062559127807617,-5.91278076171875e-05
frog,trout,-10.000064849853516,-6.4849853515625e-05
frog,eel,-10.37504768371582,-4.76837158203125e-05
frog,flounder,-9.750080108642578,-8.0108642578125e-05
frog,mackerel,-9.812576293945312,-7.62939453125e-05
frog,tuna,-9.81257438659668,-7.43865966796875e-05
frog,seahorse,-10.062562942504883,-6.29425048828125e-05
frog,shark,-10.125059127807617,-5.91278076171875e-05
frog,bee,-10.312549591064453,-4.9591064453125e-05
frog,hornet,-10.000068664550781,-6.866455078125e-05
frog,wasp,-10.312551498413086,-5.14984130859375e-05
frog,ant,-10.250051498413086,-5.14984130859375e-05
frog,beetle,-10.687538146972656,-3.814697265625e-05
frog,ladybird,-10.000062942504883,-6.29425048828125e-05
frog,butterfly,-10.37504768371582,-4.76837158203125e-05
frog,moth,-10.062562942504883,-6.29425048828125e-05
frog,cockroach,-10.125059127807617,-5.91278076171875e-05
frog,cricket,-10.375045776367188,-4.57763671875e-05
frog,grasshopper,-10.37504768371582,-4.76837158203125e-05
frog,locust,-10.06256103515625,-6.103515625e-05
frog,dragonfly,-10.250053405761719,-5.340576171875e-05
frog,flea,-10.125057220458984,-5.7220458984375e-05
frog,housefly,-10.062562942504883,-6.29425048828125e-05
frog,mosquito,-10.000066757202148,-6.67572021484375e-05
frog,stick_insect,-10.250051498413086,-5.14984130859375e-05
frog,termite,-10.125057220458984,-5.7220458984375e-05
frog,centipede,-10.375051498413086,-5.14984130859375e-05
frog,millipede,-10.187557220458984,-5.7220458984375e-05
frog,scorpion,-10.375051498413086,-5.14984130859375e-05
frog,spider,-10.500043869018555,-4.38690185546875e-05
frog,tarantula,-10.125062942504883,-6.29425048828125e-05
frog,crab,-10.375049591064453,-4.9591064453125e-05
frog,crayfish,-10.187557220458984,-5.7220458984375e-05
frog,lobster,-10.000062942504883,-6.29425048828125e-05
frog,prawn,-10.125057220458984,-5.7220458984375e-05
frog,shrimp,-10.187557220458984,-5.7220458984375e-05
frog,slug,-10.125055313110352,-5.53131103515625e-05
frog,snail,-10.312549591064453,-4.9591064453125e-05
frog,clam,-10.062562942504883,-6.29425048828125e-05
frog,mussel,-9.937570571899414,-7.05718994140625e-05
frog,scallop,-10.000066757202148,-6.67572021484375e-05
frog,oyster,-9.750078201293945,-7.82012939453125e-05
frog,squid,-10.187555313110352,-5.53131103515625e-05
frog,octopus,-10.062562942504883,-6.29425048828125e-05
frog,worm,-10.437543869018555,-4.38690185546875e-05
frog,jellyfish,-10.375049591064453,-4.9591064453125e-05
toad,animal,-6.67572021484375e-05,-11.500066757202148
toad,vertebrate,-5.53131103515625e-05,-11.125055313110352
toad,invertebrate,-10.437549591064453,-4.9591064453125e-05
toad,mammal,-10.625040054321289,-4.00543212890625e-05
toad,bird,-10.312549591064453,-4.9591064453125e-05
toad,reptile,-9.937572479248047,-7.2479248046875e-05
toad,amphibian,-4.1961669921875e-05,-12.062541961669922
toad,fish,-10.375045776367188,-4.57763671875e-05
toad,arthropod,-10.500053405761719,-5.340576171875e-05
toad,insect,-10.562541961669922,-4.1961669921875e-05
toad,bird of prey,-9.875076293945312,-7.62939453125e-05
toad,aquatic bird,-9.875078201293945,-7.82012939453125e-05
toad,canine,-10.000064849853516,-6.4849853515625e-05
toad,feline,-10.187553405761719,-5.340576171875e-05
toad,primate,-10.187557220458984,-5.7220458984375e-05
toad,aquatic mammal,-10.000070571899414,-7.05718994140625e-05
toad,rodent,-10.500043869018555,-4.38690185546875e-05
toad,bat,-10.000066757202148,-6.67572021484375e-05
toad,bear,-9.812572479248047,-7.2479248046875e-05
toad,cat,-10.06256103515625,-6.103515625e-05
toad,cheetah,-9.87507438659668,-7.43865966796875e-05
toad,leopard,-9.00015640258789,-0.000156402587890625
toad,lion,-9.750080108642578,-8.0108642578125e-05
toad,panther,-9.687583923339844,-8.392333984375e-05
toad,tiger,-9.312616348266602,-0.0001163482666015625
toad,dog,-10.000062942504883,-6.29425048828125e-05
toad,fox,-10.000064849853516,-6.4849853515625e-05
toad,hyena,-10.062562942504883,-6.29425048828125e-05
toad,wolf,-9.937568664550781,-6.866455078125e-05
toad,raccoon,-9.625091552734375,-9.1552734375e-05
toad,skunk,-9.750080108642578,-8.0108642578125e-05
toad,otter,-10.000066757202148,-6.67572021484375e-05
toad,beaver,-9.875070571899414,-7.05718994140625e-05
toad,chipmunk,-10.12506103515625,-6.103515625e-05
toad,squirrel,-10.125059127807617,-5.91278076171875e-05
toad,gerbil,-9.812576293945312,-7.62939453125e-05
toad,guinea_pig,-9.750080108642578,-8.0108642578125e-05
toad,hamster,-10.062559127807617,-5.91278076171875e-05
toad,mouse,-10.06256103515625,-6.103515625e-05
toad,porcupine,-9.750083923339844,-8.392333984375e-05
toad,rat,-10.125059127807617,-5.91278076171875e-05
toad,buffalo,-9.625089645385742,-8.96453857421875e-05
toad,cow,-9.687582015991211,-8.20159912109375e-05
toad,ox,-9.12513542175293,-0.0001354217529296875
toad,goat,-9.500102996826172,-0.000102996826171875
toad,sheep,-10.000064849853516,-6.4849853515625e-05
toad,deer,-9.750082015991211,-8.20159912109375e-05
toad,moose,-9.750080108642578,-8.0108642578125e-05
toad,giraffe,-9.687583923339844,-8.392333984375e-05
toad,camel,-9.687582015991211,-8.20159912109375e-05
toad,hippo,-9.312616348266602,-0.0001163482666015625
toad,llama,-9.687582015991211,-8.20159912109375e-05
toad,pig,-9.81257438659668,-7.43865966796875e-05
toad,donkey,-9.625089645385742,-8.96453857421875e-05
toad,horse,-9.625089645385742,-8.96453857421875e-05
toad,pony,-9.687583923339844,-8.392333984375e-05
toad,zebra,-9.68758773803711,-8.7738037109375e-05
toad,rhino,-9.687585830688477,-8.58306884765625e-05
toad,gorilla,-9.62508773803711,-8.7738037109375e-05
toad,monkey,-10.000066757202148,-6.67572021484375e-05
toad,hedgehog,-10.000066757202148,-6.67572021484375e-05
toad,rabbit,-10.000064849853516,-6.4849853515625e-05
toad,seal,-9.875072479248047,-7.2479248046875e-05
toad,walrus,-9.625091552734375,-9.1552734375e-05
toad,dolphin,-9.875070571899414,-7.05718994140625e-05
toad,whale,-9.875070571899414,-7.05718994140625e-05
toad,elephant,-9.625085830688477,-8.58306884765625e-05
toad,kangaroo,-9.81257438659668,-7.43865966796875e-05
toad,platypus,-9.875070571899414,-7.05718994140625e-05
toad,crocodile,-9.937566757202148,-6.67572021484375e-05
toad,alligator,-9.875068664550781,-6.866455078125e-05
toad,lizard,-10.687536239624023,-3.62396240234375e-05
toad,iguana,-10.062559127807617,-5.91278076171875e-05
toad,rattlesnake,-10.12506103515625,-6.103515625e-05
toad,tortoise,-9.750078201293945,-7.82012939453125e-05
toad,turtle,-10.250051498413086,-5.14984130859375e-05
toad,frog,-0.0033740997314453125,-6.003374099731445
toad,toad,-0.000335693359375,-8.687835693359375
toad,budgie,-9.750078201293945,-7.82012939453125e-05
toad,parakeet,-10.125062942504883,-6.29425048828125e-05
toad,buzzard,-10.000068664550781,-6.866455078125e-05
toad,falcon,-9.875072479248047,-7.2479248046875e-05
toad,hawk,-10.000068664550781,-6.866455078125e-05
toad,eagle,-9.937570571899414,-7.05718994140625e-05
toad,owl,-10.000064849853516,-6.4849853515625e-05
toad,canary,-9.750076293945312,-7.62939453125e-05
toad,magpie,-9.812576293945312,-7.62939453125e-05
toad,raven,-9.750082015991211,-8.20159912109375e-05
toad,nightingale,-9.50009536743164,-9.5367431640625e-05
toad,robin,-9.750078201293945,-7.82012939453125e-05
toad,starling,-9.875072479248047,-7.2479248046875e-05
toad,sparrow,-10.000064849853516,-6.4849853515625e-05
toad,wren,-9.875070571899414,-7.05718994140625e-05
toad,chicken,-9.875070571899414,-7.05718994140625e-05
toad,cockerel,-9.500101089477539,-0.0001010894775390625
toad,turkey,-9.562593460083008,-9.34600830078125e-05
toad,dove,-9.81257438659668,-7.43865966796875e-05
toad,pigeon,-10.06256103515625,-6.103515625e-05
toad,partridge,-9.625091552734375,-9.1552734375e-05
toad,peacock,-9.500101089477539,-0.0001010894775390625
toad,crane,-9.62508773803711,-8.7738037109375e-05
toad,flamingo,-9.625085830688477,-8.58306884765625e-05
toad,heron,-9.87507438659668,-7.43865966796875e-05
toad,duck,-10.000064849853516,-6.4849853515625e-05
toad,goose,-9.875070571899414,-7.05718994140625e-05
toad,pelican,-9.687583923339844,-8.392333984375e-05
toad,penguin,-9.687583923339844,-8.392333984375e-05
toad,seagull,-10.125059127807617,-5.91278076171875e-05
toad,swan,-9.750080108642578,-8.0108642578125e-05
toad,hummingbird,-9.875072479248047,-7.2479248046875e-05
toad,kingfisher,-9.750082015991211,-8.20159912109375e-05
toad,woodpecker,-9.875072479248047,-7.2479248046875e-05
toad,emu,-9.687585830688477,-8.58306884765625e-05
toad,ostrich,-9.62508773803711,-8.7738037109375e-05
toad,carp,-9.750078201293945,-7.82012939453125e-05
toad,goldfish,-9.687583923339844,-8.392333984375e-05
toad,minnow,-10.062562942504883,-6.29425048828125e-05
toad,cod,-9.125131607055664,-0.0001316070556640625
toad,herring,-9.750080108642578,-8.0108642578125e-05
toad,sardine,-9.875070571899414,-7.05718994140625e-05
toad,salmon,-9.875068664550781,-6.866455078125e-05
toad,trout,-9.750078201293945,-7.82012939453125e-05
toad,eel,-10.312549591064453,-4.9591064453125e-05
toad,flounder,-9.62508773803711,-8.7738037109375e-05
toad,mackerel,-9.687585830688477,-8.58306884765625e-05
toad,tuna,-9.625085830688477,-8.58306884765625e-05
toad,seahorse,-9.87507438659668,-7.43865966796875e-05
toad,shark,-10.06256103515625,-6.103515625e-05
toad,bee,-10.000064849853516,-6.4849853515625e-05
toad,hornet,-10.062564849853516,-6.4849853515625e-05
toad,wasp,-10.125062942504883,-6.29425048828125e-05
toad,ant,-10.000064849853516,-6.4849853515625e-05
toad,beetle,-10.562540054321289,-4.00543212890625e-05
toad,ladybird,-9.62508773803711,-8.7738037109375e-05
toad,butterfly,-10.187557220458984,-5.7220458984375e-05
toad,moth,-10.000064849853516,-6.4849853515625e-05
toad,cockroach,-9.937570571899414,-7.05718994140625e-05
toad,cricket,-10.125057220458984,-5.7220458984375e-05
toad,grasshopper,-10.312549591064453,-4.9591064453125e-05
toad,locust,-10.000064849853516,-6.4849853515625e-05
toad,dragonfly,-10.187557220458984,-5.7220458984375e-05
toad,flea,-10.000066757202148,-6.67572021484375e-05
toad,housefly,-10.000066757202148,-6.67572021484375e-05
toad,mosquito,-9.625089645385742,-8.96453857421875e-05
toad,stick_insect,-10.062559127807617,-5.91278076171875e-05
toad,termite,-9.937568664550781,-6.866455078125e-05
toad,centipede,-10.250057220458984,-5.7220458984375e-05
toad,millipede,-10.062564849853516,-6.4849853515625e-05
toad,scorpion,-10.375049591064453,-4.9591064453125e-05
toad,spider,-10.312551498413086,-5.14984130859375e-05
toad,tarantula,-10.000066757202148,-6.67572021484375e-05
toad,crab,-10.125059127807617,-5.91278076171875e-05
toad,crayfish,-9.937570571899414,-7.05718994140625e-05
toad,lobster,-9.750078201293945,-7.82012939453125e-05
toad,prawn,-10.000062942504883,-6.29425048828125e-05
toad,shrimp,-10.06256103515625,-6.103515625e-05
toad,slug,-9.937564849853516,-6.4849853515625e-05
toad,snail,-10.250053405761719,-5.340576171875e-05
toad,clam,-9.750082015991211,-8.20159912109375e-05
toad,mussel,-9.750082015991211,-8.20159912109375e-05
toad,scallop,-9.750080108642578,-8.0108642578125e-05
toad,oyster,-9.500099182128906,-9.918212890625e-05
toad,squid,-10.06256103515625,-6.103515625e-05
toad,octopus,-9.812578201293945,-7.82012939453125e-05
toad,worm,-10.31254768371582,-4.76837158203125e-05
toad,jellyfish,-10.12506103515625,-6.103515625e-05
budgie,animal,-7.2479248046875e-05,-11.125072479248047
budgie,vertebrate,-8.392333984375e-05,-10.312583923339844
budgie,invertebrate,-10.062566757202148,-6.67572021484375e-05
budgie,mammal,-10.187553405761719,-5.340576171875e-05
budgie,bird,-4.38690185546875e-05,-12.000043869018555
budgie,reptile,-10.187553405761719,-5.340576171875e-05
budgie,amphibian,-10.125059127807617,-5.91278076171875e-05
budgie,fish,-10.125057220458984,-5.7220458984375e-05
budgie,arthropod,-10.437551498413086,-5.14984130859375e-05
budgie,insect,-10.062562942504883,-6.29425048828125e-05
budgie,bird of prey,-10.062557220458984,-5.7220458984375e-05
budgie,aquatic bird,-9.750080108642578,-8.0108642578125e-05
budgie,canine,-10.062559127807617,-5.91278076171875e-05
budgie,feline,-10.000062942504883,-6.29425048828125e-05
budgie,primate,-10.125059127807617,-5.91278076171875e-05
budgie,aquatic mammal,-9.875078201293945,-7.82012939453125e-05
budgie,rodent,-10.06256103515625,-6.103515625e-05
budgie,bat,-9.500101089477539,-0.0001010894775390625
budgie,bear,-9.62508773803711,-8.7738037109375e-05
budgie,cat,-10.125057220458984,-5.7220458984375e-05
budgie,cheetah,-9.750082015991211,-8.20159912109375e-05
budgie,leopard,-9.125137329101562,-0.0001373291015625
budgie,lion,-9.312618255615234,-0.000118255615234375
budgie,panther,-9.187629699707031,-0.00012969970703125
budgie,tiger,-9.312620162963867,-0.0001201629638671875
budgie,dog,-10.06256103515625,-6.103515625e-05
budgie,fox,-9.625089645385742,-8.96453857421875e-05
budgie,hyena,-9.750082015991211,-8.20159912109375e-05
budgie,wolf,-9.687585830688477,-8.58306884765625e-05
budgie,raccoon,-9.500099182128906,-9.918212890625e-05
budgie,skunk,-9.437604904174805,-0.0001049041748046875
budgie,otter,-9.625089645385742,-8.96453857421875e-05
budgie,beaver,-9.500097274780273,-9.72747802734375e-05
budgie,chipmunk,-9.625089645385742,-8.96453857421875e-05
budgie,squirrel,-9.687585830688477,-8.58306884765625e-05
budgie,gerbil,-9.750080108642578,-8.0108642578125e-05
budgie,guinea_pig,-9.812578201293945,-7.82012939453125e-05
budgie,hamster,-10.062559127807617,-5.91278076171875e-05
budgie,mouse,-9.875070571899414,-7.05718994140625e-05
budgie,porcupine,-9.56259536743164,-9.5367431640625e-05
budgie,rat,-9.68758773803711,-8.7738037109375e-05
budgie,buffalo,-9.250125885009766,-0.000125885009765625
budgie,cow,-9.750082015991211,-8.20159912109375e-05
budgie,ox,-9.312618255615234,-0.000118255615234375
budgie,goat,-9.625089645385742,-8.96453857421875e-05
budgie,sheep,-9.687585830688477,-8.58306884765625e-05
budgie,deer,-9.56259536743164,-9.5367431640625e-05
budgie,moose,-9.562593460083008,-9.34600830078125e-05
budgie,giraffe,-9.625089645385742,-8.96453857421875e-05
budgie,camel,-9.500099182128906,-9.918212890625e-05
budgie,hippo,-9.375112533569336,-0.0001125335693359375
budgie,llama,-9.437602996826172,-0.000102996826171875
budgie,pig,-9.625091552734375,-9.1552734375e-05
budgie,donkey,-9.625093460083008,-9.34600830078125e-05
budgie,horse,-9.812576293945312,-7.62939453125e-05
budgie,pony,-9.500099182128906,-9.918212890625e-05
budgie,zebra,-8.937665939331055,-0.0001659393310546875
budgie,rhino,-9.625091552734375,-9.1552734375e-05
budgie,gorilla,-9.562593460083008,-9.34600830078125e-05
budgie,monkey,-9.87507438659668,-7.43865966796875e-05
budgie,hedgehog,-9.68758773803711,-8.7738037109375e-05
budgie,rabbit,-9.87507438659668,-7.43865966796875e-05
budgie,seal,-9.437606811523438,-0.0001068115234375
budgie,walrus,-9.43760871887207,-0.0001087188720703125
budgie,dolphin,-9.750080108642578,-8.0108642578125e-05
budgie,whale,-9.812576293945312,-7.62939453125e-05
budgie,elephant,-9.500099182128906,-9.918212890625e-05
budgie,kangaroo,-9.62508773803711,-8.7738037109375e-05
budgie,platypus,-9.625089645385742,-8.96453857421875e-05
budgie,crocodile,-9.750080108642578,-8.0108642578125e-05
budgie,alligator,-9.812578201293945,-7.82012939453125e-05
budgie,lizard,-10.187555313110352,-5.53131103515625e-05
budgie,iguana,-9.812572479248047,-7.2479248046875e-05
budgie,rattlesnake,-9.687585830688477,-8.58306884765625e-05
budgie,tortoise,-9.875072479248047,-7.2479248046875e-05
budgie,turtle,-10.062562942504883,-6.29425048828125e-05
budgie,frog,-10.000066757202148,-6.67572021484375e-05
budgie,toad,-9.687585830688477,-8.58306884765625e-05
budgie,budgie,-0.000324249267578125,-8.562824249267578
budgie,parakeet,-8.20159912109375e-05,-10.750082015991211
budgie,buzzard,-9.500099182128906,-9.918212890625e-05
budgie,falcon,-9.375106811523438,-0.0001068115234375
budgie,hawk,-9.875070571899414,-7.05718994140625e-05
budgie,eagle,-9.812570571899414,-7.05718994140625e-05
budgie,owl,-10.00006103515625,-6.103515625e-05
budgie,canary,-6.439201354980469,-0.00170135498046875
budgie,magpie,-9.312614440917969,-0.00011444091796875
budgie,raven,-9.500093460083008,-9.34600830078125e-05
budgie,nightingale,-9.062639236450195,-0.0001392364501953125
budgie,robin,-9.125131607055664,-0.0001316070556640625
budgie,starling,-6.127281188964844,-0.00228118896484375
budgie,sparrow,-5.255380630493164,-0.0053806304931640625
budgie,wren,-8.68769645690918,-0.0001964569091796875
budgie,chicken,-8.687692642211914,-0.0001926422119140625
budgie,cockerel,-9.000152587890625,-0.000152587890625
budgie,turkey,-9.250120162963867,-0.0001201629638671875
budgie,dove,-4.38775634765625,-0.01275634765625
budgie,pigeon,-4.449470520019531,-0.01197052001953125
budgie,partridge,-7.875417709350586,-0.0004177093505859375
budgie,peacock,-9.312612533569336,-0.0001125335693359375
budgie,crane,-9.37510871887207,-0.0001087188720703125
budgie,flamingo,-9.312610626220703,-0.000110626220703125
budgie,heron,-9.625089645385742,-8.96453857421875e-05
budgie,duck,-9.687583923339844,-8.392333984375e-05
budgie,goose,-9.50009536743164,-9.5367431640625e-05
budgie,pelican,-9.312612533569336,-0.0001125335693359375
budgie,penguin,-9.62508773803711,-8.7738037109375e-05
budgie,seagull,-9.687583923339844,-8.392333984375e-05
budgie,swan,-9.62508773803711,-8.7738037109375e-05
budgie,hummingbird,-9.562591552734375,-9.1552734375e-05
budgie,kingfisher,-9.312616348266602,-0.0001163482666015625
budgie,woodpecker,-9.562589645385742,-8.96453857421875e-05
budgie,emu,-9.312612533569336,-0.0001125335693359375
budgie,ostrich,-9.437599182128906,-9.918212890625e-05
budgie,carp,-9.312616348266602,-0.0001163482666015625
budgie,goldfish,-9.875070571899414,-7.05718994140625e-05
budgie,minnow,-9.187631607055664,-0.0001316070556640625
budgie,cod,-8.875165939331055,-0.0001659393310546875
budgie,herring,-8.750188827514648,-0.0001888275146484375
budgie,sardine,-9.312612533569336,-0.0001125335693359375
budgie,salmon,-9.375106811523438,-0.0001068115234375
budgie,trout,-9.437601089477539,-0.0001010894775390625
budgie,eel,-9.750080108642578,-8.0108642578125e-05
budgie,flounder,-9.250120162963867,-0.0001201629638671875
budgie,mackerel,-8.625211715698242,-0.0002117156982421875
budgie,tuna,-9.437602996826172,-0.000102996826171875
budgie,seahorse,-9.687585830688477,-8.58306884765625e-05
budgie,shark,-9.750080108642578,-8.0108642578125e-05
budgie,bee,-9.62508773803711,-8.7738037109375e-05
budgie,hornet,-9.625091552734375,-9.1552734375e-05
budgie,wasp,-9.750083923339844,-8.392333984375e-05
budgie,ant,-9.500101089477539,-0.0001010894775390625
budgie,beetle,-9.750076293945312,-7.62939453125e-05
budgie,ladybird,-8.500238418579102,-0.0002384185791015625
budgie,butterfly,-9.625091552734375,-9.1552734375e-05
budgie,moth,-8.875173568725586,-0.0001735687255859375
budgie,cockroach,-9.750082015991211,-8.20159912109375e-05
budgie,cricket,-9.500097274780273,-9.72747802734375e-05
budgie,grasshopper,-9.812578201293945,-7.82012939453125e-05
budgie,locust,-9.312616348266602,-0.0001163482666015625
budgie,dragonfly,-9.750082015991211,-8.20159912109375e-05
budgie,flea,-9.437602996826172,-0.000102996826171875
budgie,housefly,-9.750078201293945,-7.82012939453125e-05
budgie,mosquito,-9.500101089477539,-0.0001010894775390625
budgie,stick_insect,-9.37510871887207,-0.0001087188720703125
budgie,termite,-9.562591552734375,-9.1552734375e-05
budgie,centipede,-9.625091552734375,-9.1552734375e-05
budgie,millipede,-9.437606811523438,-0.0001068115234375
budgie,scorpion,-9.937572479248047,-7.2479248046875e-05
budgie,spider,-9.875076293945312,-7.62939453125e-05
budgie,tarantula,-9.750080108642578,-8.0108642578125e-05
budgie,crab,-9.687585830688477,-8.58306884765625e-05
budgie,crayfish,-9.437604904174805,-0.0001049041748046875
budgie,lobster,-9.500099182128906,-9.918212890625e-05
budgie,prawn,-9.250120162963867,-0.0001201629638671875
budgie,shrimp,-9.312618255615234,-0.000118255615234375
budgie,slug,-9.87507438659668,-7.43865966796875e-05
budgie,snail,-9.87507438659668,-7.43865966796875e-05
budgie,clam,-9.312620162963867,-0.0001201629638671875
budgie,mussel,-9.062644958496094,-0.00014495849609375
budgie,scallop,-9.062646865844727,-0.0001468658447265625
budgie,oyster,-9.000150680541992,-0.0001506805419921875
budgie,squid,-9.62508773803711,-8.7738037109375e-05
budgie,octopus,-9.625089645385742,-8.96453857421875e-05
budgie,worm,-9.937568664550781,-6.866455078125e-05
budgie,jellyfish,-9.937572479248047,-7.2479248046875e-05
parakeet,animal,-6.67572021484375e-05,-11.375066757202148
parakeet,vertebrate,-0.0001163482666015625,-10.000116348266602
parakeet,invertebrate,-10.062572479248047,-7.2479248046875e-05
parakeet,mammal,-10.250055313110352,-5.53131103515625e-05
parakeet,bird,-4.76837158203125e-05,-12.00004768371582
parakeet,reptile,-10.125062942504883,-6.29425048828125e-05
parakeet,amphibian,-10.250059127807617,-5.91278076171875e-05
parakeet,fish,-10.187559127807617,-5.91278076171875e-05
parakeet,arthropod,-10.312562942504883,-6.29425048828125e-05
parakeet,insect,-10.250057220458984,-5.7220458984375e-05
parakeet,bird of prey,-9.937570571899414,-7.05718994140625e-05
parakeet,aquatic bird,-9.875080108642578,-8.0108642578125e-05
parakeet,canine,-9.937572479248047,-7.2479248046875e-05
parakeet,feline,-9.87507438659668,-7.43865966796875e-05
parakeet,primate,-10.187559127807617,-5.91278076171875e-05
parakeet,aquatic mammal,-10.000078201293945,-7.82012939453125e-05
parakeet,rodent,-10.062564849853516,-6.4849853515625e-05
parakeet,bat,-9.812585830688477,-8.58306884765625e-05
parakeet,bear,-9.625093460083008,-9.34600830078125e-05
parakeet,cat,-10.000068664550781,-6.866455078125e-05
parakeet,cheetah,-9.625097274780273,-9.72747802734375e-05
parakeet,leopard,-9.187639236450195,-0.0001392364501953125
parakeet,lion,-9.68758773803711,-8.7738037109375e-05
parakeet,panther,-9.250129699707031,-0.00012969970703125
parakeet,tiger,-9.437612533569336,-0.0001125335693359375
parakeet,dog,-10.187559127807617,-5.91278076171875e-05
parakeet,fox,-9.750083923339844,-8.392333984375e-05
parakeet,hyena,-9.687593460083008,-9.34600830078125e-05
parakeet,wolf,-9.750085830688477,-8.58306884765625e-05
parakeet,raccoon,-9.437612533569336,-0.0001125335693359375
parakeet,skunk,-9.500102996826172,-0.000102996826171875
parakeet,otter,-9.562601089477539,-0.0001010894775390625
parakeet,beaver,-9.562597274780273,-9.72747802734375e-05
parakeet,chipmunk,-9.62509536743164,-9.5367431640625e-05
parakeet,squirrel,-9.875076293945312,-7.62939453125e-05
parakeet,gerbil,-9.812580108642578,-8.0108642578125e-05
parakeet,guinea_pig,-10.062568664550781,-6.866455078125e-05
parakeet,hamster,-10.062564849853516,-6.4849853515625e-05
parakeet,mouse,-9.937570571899414,-7.05718994140625e-05
parakeet,porcupine,-9.625093460083008,-9.34600830078125e-05
parakeet,rat,-9.687589645385742,-8.96453857421875e-05
parakeet,buffalo,-9.375120162963867,-0.0001201629638671875
parakeet,cow,-9.812580108642578,-8.0108642578125e-05
parakeet,ox,-9.43760871887207,-0.0001087188720703125
parakeet,goat,-9.625097274780273,-9.72747802734375e-05
parakeet,sheep,-9.75008773803711,-8.7738037109375e-05
parakeet,deer,-9.625097274780273,-9.72747802734375e-05
parakeet,moose,-9.62509536743164,-9.5367431640625e-05
parakeet,giraffe,-9.500106811523438,-0.0001068115234375
parakeet,camel,-9.500104904174805,-0.0001049041748046875
parakeet,hippo,-9.3126220703125,-0.0001220703125
parakeet,llama,-9.43760871887207,-0.0001087188720703125
parakeet,pig,-9.625097274780273,-9.72747802734375e-05
parakeet,donkey,-9.62509536743164,-9.5367431640625e-05
parakeet,horse,-9.750085830688477,-8.58306884765625e-05
parakeet,pony,-9.562597274780273,-9.72747802734375e-05
parakeet,zebra,-9.500106811523438,-0.0001068115234375
parakeet,rhino,-9.437614440917969,-0.00011444091796875
parakeet,gorilla,-9.500102996826172,-0.000102996826171875
parakeet,monkey,-9.93757438659668,-7.43865966796875e-05
parakeet,hedgehog,-9.687591552734375,-9.1552734375e-05
parakeet,rabbit,-9.93757438659668,-7.43865966796875e-05
parakeet,seal,-9.62509536743164,-9.5367431640625e-05
parakeet,walrus,-9.437612533569336,-0.0001125335693359375
parakeet,dolphin,-9.687589645385742,-8.96453857421875e-05
parakeet,whale,-9.875076293945312,-7.62939453125e-05
parakeet,elephant,-9.68758773803711,-8.7738037109375e-05
parakeet,kangaroo,-9.62509536743164,-9.5367431640625e-05
parakeet,platypus,-9.687591552734375,-9.1552734375e-05
parakeet,crocodile,-9.62509536743164,-9.5367431640625e-05
parakeet,alligator,-9.875080108642578,-8.0108642578125e-05
parakeet,lizard,-10.187562942504883,-6.29425048828125e-05
parakeet,iguana,-9.750082015991211,-8.20159912109375e-05
parakeet,rattlesnake,-9.62509536743164,-9.5367431640625e-05
parakeet,tortoise,-9.937572479248047,-7.2479248046875e-05
parakeet,turtle,-10.000070571899414,-7.05718994140625e-05
parakeet,frog,-10.062568664550781,-6.866455078125e-05
parakeet,toad,-9.750085830688477,-8.58306884765625e-05
parakeet,budgie,-0.000568389892578125,-8.063068389892578
parakeet,parakeet,-0.0003070831298828125,-8.812807083129883
parakeet,buzzard,-9.562601089477539,-0.0001010894775390625
parakeet,falcon,-9.375110626220703,-0.000110626220703125
parakeet,hawk,-9.750083923339844,-8.392333984375e-05
parakeet,eagle,-9.625089645385742,-8.96453857421875e-05
parakeet,owl,-10.000064849853516,-6.4849853515625e-05
parakeet,canary,-7.1883392333984375,-0.0008392333984375
parakeet,magpie,-9.375114440917969,-0.00011444091796875
parakeet,raven,-9.437604904174805,-0.0001049041748046875
parakeet,nightingale,-9.062644958496094,-0.00014495849609375
parakeet,robin,-9.375110626220703,-0.000110626220703125
parakeet,starling,-7.188325881958008,-0.0008258819580078125
parakeet,sparrow,-6.876100540161133,-0.0011005401611328125
parakeet,wren,-9.00015640258789,-0.000156402587890625
parakeet,chicken,-8.87516975402832,-0.0001697540283203125
parakeet,cockerel,-9.062654495239258,-0.0001544952392578125
parakeet,turkey,-9.187631607055664,-0.0001316070556640625
parakeet,dove,-6.813663482666016,-0.001163482666015625
parakeet,pigeon,-7.625528335571289,-0.0005283355712890625
parakeet,partridge,-8.437755584716797,-0.000255584716796875
parakeet,peacock,-9.125141143798828,-0.000141143798828125
parakeet,crane,-9.437606811523438,-0.0001068115234375
parakeet,flamingo,-9.312620162963867,-0.0001201629638671875
parakeet,heron,-9.62509536743164,-9.5367431640625e-05
parakeet,duck,-9.937576293945312,-7.62939453125e-05
parakeet,goose,-9.500099182128906,-9.918212890625e-05
parakeet,pelican,-9.312620162963867,-0.0001201629638671875
parakeet,penguin,-9.625091552734375,-9.1552734375e-05
parakeet,seagull,-9.687589645385742,-8.96453857421875e-05
parakeet,swan,-9.625091552734375,-9.1552734375e-05
parakeet,hummingbird,-9.625091552734375,-9.1552734375e-05
parakeet,kingfisher,-9.375114440917969,-0.00011444091796875
parakeet,woodpecker,-9.500099182128906,-9.918212890625e-05
parakeet,emu,-9.500102996826172,-0.000102996826171875
parakeet,ostrich,-9.500101089477539,-0.0001010894775390625
parakeet,carp,-9.375112533569336,-0.0001125335693359375
parakeet,goldfish,-9.750085830688477,-8.58306884765625e-05
parakeet,minnow,-9.50010871887207,-0.0001087188720703125
parakeet,cod,-9.12513542175293,-0.0001354217529296875
parakeet,herring,-9.000160217285156,-0.00016021728515625
parakeet,sardine,-9.312620162963867,-0.0001201629638671875
parakeet,salmon,-9.437606811523438,-0.0001068115234375
parakeet,trout,-9.625091552734375,-9.1552734375e-05
parakeet,eel,-9.812580108642578,-8.0108642578125e-05
parakeet,flounder,-9.312623977661133,-0.0001239776611328125
parakeet,mackerel,-9.06264877319336,-0.000148773193359375
parakeet,tuna,-9.56259536743164,-9.5367431640625e-05
parakeet,seahorse,-9.562604904174805,-0.0001049041748046875
parakeet,shark,-9.750083923339844,-8.392333984375e-05
parakeet,bee,-9.93757438659668,-7.43865966796875e-05
parakeet,hornet,-9.500110626220703,-0.000110626220703125
parakeet,wasp,-9.875082015991211,-8.20159912109375e-05
parakeet,ant,-9.500106811523438,-0.0001068115234375
parakeet,beetle,-10.125062942504883,-6.29425048828125e-05
parakeet,ladybird,-9.18763542175293,-0.0001354217529296875
parakeet,butterfly,-9.937576293945312,-7.62939453125e-05
parakeet,moth,-9.250129699707031,-0.00012969970703125
parakeet,cockroach,-9.750083923339844,-8.392333984375e-05
parakeet,cricket,-9.500101089477539,-0.0001010894775390625
parakeet,grasshopper,-9.937572479248047,-7.2479248046875e-05
parakeet,locust,-9.500102996826172,-0.000102996826171875
parakeet,dragonfly,-9.812583923339844,-8.392333984375e-05
parakeet,flea,-9.62509536743164,-9.5367431640625e-05
parakeet,housefly,-9.750085830688477,-8.58306884765625e-05
parakeet,mosquito,-9.625099182128906,-9.918212890625e-05
parakeet,stick_insect,-9.500101089477539,-0.0001010894775390625
parakeet,termite,-9.68758773803711,-8.7738037109375e-05
parakeet,centipede,-9.750091552734375,-9.1552734375e-05
parakeet,millipede,-9.687591552734375,-9.1552734375e-05
parakeet,scorpion,-9.875082015991211,-8.20159912109375e-05
parakeet,spider,-9.937576293945312,-7.62939453125e-05
parakeet,tarantula,-9.687591552734375,-9.1552734375e-05
parakeet,crab,-9.75008773803711,-8.7738037109375e-05
parakeet,crayfish,-9.50010871887207,-0.0001087188720703125
parakeet,lobster,-9.562599182128906,-9.918212890625e-05
parakeet,prawn,-9.312620162963867,-0.0001201629638671875
parakeet,shrimp,-9.62509536743164,-9.5367431640625e-05
parakeet,slug,-9.750089645385742,-8.96453857421875e-05
parakeet,snail,-9.937576293945312,-7.62939453125e-05
parakeet,clam,-9.312627792358398,-0.0001277923583984375
parakeet,mussel,-9.312623977661133,-0.0001239776611328125
parakeet,scallop,-9.312623977661133,-0.0001239776611328125
parakeet,oyster,-9.125144958496094,-0.00014495849609375
parakeet,squid,-9.812580108642578,-8.0108642578125e-05
parakeet,octopus,-9.750085830688477,-8.58306884765625e-05
parakeet,worm,-10.000072479248047,-7.2479248046875e-05
parakeet,jellyfish,-9.937578201293945,-7.82012939453125e-05
buzzard,animal,-0.0001049041748046875,-10.125104904174805
buzzard,vertebrate,-9.72747802734375e-05,-10.250097274780273
buzzard,invertebrate,-10.000070571899414,-7.05718994140625e-05
buzzard,mammal,-10.000068664550781,-6.866455078125e-05
buzzard,bird,-5.91278076171875e-05,-11.250059127807617
buzzard,reptile,-9.812585830688477,-8.58306884765625e-05
buzzard,amphibian,-10.250057220458984,-5.7220458984375e-05
buzzard,fish,-9.937570571899414,-7.05718994140625e-05
buzzard,arthropod,-9.937585830688477,-8.58306884765625e-05
buzzard,insect,-9.750083923339844,-8.392333984375e-05
buzzard,bird of prey,-8.0108642578125e-05,-10.500080108642578
buzzard,aquatic bird,-9.875080108642578,-8.0108642578125e-05
buzzard,canine,-9.937570571899414,-7.05718994140625e-05
buzzard,feline,-9.937570571899414,-7.05718994140625e-05
buzzard,primate,-10.12506103515625,-6.103515625e-05
buzzard,aquatic mammal,-9.750097274780273,-9.72747802734375e-05
buzzard,rodent,-10.125059127807617,-5.91278076171875e-05
buzzard,bat,-9.937572479248047,-7.2479248046875e-05
buzzard,bear,-9.750080108642578,-8.0108642578125e-05
buzzard,cat,-9.687585830688477,-8.58306884765625e-05
buzzard,cheetah,-9.937572479248047,-7.2479248046875e-05
buzzard,leopard,-9.312618255615234,-0.000118255615234375
buzzard,lion,-9.625089645385742,-8.96453857421875e-05
buzzard,panther,-9.625091552734375,-9.1552734375e-05
buzzard,tiger,-9.562597274780273,-9.72747802734375e-05
buzzard,dog,-9.750083923339844,-8.392333984375e-05
buzzard,fox,-10.000068664550781,-6.866455078125e-05
buzzard,hyena,-9.68758773803711,-8.7738037109375e-05
buzzard,wolf,-9.937572479248047,-7.2479248046875e-05
buzzard,raccoon,-9.56259536743164,-9.5367431640625e-05
buzzard,skunk,-9.500099182128906,-9.918212890625e-05
buzzard,otter,-9.687585830688477,-8.58306884765625e-05
buzzard,beaver,-9.625089645385742,-8.96453857421875e-05
buzzard,chipmunk,-9.687585830688477,-8.58306884765625e-05
buzzard,squirrel,-9.87507438659668,-7.43865966796875e-05
buzzard,gerbil,-9.500099182128906,-9.918212890625e-05
buzzard,guinea_pig,-9.437610626220703,-0.000110626220703125
buzzard,hamster,-9.750078201293945,-7.82012939453125e-05
buzzard,mouse,-9.687583923339844,-8.392333984375e-05
buzzard,porcupine,-9.562601089477539,-0.0001010894775390625
buzzard,rat,-9.625091552734375,-9.1552734375e-05
buzzard,buffalo,-9.125144958496094,-0.00014495849609375
buzzard,cow,-9.00015640258789,-0.000156402587890625
buzzard,ox,-8.875175476074219,-0.00017547607421875
buzzard,goat,-9.250125885009766,-0.000125885009765625
buzzard,sheep,-8.937662124633789,-0.0001621246337890625
buzzard,deer,-9.750082015991211,-8.20159912109375e-05
buzzard,moose,-9.625093460083008,-9.34600830078125e-05
buzzard,giraffe,-9.56259536743164,-9.5367431640625e-05
buzzard,camel,-9.312618255615234,-0.000118255615234375
buzzard,hippo,-9.312620162963867,-0.0001201629638671875
buzzard,llama,-9.437604904174805,-0.0001049041748046875
buzzard,pig,-9.62509536743164,-9.5367431640625e-05
buzzard,donkey,-9.500101089477539,-0.0001010894775390625
buzzard,horse,-9.750082015991211,-8.20159912109375e-05
buzzard,pony,-9.43760871887207,-0.0001087188720703125
buzzard,zebra,-9.62509536743164,-9.5367431640625e-05
buzzard,rhino,-9.625091552734375,-9.1552734375e-05
buzzard,gorilla,-9.500101089477539,-0.0001010894775390625
buzzard,monkey,-9.937572479248047,-7.2479248046875e-05
buzzard,hedgehog,-9.750080108642578,-8.0108642578125e-05
buzzard,rabbit,-9.750080108642578,-8.0108642578125e-05
buzzard,seal,-9.625091552734375,-9.1552734375e-05
buzzard,walrus,-9.375116348266602,-0.0001163482666015625
buzzard,dolphin,-9.812578201293945,-7.82012939453125e-05
buzzard,whale,-9.812578201293945,-7.82012939453125e-05
buzzard,elephant,-9.375112533569336,-0.0001125335693359375
buzzard,kangaroo,-9.750080108642578,-8.0108642578125e-05
buzzard,platypus,-9.625093460083008,-9.34600830078125e-05
buzzard,crocodile,-9.625091552734375,-9.1552734375e-05
buzzard,alligator,-9.625091552734375,-9.1552734375e-05
buzzard,lizard,-9.937572479248047,-7.2479248046875e-05
buzzard,iguana,-9.812576293945312,-7.62939453125e-05
buzzard,rattlesnake,-9.875072479248047,-7.2479248046875e-05
buzzard,tortoise,-9.625089645385742,-8.96453857421875e-05
buzzard,turtle,-9.750083923339844,-8.392333984375e-05
buzzard,frog,-9.937570571899414,-7.05718994140625e-05
buzzard,toad,-9.625091552734375,-9.1552734375e-05
buzzard,budgie,-8.812675476074219,-0.00017547607421875
buzzard,parakeet,-9.812582015991211,-8.20159912109375e-05
buzzard,buzzard,-0.000537872314453125,-8.188037872314453
buzzard,falcon,-7.937902450561523,-0.0004024505615234375
buzzard,hawk,-0.07287979125976562,-2.6978797912597656
buzzard,eagle,-7.188360214233398,-0.0008602142333984375
buzzard,owl,-10.125057220458984,-5.7220458984375e-05
buzzard,canary,-9.437601089477539,-0.0001010894775390625
buzzard,magpie,-9.312616348266602,-0.0001163482666015625
buzzard,raven,-8.562723159790039,-0.0002231597900390625
buzzard,nightingale,-9.437602996826172,-0.000102996826171875
buzzard,robin,-9.312610626220703,-0.000110626220703125
buzzard,starling,-7.937908172607422,-0.000408172607421875
buzzard,sparrow,-9.50009536743164,-9.5367431640625e-05
buzzard,wren,-9.625085830688477,-8.58306884765625e-05
buzzard,chicken,-8.812675476074219,-0.00017547607421875
buzzard,cockerel,-9.18763542175293,-0.0001354217529296875
buzzard,turkey,-8.687694549560547,-0.000194549560546875
buzzard,dove,-9.250118255615234,-0.000118255615234375
buzzard,pigeon,-9.187623977661133,-0.0001239776611328125
buzzard,partridge,-9.000152587890625,-0.000152587890625
buzzard,peacock,-9.312614440917969,-0.00011444091796875
buzzard,crane,-8.437751770019531,-0.00025177001953125
buzzard,flamingo,-9.562591552734375,-9.1552734375e-05
buzzard,heron,-8.875173568725586,-0.0001735687255859375
buzzard,duck,-9.937570571899414,-7.05718994140625e-05
buzzard,goose,-9.625085830688477,-8.58306884765625e-05
buzzard,pelican,-8.937658309936523,-0.0001583099365234375
buzzard,penguin,-9.750080108642578,-8.0108642578125e-05
buzzard,seagull,-8.812681198120117,-0.0001811981201171875
buzzard,swan,-9.937570571899414,-7.05718994140625e-05
buzzard,hummingbird,-9.750080108642578,-8.0108642578125e-05
buzzard,kingfisher,-9.62508773803711,-8.7738037109375e-05
buzzard,woodpecker,-9.687582015991211,-8.20159912109375e-05
buzzard,emu,-9.437606811523438,-0.0001068115234375
buzzard,ostrich,-9.500093460083008,-9.34600830078125e-05
buzzard,carp,-9.312616348266602,-0.0001163482666015625
buzzard,goldfish,-9.312616348266602,-0.0001163482666015625
buzzard,minnow,-9.562601089477539,-0.0001010894775390625
buzzard,cod,-8.812679290771484,-0.000179290771484375
buzzard,herring,-9.000154495239258,-0.0001544952392578125
buzzard,sardine,-9.437606811523438,-0.0001068115234375
buzzard,salmon,-9.375110626220703,-0.000110626220703125
buzzard,trout,-9.437602996826172,-0.000102996826171875
buzzard,eel,-9.750082015991211,-8.20159912109375e-05
buzzard,flounder,-9.125143051147461,-0.0001430511474609375
buzzard,mackerel,-9.125141143798828,-0.000141143798828125
buzzard,tuna,-9.562591552734375,-9.1552734375e-05
buzzard,seahorse,-9.500101089477539,-0.0001010894775390625
buzzard,shark,-10.000068664550781,-6.866455078125e-05
buzzard,bee,-9.437604904174805,-0.0001049041748046875
buzzard,hornet,-9.375110626220703,-0.000110626220703125
buzzard,wasp,-9.125143051147461,-0.0001430511474609375
buzzard,ant,-9.250123977661133,-0.0001239776611328125
buzzard,beetle,-9.500099182128906,-9.918212890625e-05
buzzard,ladybird,-8.937662124633789,-0.0001621246337890625
buzzard,butterfly,-9.750080108642578,-8.0108642578125e-05
buzzard,moth,-9.06264877319336,-0.000148773193359375
buzzard,cockroach,-9.437606811523438,-0.0001068115234375
buzzard,cricket,-9.437604904174805,-0.0001049041748046875
buzzard,grasshopper,-9.62508773803711,-8.7738037109375e-05
buzzard,locust,-9.43760871887207,-0.0001087188720703125
buzzard,dragonfly,-9.62508773803711,-8.7738037109375e-05
buzzard,flea,-9.437604904174805,-0.0001049041748046875
buzzard,housefly,-9.562593460083008,-9.34600830078125e-05
buzzard,mosquito,-9.625089645385742,-8.96453857421875e-05
buzzard,stick_insect,-9.125137329101562,-0.0001373291015625
buzzard,termite,-9.437604904174805,-0.0001049041748046875
buzzard,centipede,-9.500106811523438,-0.0001068115234375
buzzard,millipede,-9.187637329101562,-0.0001373291015625
buzzard,scorpion,-9.750085830688477,-8.58306884765625e-05
buzzard,spider,-9.875076293945312,-7.62939453125e-05
buzzard,tarantula,-9.437610626220703,-0.000110626220703125
buzzard,crab,-9.500106811523438,-0.0001068115234375
buzzard,crayfish,-9.500102996826172,-0.000102996826171875
buzzard,lobster,-9.500099182128906,-9.918212890625e-05
buzzard,prawn,-9.437604904174805,-0.0001049041748046875
buzzard,shrimp,-9.56259536743164,-9.5367431640625e-05
buzzard,slug,-9.500101089477539,-0.0001010894775390625
buzzard,snail,-9.687585830688477,-8.58306884765625e-05
buzzard,clam,-9.312620162963867,-0.0001201629638671875
buzzard,mussel,-9.062650680541992,-0.0001506805419921875
buzzard,scallop,-9.187637329101562,-0.0001373291015625
buzzard,oyster,-8.62521743774414,-0.000217437744140625
buzzard,squid,-9.687583923339844,-8.392333984375e-05
buzzard,octopus,-9.562601089477539,-0.0001010894775390625
buzzard,worm,-9.687583923339844,-8.392333984375e-05
buzzard,jellyfish,-9.875078201293945,-7.82012939453125e-05
falcon,animal,-5.91278076171875e-05,-11.312559127807617
falcon,vertebrate,-5.91278076171875e-05,-11.125059127807617
falcon,invertebrate,-10.000066757202148,-6.67572021484375e-05
falcon,mammal,-10.062559127807617,-5.91278076171875e-05
falcon,bird,-3.62396240234375e-05,-12.062536239624023
falcon,reptile,-10.000064849853516,-6.4849853515625e-05
falcon,amphibian,-10.125059127807617,-5.91278076171875e-05
falcon,fish,-10.062557220458984,-5.7220458984375e-05
falcon,arthropod,-10.00007438659668,-7.43865966796875e-05
falcon,insect,-9.937566757202148,-6.67572021484375e-05
falcon,bird of prey,-2.86102294921875e-05,-12.437528610229492
falcon,aquatic bird,-9.81257438659668,-7.43865966796875e-05
falcon,canine,-9.750078201293945,-7.82012939453125e-05
falcon,feline,-9.62508773803711,-8.7738037109375e-05
falcon,primate,-10.000064849853516,-6.4849853515625e-05
falcon,aquatic mammal,-9.687589645385742,-8.96453857421875e-05
falcon,rodent,-9.875068664550781,-6.866455078125e-05
falcon,bat,-9.750080108642578,-8.0108642578125e-05
falcon,bear,-9.687580108642578,-8.0108642578125e-05
falcon,cat,-9.62508773803711,-8.7738037109375e-05
falcon,cheetah,-9.750082015991211,-8.20159912109375e-05
falcon,leopard,-9.437604904174805,-0.0001049041748046875
falcon,lion,-9.62508773803711,-8.7738037109375e-05
falcon,panther,-9.625089645385742,-8.96453857421875e-05
falcon,tiger,-9.750078201293945,-7.82012939453125e-05
falcon,dog,-9.750078201293945,-7.82012939453125e-05
falcon,fox,-9.750080108642578,-8.0108642578125e-05
falcon,hyena,-9.750078201293945,-7.82012939453125e-05
falcon,wolf,-9.750080108642578,-8.0108642578125e-05
falcon,raccoon,-9.437602996826172,-0.000102996826171875
falcon,skunk,-9.437602996826172,-0.000102996826171875
falcon,otter,-9.437601089477539,-0.0001010894775390625
falcon,beaver,-9.50009536743164,-9.5367431640625e-05
falcon,chipmunk,-9.500097274780273,-9.72747802734375e-05
falcon,squirrel,-9.62508773803711,-8.7738037109375e-05
falcon,gerbil,-9.312612533569336,-0.0001125335693359375
falcon,guinea_pig,-9.375110626220703,-0.000110626220703125
falcon,hamster,-9.562589645385742,-8.96453857421875e-05
falcon,mouse,-9.50009536743164,-9.5367431640625e-05
falcon,porcupine,-9.500099182128906,-9.918212890625e-05
falcon,rat,-9.500097274780273,-9.72747802734375e-05
falcon,buffalo,-9.437604904174805,-0.0001049041748046875
falcon,cow,-9.562591552734375,-9.1552734375e-05
falcon,ox,-9.437602996826172,-0.000102996826171875
falcon,goat,-9.437604904174805,-0.0001049041748046875
falcon,sheep,-9.562593460083008,-9.34600830078125e-05
falcon,deer,-9.750078201293945,-7.82012939453125e-05
falcon,moose,-9.500097274780273,-9.72747802734375e-05
falcon,giraffe,-9.312616348266602,-0.0001163482666015625
falcon,camel,-9.37510871887207,-0.0001087188720703125
falcon,hippo,-9.437602996826172,-0.000102996826171875
falcon,llama,-9.437601089477539,-0.0001010894775390625
falcon,pig,-9.562593460083008,-9.34600830078125e-05
falcon,donkey,-9.750080108642578,-8.0108642578125e-05
falcon,horse,-9.81257438659668,-7.43865966796875e-05
falcon,pony,-9.437602996826172,-0.000102996826171875
falcon,zebra,-9.625089645385742,-8.96453857421875e-05
falcon,rhino,-9.687585830688477,-8.58306884765625e-05
falcon,gorilla,-9.50009536743164,-9.5367431640625e-05
falcon,monkey,-9.81257438659668,-7.43865966796875e-05
falcon,hedgehog,-9.62508773803711,-8.7738037109375e-05
falcon,rabbit,-9.62508773803711,-8.7738037109375e-05
falcon,seal,-9.562591552734375,-9.1552734375e-05
falcon,walrus,-9.437602996826172,-0.000102996826171875
falcon,dolphin,-9.750078201293945,-7.82012939453125e-05
falcon,whale,-9.750080108642578,-8.0108642578125e-05
falcon,elephant,-9.687582015991211,-8.20159912109375e-05
falcon,kangaroo,-9.62508773803711,-8.7738037109375e-05
falcon,platypus,-9.62508773803711,-8.7738037109375e-05
falcon,crocodile,-9.62508773803711,-8.7738037109375e-05
falcon,alligator,-9.687585830688477,-8.58306884765625e-05
falcon,lizard,-10.06256103515625,-6.103515625e-05
falcon,iguana,-9.687582015991211,-8.20159912109375e-05
falcon,rattlesnake,-9.750082015991211,-8.20159912109375e-05
falcon,tortoise,-9.62508773803711,-8.7738037109375e-05
falcon,turtle,-9.750078201293945,-7.82012939453125e-05
falcon,frog,-10.06256103515625,-6.103515625e-05
falcon,toad,-9.562593460083008,-9.34600830078125e-05
falcon,budgie,-9.1876220703125,-0.0001220703125
falcon,parakeet,-9.500099182128906,-9.918212890625e-05
falcon,buzzard,-7.812953948974609,-0.000453948974609375
falcon,falcon,-0.0001983642578125,-9.375198364257812
falcon,hawk,-0.00038909912109375,-8.437889099121094
falcon,eagle,-6.252098083496094,-0.00209808349609375
falcon,owl,-9.812572479248047,-7.2479248046875e-05
falcon,canary,-9.312610626220703,-0.000110626220703125
falcon,magpie,-9.81257438659668,-7.43865966796875e-05
falcon,raven,-9.687582015991211,-8.20159912109375e-05
falcon,nightingale,-9.50009536743164,-9.5367431640625e-05
falcon,robin,-9.437599182128906,-9.918212890625e-05
falcon,starling,-9.500097274780273,-9.72747802734375e-05
falcon,sparrow,-9.250118255615234,-0.000118255615234375
falcon,wren,-9.625083923339844,-8.392333984375e-05
falcon,chicken,-8.81266975402832,-0.0001697540283203125
falcon,cockerel,-9.125137329101562,-0.0001373291015625
falcon,turkey,-9.187623977661133,-0.0001239776611328125
falcon,dove,-9.312610626220703,-0.000110626220703125
falcon,pigeon,-9.06263542175293,-0.0001354217529296875
falcon,partridge,-9.312612533569336,-0.0001125335693359375
falcon,peacock,-9.437601089477539,-0.0001010894775390625
falcon,crane,-9.50009536743164,-9.5367431640625e-05
falcon,flamingo,-9.50009536743164,-9.5367431640625e-05
falcon,heron,-9.750078201293945,-7.82012939453125e-05
falcon,duck,-9.875070571899414,-7.05718994140625e-05
falcon,goose,-9.750076293945312,-7.62939453125e-05
falcon,pelican,-9.500097274780273,-9.72747802734375e-05
falcon,penguin,-9.50009536743164,-9.5367431640625e-05
falcon,seagull,-9.625085830688477,-8.58306884765625e-05
falcon,swan,-9.812572479248047,-7.2479248046875e-05
falcon,hummingbird,-9.687580108642578,-8.0108642578125e-05
falcon,kingfisher,-9.687580108642578,-8.0108642578125e-05
falcon,woodpecker,-9.625082015991211,-8.20159912109375e-05
falcon,emu,-9.562593460083008,-9.34600830078125e-05
falcon,ostrich,-9.562591552734375,-9.1552734375e-05
falcon,carp,-9.375106811523438,-0.0001068115234375
falcon,goldfish,-9.500093460083008,-9.34600830078125e-05
falcon,minnow,-9.62508773803711,-8.7738037109375e-05
falcon,cod,-9.000144958496094,-0.00014495849609375
falcon,herring,-9.187623977661133,-0.0001239776611328125
falcon,sardine,-9.437601089477539,-0.0001010894775390625
falcon,salmon,-9.437599182128906,-9.918212890625e-05
falcon,trout,-9.375104904174805,-0.0001049041748046875
falcon,eel,-9.750076293945312,-7.62939453125e-05
falcon,flounder,-9.250120162963867,-0.0001201629638671875
falcon,mackerel,-9.000150680541992,-0.0001506805419921875
falcon,tuna,-9.437599182128906,-9.918212890625e-05
falcon,seahorse,-9.437602996826172,-0.000102996826171875
falcon,shark,-9.687583923339844,-8.392333984375e-05
falcon,bee,-9.562591552734375,-9.1552734375e-05
falcon,hornet,-9.500097274780273,-9.72747802734375e-05
falcon,wasp,-9.625091552734375,-9.1552734375e-05
falcon,ant,-9.312612533569336,-0.0001125335693359375
falcon,beetle,-9.750076293945312,-7.62939453125e-05
falcon,ladybird,-9.312610626220703,-0.000110626220703125
falcon,butterfly,-9.750080108642578,-8.0108642578125e-05
falcon,moth,-9.562593460083008,-9.34600830078125e-05
falcon,cockroach,-9.56259536743164,-9.5367431640625e-05
falcon,cricket,-9.500097274780273,-9.72747802734375e-05
falcon,grasshopper,-9.750076293945312,-7.62939453125e-05
falcon,locust,-9.43760871887207,-0.0001087188720703125
falcon,dragonfly,-9.687582015991211,-8.20159912109375e-05
falcon,flea,-9.562589645385742,-8.96453857421875e-05
falcon,housefly,-9.687582015991211,-8.20159912109375e-05
falcon,mosquito,-9.562593460083008,-9.34600830078125e-05
falcon,stick_insect,-9.562589645385742,-8.96453857421875e-05
falcon,termite,-9.56258773803711,-8.7738037109375e-05
falcon,centipede,-9.625093460083008,-9.34600830078125e-05
falcon,millipede,-9.437606811523438,-0.0001068115234375
falcon,scorpion,-9.687585830688477,-8.58306884765625e-05
falcon,spider,-9.687583923339844,-8.392333984375e-05
falcon,tarantula,-9.62508773803711,-8.7738037109375e-05
falcon,crab,-9.562593460083008,-9.34600830078125e-05
falcon,crayfish,-9.500097274780273,-9.72747802734375e-05
falcon,lobster,-9.50009536743164,-9.5367431640625e-05
falcon,prawn,-9.50009536743164,-9.5367431640625e-05
falcon,shrimp,-9.437602996826172,-0.000102996826171875
falcon,slug,-9.62508773803711,-8.7738037109375e-05
falcon,snail,-9.750076293945312,-7.62939453125e-05
falcon,clam,-9.37510871887207,-0.0001087188720703125
falcon,mussel,-9.312614440917969,-0.00011444091796875
falcon,scallop,-9.2501220703125,-0.0001220703125
falcon,oyster,-8.812677383422852,-0.0001773834228515625
falcon,squid,-9.750078201293945,-7.82012939453125e-05
falcon,octopus,-9.562593460083008,-9.34600830078125e-05
falcon,worm,-9.750076293945312,-7.62939453125e-05
falcon,jellyfish,-9.750078201293945,-7.82012939453125e-05
hawk,animal,-5.91278076171875e-05,-11.375059127807617
hawk,vertebrate,-6.67572021484375e-05,-11.000066757202148
hawk,invertebrate,-10.062562942504883,-6.29425048828125e-05
hawk,mammal,-10.187551498413086,-5.14984130859375e-05
hawk,bird,-4.00543212890625e-05,-12.125040054321289
hawk,reptile,-10.000062942504883,-6.29425048828125e-05
hawk,amphibian,-10.250053405761719,-5.340576171875e-05
hawk,fish,-10.000062942504883,-6.29425048828125e-05
hawk,arthropod,-10.250059127807617,-5.91278076171875e-05
hawk,insect,-10.000062942504883,-6.29425048828125e-05
hawk,bird of prey,-3.24249267578125e-05,-12.437532424926758
hawk,aquatic bird,-10.062559127807617,-5.91278076171875e-05
hawk,canine,-9.937566757202148,-6.67572021484375e-05
hawk,feline,-9.875068664550781,-6.866455078125e-05
hawk,primate,-10.062559127807617,-5.91278076171875e-05
hawk,aquatic mammal,-9.93757438659668,-7.43865966796875e-05
hawk,rodent,-10.062559127807617,-5.91278076171875e-05
hawk,bat,-10.000062942504883,-6.29425048828125e-05
hawk,bear,-9.750076293945312,-7.62939453125e-05
hawk,cat,-9.750076293945312,-7.62939453125e-05
hawk,cheetah,-9.937568664550781,-6.866455078125e-05
hawk,leopard,-9.500099182128906,-9.918212890625e-05
hawk,lion,-9.625085830688477,-8.58306884765625e-05
hawk,panther,-9.62508773803711,-8.7738037109375e-05
hawk,tiger,-9.687582015991211,-8.20159912109375e-05
hawk,dog,-9.937566757202148,-6.67572021484375e-05
hawk,fox,-9.937566757202148,-6.67572021484375e-05
hawk,hyena,-9.687583923339844,-8.392333984375e-05
hawk,wolf,-9.937566757202148,-6.67572021484375e-05
hawk,raccoon,-9.37510871887207,-0.0001087188720703125
hawk,skunk,-9.62508773803711,-8.7738037109375e-05
hawk,otter,-9.500097274780273,-9.72747802734375e-05
hawk,beaver,-9.562591552734375,-9.1552734375e-05
hawk,chipmunk,-9.62508773803711,-8.7738037109375e-05
hawk,squirrel,-9.687582015991211,-8.20159912109375e-05
hawk,gerbil,-9.437601089477539,-0.0001010894775390625
hawk,guinea_pig,-9.562593460083008,-9.34600830078125e-05
hawk,hamster,-9.687580108642578,-8.0108642578125e-05
hawk,mouse,-9.625083923339844,-8.392333984375e-05
hawk,porcupine,-9.562597274780273,-9.72747802734375e-05
hawk,rat,-9.875070571899414,-7.05718994140625e-05
hawk,buffalo,-9.437606811523438,-0.0001068115234375
hawk,cow,-9.687583923339844,-8.392333984375e-05
hawk,ox,-9.500099182128906,-9.918212890625e-05
hawk,goat,-9.625089645385742,-8.96453857421875e-05
hawk,sheep,-9.62508773803711,-8.7738037109375e-05
hawk,deer,-9.687583923339844,-8.392333984375e-05
hawk,moose,-9.62508773803711,-8.7738037109375e-05
hawk,giraffe,-9.562593460083008,-9.34600830078125e-05
hawk,camel,-9.500097274780273,-9.72747802734375e-05
hawk,hippo,-9.250123977661133,-0.0001239776611328125
hawk,llama,-9.37510871887207,-0.0001087188720703125
hawk,pig,-9.750078201293945,-7.82012939453125e-05
hawk,donkey,-9.750080108642578,-8.0108642578125e-05
hawk,horse,-9.750080108642578,-8.0108642578125e-05
hawk,pony,-9.562593460083008,-9.34600830078125e-05
hawk,zebra,-9.62508773803711,-8.7738037109375e-05
hawk,rhino,-9.750078201293945,-7.82012939453125e-05
hawk,gorilla,-9.500097274780273,-9.72747802734375e-05
hawk,monkey,-9.937566757202148,-6.67572021484375e-05
hawk,hedgehog,-9.687582015991211,-8.20159912109375e-05
hawk,rabbit,-9.625085830688477,-8.58306884765625e-05
hawk,seal,-9.62508773803711,-8.7738037109375e-05
hawk,walrus,-9.375110626220703,-0.000110626220703125
hawk,dolphin,-10.000064849853516,-6.4849853515625e-05
hawk,whale,-9.875072479248047,-7.2479248046875e-05
hawk,elephant,-9.625085830688477,-8.58306884765625e-05
hawk,kangaroo,-9.750076293945312,-7.62939453125e-05
hawk,platypus,-9.687583923339844,-8.392333984375e-05
hawk,crocodile,-9.625085830688477,-8.58306884765625e-05
hawk,alligator,-9.687583923339844,-8.392333984375e-05
hawk,lizard,-10.06256103515625,-6.103515625e-05
hawk,iguana,-9.750078201293945,-7.82012939453125e-05
hawk,rattlesnake,-9.875072479248047,-7.2479248046875e-05
hawk,tortoise,-9.875070571899414,-7.05718994140625e-05
hawk,turtle,-9.875070571899414,-7.05718994140625e-05
hawk,frog,-9.937566757202148,-6.67572021484375e-05
hawk,toad,-9.62508773803711,-8.7738037109375e-05
hawk,budgie,-9.312610626220703,-0.000110626220703125
hawk,parakeet,-9.750078201293945,-7.82012939453125e-05
hawk,buzzard,-6.688901901245117,-0.0014019012451171875
hawk,falcon,-0.04036712646484375,-3.2903671264648438
hawk,hawk,-0.0001983642578125,-9.312698364257812
hawk,eagle,-7.750494003295898,-0.0004940032958984375
hawk,owl,-10.00006103515625,-6.103515625e-05
hawk,canary,-9.500093460083008,-9.34600830078125e-05
hawk,magpie,-9.875066757202148,-6.67572021484375e-05
hawk,raven,-9.937564849853516,-6.4849853515625e-05
hawk,nightingale,-9.625082015991211,-8.20159912109375e-05
hawk,robin,-9.50009536743164,-9.5367431640625e-05
hawk,starling,-9.687582015991211,-8.20159912109375e-05
hawk,sparrow,-9.50009536743164,-9.5367431640625e-05
hawk,wren,-9.687580108642578,-8.0108642578125e-05
hawk,chicken,-9.06263542175293,-0.0001354217529296875
hawk,cockerel,-9.187629699707031,-0.00012969970703125
hawk,turkey,-9.312610626220703,-0.000110626220703125
hawk,dove,-9.562589645385742,-8.96453857421875e-05
hawk,pigeon,-9.625083923339844,-8.392333984375e-05
hawk,partridge,-9.625085830688477,-8.58306884765625e-05
hawk,peacock,-9.375106811523438,-0.0001068115234375
hawk,crane,-9.437599182128906,-9.918212890625e-05
hawk,flamingo,-9.50009536743164,-9.5367431640625e-05
hawk,heron,-9.625085830688477,-8.58306884765625e-05
hawk,duck,-10.000064849853516,-6.4849853515625e-05
hawk,goose,-9.750076293945312,-7.62939453125e-05
hawk,pelican,-9.687580108642578,-8.0108642578125e-05
hawk,penguin,-9.562589645385742,-8.96453857421875e-05
hawk,seagull,-9.750076293945312,-7.62939453125e-05
hawk,swan,-9.937566757202148,-6.67572021484375e-05
hawk,hummingbird,-9.625083923339844,-8.392333984375e-05
hawk,kingfisher,-9.937564849853516,-6.4849853515625e-05
hawk,woodpecker,-9.75007438659668,-7.43865966796875e-05
hawk,emu,-9.625085830688477,-8.58306884765625e-05
hawk,ostrich,-9.56258773803711,-8.7738037109375e-05
hawk,carp,-9.437601089477539,-0.0001010894775390625
hawk,goldfish,-9.562589645385742,-8.96453857421875e-05
hawk,minnow,-9.625089645385742,-8.96453857421875e-05
hawk,cod,-9.125129699707031,-0.00012969970703125
hawk,herring,-9.12513542175293,-0.0001354217529296875
hawk,sardine,-9.625085830688477,-8.58306884765625e-05
hawk,salmon,-9.437601089477539,-0.0001010894775390625
hawk,trout,-9.437599182128906,-9.918212890625e-05
hawk,eel,-9.875068664550781,-6.866455078125e-05
hawk,flounder,-9.437601089477539,-0.0001010894775390625
hawk,mackerel,-9.12513542175293,-0.0001354217529296875
hawk,tuna,-9.437601089477539,-0.0001010894775390625
hawk,seahorse,-9.62508773803711,-8.7738037109375e-05
hawk,shark,-10.000064849853516,-6.4849853515625e-05
hawk,bee,-9.750076293945312,-7.62939453125e-05
hawk,hornet,-9.562591552734375,-9.1552734375e-05
hawk,wasp,-9.687583923339844,-8.392333984375e-05
hawk,ant,-9.437602996826172,-0.000102996826171875
hawk,beetle,-10.062559127807617,-5.91278076171875e-05
hawk,ladybird,-9.250120162963867,-0.0001201629638671875
hawk,butterfly,-9.937566757202148,-6.67572021484375e-05
hawk,moth,-9.500099182128906,-9.918212890625e-05
hawk,cockroach,-9.625089645385742,-8.96453857421875e-05
hawk,cricket,-9.562591552734375,-9.1552734375e-05
hawk,grasshopper,-9.812576293945312,-7.62939453125e-05
hawk,locust,-9.687585830688477,-8.58306884765625e-05
hawk,dragonfly,-9.875070571899414,-7.05718994140625e-05
hawk,flea,-9.687582015991211,-8.20159912109375e-05
hawk,housefly,-9.625085830688477,-8.58306884765625e-05
hawk,mosquito,-9.500099182128906,-9.918212890625e-05
hawk,stick_insect,-9.50009536743164,-9.5367431640625e-05
hawk,termite,-9.50009536743164,-9.5367431640625e-05
hawk,centipede,-9.750082015991211,-8.20159912109375e-05
hawk,millipede,-9.750082015991211,-8.20159912109375e-05
hawk,scorpion,-9.937570571899414,-7.05718994140625e-05
hawk,spider,-9.937566757202148,-6.67572021484375e-05
hawk,tarantula,-9.625089645385742,-8.96453857421875e-05
hawk,crab,-9.750078201293945,-7.82012939453125e-05
hawk,crayfish,-9.62508773803711,-8.7738037109375e-05
hawk,lobster,-9.62508773803711,-8.7738037109375e-05
hawk,prawn,-9.50009536743164,-9.5367431640625e-05
hawk,shrimp,-9.62508773803711,-8.7738037109375e-05
hawk,slug,-9.812576293945312,-7.62939453125e-05
hawk,snail,-9.750078201293945,-7.82012939453125e-05
hawk,clam,-9.562593460083008,-9.34600830078125e-05
hawk,mussel,-9.2501220703125,-0.0001220703125
hawk,scallop,-9.312616348266602,-0.0001163482666015625
hawk,oyster,-9.000150680541992,-0.0001506805419921875
hawk,squid,-10.000062942504883,-6.29425048828125e-05
hawk,octopus,-9.687583923339844,-8.392333984375e-05
hawk,worm,-9.812576293945312,-7.62939453125e-05
hawk,jellyfish,-9.937568664550781,-6.866455078125e-05
eagle,animal,-5.53131103515625e-05,-11.437555313110352
eagle,vertebrate,-5.7220458984375e-05,-11.250057220458984
eagle,invertebrate,-10.000066757202148,-6.67572021484375e-05
eagle,mammal,-10.062557220458984,-5.7220458984375e-05
eagle,bird,-4.00543212890625e-05,-12.000040054321289
eagle,reptile,-9.81257438659668,-7.43865966796875e-05
eagle,amphibian,-10.250051498413086,-5.14984130859375e-05
eagle,fish,-9.875068664550781,-6.866455078125e-05
eagle,arthropod,-10.125064849853516,-6.4849853515625e-05
eagle,insect,-10.06256103515625,-6.103515625e-05
eagle,bird of prey,-2.86102294921875e-05,-12.500028610229492
eagle,aquatic bird,-9.187623977661133,-0.0001239776611328125
eagle,canine,-9.875072479248047,-7.2479248046875e-05
eagle,feline,-9.750076293945312,-7.62939453125e-05
eagle,primate,-10.000064849853516,-6.4849853515625e-05
eagle,aquatic mammal,-9.625091552734375,-9.1552734375e-05
eagle,rodent,-9.875070571899414,-7.05718994140625e-05
eagle,bat,-9.875070571899414,-7.05718994140625e-05
eagle,bear,-9.687582015991211,-8.20159912109375e-05
eagle,cat,-9.625085830688477,-8.58306884765625e-05
eagle,cheetah,-9.937566757202148,-6.67572021484375e-05
eagle,leopard,-9.625089645385742,-8.96453857421875e-05
eagle,lion,-9.750078201293945,-7.82012939453125e-05
eagle,panther,-9.625089645385742,-8.96453857421875e-05
eagle,tiger,-9.937568664550781,-6.866455078125e-05
eagle,dog,-9.81257438659668,-7.43865966796875e-05
eagle,fox,-9.812576293945312,-7.62939453125e-05
eagle,hyena,-9.750078201293945,-7.82012939453125e-05
eagle,wolf,-9.812576293945312,-7.62939453125e-05
eagle,raccoon,-9.312614440917969,-0.00011444091796875
eagle,skunk,-9.500099182128906,-9.918212890625e-05
eagle,otter,-9.562593460083008,-9.34600830078125e-05
eagle,beaver,-9.625085830688477,-8.58306884765625e-05
eagle,chipmunk,-9.500097274780273,-9.72747802734375e-05
eagle,squirrel,-9.687582015991211,-8.20159912109375e-05
eagle,gerbil,-9.437602996826172,-0.000102996826171875
eagle,guinea_pig,-9.437602996826172,-0.000102996826171875
eagle,hamster,-9.625083923339844,-8.392333984375e-05
eagle,mouse,-9.625083923339844,-8.392333984375e-05
eagle,porcupine,-9.375110626220703,-0.000110626220703125
eagle,rat,-9.750078201293945,-7.82012939453125e-05
eagle,buffalo,-9.562593460083008,-9.34600830078125e-05
eagle,cow,-9.687583923339844,-8.392333984375e-05
eagle,ox,-9.62508773803711,-8.7738037109375e-05
eagle,goat,-9.625089645385742,-8.96453857421875e-05
eagle,sheep,-9.812576293945312,-7.62939453125e-05
eagle,deer,-9.875070571899414,-7.05718994140625e-05
eagle,moose,-9.562591552734375,-9.1552734375e-05
eagle,giraffe,-9.500099182128906,-9.918212890625e-05
eagle,camel,-9.562593460083008,-9.34600830078125e-05
eagle,hippo,-9.37510871887207,-0.0001087188720703125
eagle,llama,-9.375106811523438,-0.0001068115234375
eagle,pig,-9.625089645385742,-8.96453857421875e-05
eagle,donkey,-9.875072479248047,-7.2479248046875e-05
eagle,horse,-9.875072479248047,-7.2479248046875e-05
eagle,pony,-9.750080108642578,-8.0108642578125e-05
eagle,zebra,-9.687583923339844,-8.392333984375e-05
eagle,rhino,-9.687583923339844,-8.392333984375e-05
eagle,gorilla,-9.562591552734375,-9.1552734375e-05
eagle,monkey,-9.687582015991211,-8.20159912109375e-05
eagle,hedgehog,-9.62508773803711,-8.7738037109375e-05
eagle,rabbit,-9.687580108642578,-8.0108642578125e-05
eagle,seal,-9.500099182128906,-9.918212890625e-05
eagle,walrus,-9.50009536743164,-9.5367431640625e-05
eagle,dolphin,-9.750076293945312,-7.62939453125e-05
eagle,whale,-9.875070571899414,-7.05718994140625e-05
eagle,elephant,-9.687582015991211,-8.20159912109375e-05
eagle,kangaroo,-9.687580108642578,-8.0108642578125e-05
eagle,platypus,-9.62508773803711,-8.7738037109375e-05
eagle,crocodile,-9.562591552734375,-9.1552734375e-05
eagle,alligator,-9.687582015991211,-8.20159912109375e-05
eagle,lizard,-10.125055313110352,-5.53131103515625e-05
eagle,iguana,-9.750076293945312,-7.62939453125e-05
eagle,rattlesnake,-9.687583923339844,-8.392333984375e-05
eagle,tortoise,-9.687580108642578,-8.0108642578125e-05
eagle,turtle,-9.687582015991211,-8.20159912109375e-05
eagle,frog,-9.812576293945312,-7.62939453125e-05
eagle,toad,-9.625085830688477,-8.58306884765625e-05
eagle,budgie,-9.31260871887207,-0.0001087188720703125
eagle,parakeet,-9.687583923339844,-8.392333984375e-05
eagle,buzzard,-7.000993728637695,-0.0009937286376953125
eagle,falcon,-4.635198593139648,-0.010198593139648438
eagle,hawk,-0.008596420288085938,-4.883596420288086
eagle,eagle,-0.000247955322265625,-8.937747955322266
eagle,owl,-10.125053405761719,-5.340576171875e-05
eagle,canary,-9.31260871887207,-0.0001087188720703125
eagle,magpie,-9.750076293945312,-7.62939453125e-05
eagle,raven,-9.937564849853516,-6.4849853515625e-05
eagle,nightingale,-9.437601089477539,-0.0001010894775390625
eagle,robin,-9.500093460083008,-9.34600830078125e-05
eagle,starling,-9.562589645385742,-8.96453857421875e-05
eagle,sparrow,-9.500093460083008,-9.34600830078125e-05
eagle,wren,-9.562589645385742,-8.96453857421875e-05
eagle,chicken,-8.562713623046875,-0.000213623046875
eagle,cockerel,-9.37510871887207,-0.0001087188720703125
eagle,turkey,-9.31260871887207,-0.0001087188720703125
eagle,dove,-9.500093460083008,-9.34600830078125e-05
eagle,pigeon,-9.375102996826172,-0.000102996826171875
eagle,partridge,-9.625083923339844,-8.392333984375e-05
eagle,peacock,-9.375106811523438,-0.0001068115234375
eagle,crane,-9.312610626220703,-0.000110626220703125
eagle,flamingo,-9.562589645385742,-8.96453857421875e-05
eagle,heron,-9.062641143798828,-0.000141143798828125
eagle,duck,-10.00006103515625,-6.103515625e-05
eagle,goose,-9.75007438659668,-7.43865966796875e-05
eagle,pelican,-9.50009536743164,-9.5367431640625e-05
eagle,penguin,-9.625083923339844,-8.392333984375e-05
eagle,seagull,-9.375104904174805,-0.0001049041748046875
eagle,swan,-9.875068664550781,-6.866455078125e-05
eagle,hummingbird,-9.625085830688477,-8.58306884765625e-05
eagle,kingfisher,-9.687580108642578,-8.0108642578125e-05
eagle,woodpecker,-9.500093460083008,-9.34600830078125e-05
eagle,emu,-9.625085830688477,-8.58306884765625e-05
eagle,ostrich,-9.687578201293945,-7.82012939453125e-05
eagle,carp,-9.50009536743164,-9.5367431640625e-05
eagle,goldfish,-9.437601089477539,-0.0001010894775390625
eagle,minnow,-9.625089645385742,-8.96453857421875e-05
eagle,cod,-9.000144958496094,-0.00014495849609375
eagle,herring,-9.250118255615234,-0.000118255615234375
eagle,sardine,-9.50009536743164,-9.5367431640625e-05
eagle,salmon,-9.437599182128906,-9.918212890625e-05
eagle,trout,-9.437599182128906,-9.918212890625e-05
eagle,eel,-9.62508773803711,-8.7738037109375e-05
eagle,flounder,-9.250120162963867,-0.0001201629638671875
eagle,mackerel,-9.062644958496094,-0.00014495849609375
eagle,tuna,-9.500093460083008,-9.34600830078125e-05
eagle,seahorse,-9.562593460083008,-9.34600830078125e-05
eagle,shark,-9.812572479248047,-7.2479248046875e-05
eagle,bee,-9.750078201293945,-7.82012939453125e-05
eagle,hornet,-9.625089645385742,-8.96453857421875e-05
eagle,wasp,-9.812576293945312,-7.62939453125e-05
eagle,ant,-9.312614440917969,-0.00011444091796875
eagle,beetle,-9.875070571899414,-7.05718994140625e-05
eagle,ladybird,-9.062639236450195,-0.0001392364501953125
eagle,butterfly,-9.937568664550781,-6.866455078125e-05
eagle,moth,-9.562591552734375,-9.1552734375e-05
eagle,cockroach,-9.562593460083008,-9.34600830078125e-05
eagle,cricket,-9.50009536743164,-9.5367431640625e-05
eagle,grasshopper,-9.750080108642578,-8.0108642578125e-05
eagle,locust,-9.500099182128906,-9.918212890625e-05
eagle,dragonfly,-9.750076293945312,-7.62939453125e-05
eagle,flea,-9.562591552734375,-9.1552734375e-05
eagle,housefly,-9.750076293945312,-7.62939453125e-05
eagle,mosquito,-9.437604904174805,-0.0001049041748046875
eagle,stick_insect,-9.50009536743164,-9.5367431640625e-05
eagle,termite,-9.562589645385742,-8.96453857421875e-05
eagle,centipede,-9.625093460083008,-9.34600830078125e-05
eagle,millipede,-9.625089645385742,-8.96453857421875e-05
eagle,scorpion,-9.812578201293945,-7.82012939453125e-05
eagle,spider,-9.937568664550781,-6.866455078125e-05
eagle,tarantula,-9.56259536743164,-9.5367431640625e-05
eagle,crab,-9.62508773803711,-8.7738037109375e-05
eagle,crayfish,-9.562591552734375,-9.1552734375e-05
eagle,lobster,-9.437601089477539,-0.0001010894775390625
eagle,prawn,-9.50009536743164,-9.5367431640625e-05
eagle,shrimp,-9.500097274780273,-9.72747802734375e-05
eagle,slug,-9.62508773803711,-8.7738037109375e-05
eagle,snail,-9.687580108642578,-8.0108642578125e-05
eagle,clam,-9.437602996826172,-0.000102996826171875
eagle,mussel,-9.312614440917969,-0.00011444091796875
eagle,scallop,-9.2501220703125,-0.0001220703125
eagle,oyster,-8.937658309936523,-0.0001583099365234375
eagle,squid,-9.750076293945312,-7.62939453125e-05
eagle,octopus,-9.687583923339844,-8.392333984375e-05
eagle,worm,-9.875072479248047,-7.2479248046875e-05
eagle,jellyfish,-9.937568664550781,-6.866455078125e-05
owl,animal,-4.9591064453125e-05,-11.812549591064453
owl,vertebrate,-4.76837158203125e-05,-11.43754768371582
owl,invertebrate,-10.125059127807617,-5.91278076171875e-05
owl,mammal,-10.125053405761719,-5.340576171875e-05
owl,bird,-3.4332275390625e-05,-12.31253433227539
owl,reptile,-10.250049591064453,-4.9591064453125e-05
owl,amphibian,-10.187555313110352,-5.53131103515625e-05
owl,fish,-10.00006103515625,-6.103515625e-05
owl,arthropod,-10.125064849853516,-6.4849853515625e-05
owl,insect,-10.06256103515625,-6.103515625e-05
owl,bird of prey,-3.0517578125e-05,-12.437530517578125
owl,aquatic bird,-10.000062942504883,-6.29425048828125e-05
owl,canine,-9.875068664550781,-6.866455078125e-05
owl,feline,-9.75007438659668,-7.43865966796875e-05
owl,primate,-10.062559127807617,-5.91278076171875e-05
owl,aquatic mammal,-9.625093460083008,-9.34600830078125e-05
owl,rodent,-10.062559127807617,-5.91278076171875e-05
owl,bat,-10.125055313110352,-5.53131103515625e-05
owl,bear,-9.812572479248047,-7.2479248046875e-05
owl,cat,-9.437597274780273,-9.72747802734375e-05
owl,cheetah,-9.875072479248047,-7.2479248046875e-05
owl,leopard,-9.562593460083008,-9.34600830078125e-05
owl,lion,-9.750078201293945,-7.82012939453125e-05
owl,panther,-9.62508773803711,-8.7738037109375e-05
owl,tiger,-9.81257438659668,-7.43865966796875e-05
owl,dog,-10.06256103515625,-6.103515625e-05
owl,fox,-9.937566757202148,-6.67572021484375e-05
owl,hyena,-9.875070571899414,-7.05718994140625e-05
owl,wolf,-10.062559127807617,-5.91278076171875e-05
owl,raccoon,-9.562591552734375,-9.1552734375e-05
owl,skunk,-9.562591552734375,-9.1552734375e-05
owl,otter,-9.62508773803711,-8.7738037109375e-05
owl,beaver,-9.625085830688477,-8.58306884765625e-05
owl,chipmunk,-9.687582015991211,-8.20159912109375e-05
owl,squirrel,-9.812572479248047,-7.2479248046875e-05
owl,gerbil,-9.437602996826172,-0.000102996826171875
owl,guinea_pig,-9.500099182128906,-9.918212890625e-05
owl,hamster,-9.687578201293945,-7.82012939453125e-05
owl,mouse,-9.625085830688477,-8.58306884765625e-05
owl,porcupine,-9.562593460083008,-9.34600830078125e-05
owl,rat,-9.875070571899414,-7.05718994140625e-05
owl,buffalo,-9.56259536743164,-9.5367431640625e-05
owl,cow,-9.812576293945312,-7.62939453125e-05
owl,ox,-9.562593460083008,-9.34600830078125e-05
owl,goat,-9.750080108642578,-8.0108642578125e-05
owl,sheep,-9.81257438659668,-7.43865966796875e-05
owl,deer,-9.750078201293945,-7.82012939453125e-05
owl,moose,-9.625085830688477,-8.58306884765625e-05
owl,giraffe,-9.437604904174805,-0.0001049041748046875
owl,camel,-9.562593460083008,-9.34600830078125e-05
owl,hippo,-9.375110626220703,-0.000110626220703125
owl,llama,-9.437602996826172,-0.000102996826171875
owl,pig,-9.687583923339844,-8.392333984375e-05
owl,donkey,-9.625089645385742,-8.96453857421875e-05
owl,horse,-9.875070571899414,-7.05718994140625e-05
owl,pony,-9.562591552734375,-9.1552734375e-05
owl,zebra,-9.750080108642578,-8.0108642578125e-05
owl,rhino,-9.62508773803711,-8.7738037109375e-05
owl,gorilla,-9.50009536743164,-9.5367431640625e-05
owl,monkey,-9.875070571899414,-7.05718994140625e-05
owl,hedgehog,-9.62508773803711,-8.7738037109375e-05
owl,rabbit,-9.875072479248047,-7.2479248046875e-05
owl,seal,-9.687582015991211,-8.20159912109375e-05
owl,walrus,-9.500097274780273,-9.72747802734375e-05
owl,dolphin,-9.687583923339844,-8.392333984375e-05
owl,whale,-9.687582015991211,-8.20159912109375e-05
owl,elephant,-9.750078201293945,-7.82012939453125e-05
owl,kangaroo,-9.750076293945312,-7.62939453125e-05
owl,platypus,-9.687583923339844,-8.392333984375e-05
owl,crocodile,-9.687582015991211,-8.20159912109375e-05
owl,alligator,-9.750078201293945,-7.82012939453125e-05
owl,lizard,-10.187553405761719,-5.340576171875e-05
owl,iguana,-9.81257438659668,-7.43865966796875e-05
owl,rattlesnake,-9.750078201293945,-7.82012939453125e-05
owl,tortoise,-9.812572479248047,-7.2479248046875e-05
owl,turtle,-9.750078201293945,-7.82012939453125e-05
owl,frog,-10.062559127807617,-5.91278076171875e-05
owl,toad,-9.750080108642578,-8.0108642578125e-05
owl,budgie,-9.500091552734375,-9.1552734375e-05
owl,parakeet,-10.062559127807617,-5.91278076171875e-05
owl,buzzard,-8.93765640258789,-0.000156402587890625
owl,falcon,-8.062847137451172,-0.000347137451171875
owl,hawk,-5.628812789916992,-0.0038127899169921875
owl,eagle,-9.250116348266602,-0.0001163482666015625
owl,owl,-0.0001983642578125,-9.437698364257812
owl,canary,-9.56258773803711,-8.7738037109375e-05
owl,magpie,-10.00006103515625,-6.103515625e-05
owl,raven,-10.00006103515625,-6.103515625e-05
owl,nightingale,-9.56258773803711,-8.7738037109375e-05
owl,robin,-9.687578201293945,-7.82012939453125e-05
owl,starling,-9.625085830688477,-8.58306884765625e-05
owl,sparrow,-9.687580108642578,-8.0108642578125e-05
owl,wren,-9.812570571899414,-7.05718994140625e-05
owl,chicken,-9.187620162963867,-0.0001201629638671875
owl,cockerel,-9.437602996826172,-0.000102996826171875
owl,turkey,-9.437599182128906,-9.918212890625e-05
owl,dove,-9.687578201293945,-7.82012939453125e-05
owl,pigeon,-9.562585830688477,-8.58306884765625e-05
owl,partridge,-9.75007438659668,-7.43865966796875e-05
owl,peacock,-9.437602996826172,-0.000102996826171875
owl,crane,-9.75007438659668,-7.43865966796875e-05
owl,flamingo,-9.687578201293945,-7.82012939453125e-05
owl,heron,-9.687582015991211,-8.20159912109375e-05
owl,duck,-10.062559127807617,-5.91278076171875e-05
owl,goose,-9.812570571899414,-7.05718994140625e-05
owl,pelican,-9.687580108642578,-8.0108642578125e-05
owl,penguin,-9.625083923339844,-8.392333984375e-05
owl,seagull,-9.875068664550781,-6.866455078125e-05
owl,swan,-10.00006103515625,-6.103515625e-05
owl,hummingbird,-9.750076293945312,-7.62939453125e-05
owl,kingfisher,-9.812572479248047,-7.2479248046875e-05
owl,woodpecker,-9.875066757202148,-6.67572021484375e-05
owl,emu,-9.625085830688477,-8.58306884765625e-05
owl,ostrich,-9.687580108642578,-8.0108642578125e-05
owl,carp,-9.50009536743164,-9.5367431640625e-05
owl,goldfish,-9.562589645385742,-8.96453857421875e-05
owl,minnow,-9.625091552734375,-9.1552734375e-05
owl,cod,-9.125129699707031,-0.00012969970703125
owl,herring,-9.12513542175293,-0.0001354217529296875
owl,sardine,-9.687580108642578,-8.0108642578125e-05
owl,salmon,-9.562589645385742,-8.96453857421875e-05
owl,trout,-9.375104904174805,-0.0001049041748046875
owl,eel,-9.750078201293945,-7.82012939453125e-05
owl,flounder,-9.37510871887207,-0.0001087188720703125
owl,mackerel,-9.250120162963867,-0.0001201629638671875
owl,tuna,-9.500093460083008,-9.34600830078125e-05
owl,seahorse,-9.562591552734375,-9.1552734375e-05
owl,shark,-9.62508773803711,-8.7738037109375e-05
owl,bee,-9.875068664550781,-6.866455078125e-05
owl,hornet,-9.687583923339844,-8.392333984375e-05
owl,wasp,-9.81257438659668,-7.43865966796875e-05
owl,ant,-9.562591552734375,-9.1552734375e-05
owl,beetle,-10.00006103515625,-6.103515625e-05
owl,ladybird,-9.312612533569336,-0.0001125335693359375
owl,butterfly,-10.062559127807617,-5.91278076171875e-05
owl,moth,-9.375110626220703,-0.000110626220703125
owl,cockroach,-9.500099182128906,-9.918212890625e-05
owl,cricket,-9.750076293945312,-7.62939453125e-05
owl,grasshopper,-9.937566757202148,-6.67572021484375e-05
owl,locust,-9.750082015991211,-8.20159912109375e-05
owl,dragonfly,-10.000062942504883,-6.29425048828125e-05
owl,flea,-9.750076293945312,-7.62939453125e-05
owl,housefly,-9.750076293945312,-7.62939453125e-05
owl,mosquito,-9.500099182128906,-9.918212890625e-05
owl,stick_insect,-9.625083923339844,-8.392333984375e-05
owl,termite,-9.562589645385742,-8.96453857421875e-05
owl,centipede,-9.812576293945312,-7.62939453125e-05
owl,millipede,-9.56259536743164,-9.5367431640625e-05
owl,scorpion,-9.875070571899414,-7.05718994140625e-05
owl,spider,-9.875070571899414,-7.05718994140625e-05
owl,tarantula,-9.625091552734375,-9.1552734375e-05
owl,crab,-9.62508773803711,-8.7738037109375e-05
owl,crayfish,-9.562593460083008,-9.34600830078125e-05
owl,lobster,-9.50009536743164,-9.5367431640625e-05
owl,prawn,-9.500093460083008,-9.34600830078125e-05
owl,shrimp,-9.562591552734375,-9.1552734375e-05
owl,slug,-9.687583923339844,-8.392333984375e-05
owl,snail,-9.625085830688477,-8.58306884765625e-05
owl,clam,-9.437602996826172,-0.000102996826171875
owl,mussel,-9.312614440917969,-0.00011444091796875
owl,scallop,-9.437602996826172,-0.000102996826171875
owl,oyster,-9.2501220703125,-0.0001220703125
owl,squid,-9.750078201293945,-7.82012939453125e-05
owl,octopus,-9.500097274780273,-9.72747802734375e-05
owl,worm,-9.875070571899414,-7.05718994140625e-05
owl,jellyfish,-9.81257438659668,-7.43865966796875e-05
canary,animal,-6.103515625e-05,-11.18756103515625
canary,vertebrate,-5.7220458984375e-05,-10.875057220458984
canary,invertebrate,-9.875078201293945,-7.82012939453125e-05
canary,mammal,-10.06256103515625,-6.103515625e-05
canary,bird,-4.00543212890625e-05,-11.937540054321289
canary,reptile,-9.875076293945312,-7.62939453125e-05
canary,amphibian,-10.062562942504883,-6.29425048828125e-05
canary,fish,-9.875070571899414,-7.05718994140625e-05
canary,arthropod,-10.062570571899414,-7.05718994140625e-05
canary,insect,-9.812576293945312,-7.62939453125e-05
canary,bird of prey,-9.875072479248047,-7.2479248046875e-05
canary,aquatic bird,-9.625093460083008,-9.34600830078125e-05
canary,canine,-9.62509536743164,-9.5367431640625e-05
canary,feline,-9.875072479248047,-7.2479248046875e-05
canary,primate,-10.000064849853516,-6.4849853515625e-05
canary,aquatic mammal,-9.750091552734375,-9.1552734375e-05
canary,rodent,-9.937566757202148,-6.67572021484375e-05
canary,bat,-9.875072479248047,-7.2479248046875e-05
canary,bear,-9.562597274780273,-9.72747802734375e-05
canary,cat,-9.687585830688477,-8.58306884765625e-05
canary,cheetah,-9.500099182128906,-9.918212890625e-05
canary,leopard,-9.125141143798828,-0.000141143798828125
canary,lion,-9.375112533569336,-0.0001125335693359375
canary,panther,-9.312620162963867,-0.0001201629638671875
canary,tiger,-9.500102996826172,-0.000102996826171875
canary,dog,-9.687589645385742,-8.96453857421875e-05
canary,fox,-9.625091552734375,-9.1552734375e-05
canary,hyena,-9.500104904174805,-0.0001049041748046875
canary,wolf,-9.437610626220703,-0.000110626220703125
canary,raccoon,-9.375112533569336,-0.0001125335693359375
canary,skunk,-9.437606811523438,-0.0001068115234375
canary,otter,-9.500101089477539,-0.0001010894775390625
canary,beaver,-9.500099182128906,-9.918212890625e-05
canary,chipmunk,-9.500101089477539,-0.0001010894775390625
canary,squirrel,-9.750080108642578,-8.0108642578125e-05
canary,gerbil,-9.500099182128906,-9.918212890625e-05
canary,guinea_pig,-9.625089645385742,-8.96453857421875e-05
canary,hamster,-9.750076293945312,-7.62939453125e-05
canary,mouse,-9.562591552734375,-9.1552734375e-05
canary,porcupine,-9.375116348266602,-0.0001163482666015625
canary,rat,-9.562593460083008,-9.34600830078125e-05
canary,buffalo,-9.250125885009766,-0.000125885009765625
canary,cow,-9.500101089477539,-0.0001010894775390625
canary,ox,-9.250123977661133,-0.0001239776611328125
canary,goat,-9.437606811523438,-0.0001068115234375
canary,sheep,-9.500101089477539,-0.0001010894775390625
canary,deer,-9.500102996826172,-0.000102996826171875
canary,moose,-9.43760871887207,-0.0001087188720703125
canary,giraffe,-9.312620162963867,-0.0001201629638671875
canary,camel,-9.312616348266602,-0.0001163482666015625
canary,hippo,-9.187633514404297,-0.000133514404296875
canary,llama,-9.437602996826172,-0.000102996826171875
canary,pig,-9.375114440917969,-0.00011444091796875
canary,donkey,-9.500101089477539,-0.0001010894775390625
canary,horse,-9.562597274780273,-9.72747802734375e-05
canary,pony,-9.187633514404297,-0.000133514404296875
canary,zebra,-9.375112533569336,-0.0001125335693359375
canary,rhino,-9.500101089477539,-0.0001010894775390625
canary,gorilla,-9.375110626220703,-0.000110626220703125
canary,monkey,-9.812578201293945,-7.82012939453125e-05
canary,hedgehog,-9.500102996826172,-0.000102996826171875
canary,rabbit,-9.750082015991211,-8.20159912109375e-05
canary,seal,-9.500101089477539,-0.0001010894775390625
canary,walrus,-9.375114440917969,-0.00011444091796875
canary,dolphin,-9.500101089477539,-0.0001010894775390625
canary,whale,-9.625089645385742,-8.96453857421875e-05
canary,elephant,-9.437606811523438,-0.0001068115234375
canary,kangaroo,-9.500102996826172,-0.000102996826171875
canary,platypus,-9.625091552734375,-9.1552734375e-05
canary,crocodile,-9.625089645385742,-8.96453857421875e-05
canary,alligator,-9.625093460083008,-9.34600830078125e-05
canary,lizard,-9.87507438659668,-7.43865966796875e-05
canary,iguana,-9.62508773803711,-8.7738037109375e-05
canary,rattlesnake,-9.625091552734375,-9.1552734375e-05
canary,tortoise,-9.625091552734375,-9.1552734375e-05
canary,turtle,-9.812580108642578,-8.0108642578125e-05
canary,frog,-9.875076293945312,-7.62939453125e-05
canary,toad,-9.500102996826172,-0.000102996826171875
canary,budgie,-5.007085800170898,-0.0070858001708984375
canary,parakeet,-0.0005474090576171875,-7.938047409057617
canary,buzzard,-9.87507438659668,-7.43865966796875e-05
canary,falcon,-9.62508773803711,-8.7738037109375e-05
canary,hawk,-9.87507438659668,-7.43865966796875e-05
canary,eagle,-9.750080108642578,-8.0108642578125e-05
canary,owl,-10.000062942504883,-6.29425048828125e-05
canary,canary,-0.0001773834228515625,-9.375177383422852
canary,magpie,-9.750076293945312,-7.62939453125e-05
canary,raven,-9.562591552734375,-9.1552734375e-05
canary,nightingale,-8.68769645690918,-0.0001964569091796875
canary,robin,-8.812675476074219,-0.00017547607421875
canary,starling,-7.563068389892578,-0.000568389892578125
canary,sparrow,-0.0021190643310546875,-6.314619064331055
canary,wren,-5.691030502319336,-0.0035305023193359375
canary,chicken,-6.563983917236328,-0.001483917236328125
canary,cockerel,-8.43775749206543,-0.0002574920654296875
canary,turkey,-9.312614440917969,-0.00011444091796875
canary,dove,-9.500093460083008,-9.34600830078125e-05
canary,pigeon,-9.687578201293945,-7.82012939453125e-05
canary,partridge,-9.187625885009766,-0.000125885009765625
canary,peacock,-9.375110626220703,-0.000110626220703125
canary,crane,-9.062643051147461,-0.0001430511474609375
canary,flamingo,-9.312612533569336,-0.0001125335693359375
canary,heron,-9.750082015991211,-8.20159912109375e-05
canary,duck,-9.87507438659668,-7.43865966796875e-05
canary,goose,-9.750080108642578,-8.0108642578125e-05
canary,pelican,-9.437604904174805,-0.0001049041748046875
canary,penguin,-9.562591552734375,-9.1552734375e-05
canary,seagull,-9.937568664550781,-6.866455078125e-05
canary,swan,-9.62508773803711,-8.7738037109375e-05
canary,hummingbird,-9.62508773803711,-8.7738037109375e-05
canary,kingfisher,-9.562593460083008,-9.34600830078125e-05
canary,woodpecker,-9.750080108642578,-8.0108642578125e-05
canary,emu,-9.437606811523438,-0.0001068115234375
canary,ostrich,-9.437601089477539,-0.0001010894775390625
canary,carp,-9.37510871887207,-0.0001087188720703125
canary,goldfish,-9.937566757202148,-6.67572021484375e-05
canary,minnow,-9.125137329101562,-0.0001373291015625
canary,cod,-8.68769645690918,-0.0001964569091796875
canary,herring,-8.750194549560547,-0.000194549560546875
canary,sardine,-8.937664031982422,-0.000164031982421875
canary,salmon,-9.312616348266602,-0.0001163482666015625
canary,trout,-9.437601089477539,-0.0001010894775390625
canary,eel,-9.625089645385742,-8.96453857421875e-05
canary,flounder,-9.312612533569336,-0.0001125335693359375
canary,mackerel,-8.937662124633789,-0.0001621246337890625
canary,tuna,-9.187631607055664,-0.0001316070556640625
canary,seahorse,-9.437606811523438,-0.0001068115234375
canary,shark,-9.625091552734375,-9.1552734375e-05
canary,bee,-9.750080108642578,-8.0108642578125e-05
canary,hornet,-9.750085830688477,-8.58306884765625e-05
canary,wasp,-9.812580108642578,-8.0108642578125e-05
canary,ant,-9.375110626220703,-0.000110626220703125
canary,beetle,-9.625089645385742,-8.96453857421875e-05
canary,ladybird,-8.750188827514648,-0.0001888275146484375
canary,butterfly,-9.750082015991211,-8.20159912109375e-05
canary,moth,-9.187633514404297,-0.000133514404296875
canary,cockroach,-9.500101089477539,-0.0001010894775390625
canary,cricket,-9.62508773803711,-8.7738037109375e-05
canary,grasshopper,-9.500102996826172,-0.000102996826171875
canary,locust,-9.500101089477539,-0.0001010894775390625
canary,dragonfly,-9.750082015991211,-8.20159912109375e-05
canary,flea,-9.500097274780273,-9.72747802734375e-05
canary,housefly,-9.62508773803711,-8.7738037109375e-05
canary,mosquito,-9.43760871887207,-0.0001087188720703125
canary,stick_insect,-9.312616348266602,-0.0001163482666015625
canary,termite,-9.375112533569336,-0.0001125335693359375
canary,centipede,-9.500102996826172,-0.000102996826171875
canary,millipede,-9.312618255615234,-0.000118255615234375
canary,scorpion,-9.750083923339844,-8.392333984375e-05
canary,spider,-9.750082015991211,-8.20159912109375e-05
canary,tarantula,-9.500102996826172,-0.000102996826171875
canary,crab,-9.43760871887207,-0.0001087188720703125
canary,crayfish,-9.375114440917969,-0.00011444091796875
canary,lobster,-9.187631607055664,-0.0001316070556640625
canary,prawn,-9.125137329101562,-0.0001373291015625
canary,shrimp,-9.18763542175293,-0.0001354217529296875
canary,slug,-9.56259536743164,-9.5367431640625e-05
canary,snail,-9.56259536743164,-9.5367431640625e-05
canary,clam,-9.000154495239258,-0.0001544952392578125
canary,mussel,-8.875173568725586,-0.0001735687255859375
canary,scallop,-9.06264877319336,-0.000148773193359375
canary,oyster,-9.00015640258789,-0.000156402587890625
canary,squid,-9.625089645385742,-8.96453857421875e-05
canary,octopus,-9.625091552734375,-9.1552734375e-05
canary,worm,-9.250129699707031,-0.00012969970703125
canary,jellyfish,-9.812580108642578,-8.0108642578125e-05
magpie,animal,-8.392333984375e-05,-10.562583923339844
magpie,vertebrate,-9.918212890625e-05,-10.187599182128906
magpie,invertebrate,-10.000066757202148,-6.67572021484375e-05
magpie,mammal,-10.125055313110352,-5.53131103515625e-05
magpie,bird,-4.38690185546875e-05,-11.687543869018555
magpie,reptile,-10.062562942504883,-6.29425048828125e-05
magpie,amphibian,-10.000068664550781,-6.866455078125e-05
magpie,fish,-9.750076293945312,-7.62939453125e-05
magpie,arthropod,-10.062570571899414,-7.05718994140625e-05
magpie,insect,-10.000062942504883,-6.29425048828125e-05
magpie,bird of prey,-9.375104904174805,-0.0001049041748046875
magpie,aquatic bird,-9.750078201293945,-7.82012939453125e-05
magpie,canine,-9.875072479248047,-7.2479248046875e-05
magpie,feline,-9.875070571899414,-7.05718994140625e-05
magpie,primate,-10.06256103515625,-6.103515625e-05
magpie,aquatic mammal,-9.875080108642578,-8.0108642578125e-05
magpie,rodent,-10.000062942504883,-6.29425048828125e-05
magpie,bat,-9.687583923339844,-8.392333984375e-05
magpie,bear,-9.625085830688477,-8.58306884765625e-05
magpie,cat,-9.937566757202148,-6.67572021484375e-05
magpie,cheetah,-9.750080108642578,-8.0108642578125e-05
magpie,leopard,-9.125141143798828,-0.000141143798828125
magpie,lion,-9.56259536743164,-9.5367431640625e-05
magpie,panther,-9.62508773803711,-8.7738037109375e-05
magpie,tiger,-9.312614440917969,-0.00011444091796875
magpie,dog,-9.687583923339844,-8.392333984375e-05
magpie,fox,-9.937566757202148,-6.67572021484375e-05
magpie,hyena,-9.625091552734375,-9.1552734375e-05
magpie,wolf,-9.687583923339844,-8.392333984375e-05
magpie,raccoon,-9.562593460083008,-9.34600830078125e-05
magpie,skunk,-9.62508773803711,-8.7738037109375e-05
magpie,otter,-9.562591552734375,-9.1552734375e-05
magpie,beaver,-9.625085830688477,-8.58306884765625e-05
magpie,chipmunk,-9.750078201293945,-7.82012939453125e-05
magpie,squirrel,-10.000062942504883,-6.29425048828125e-05
magpie,gerbil,-9.437601089477539,-0.0001010894775390625
magpie,guinea_pig,-9.250123977661133,-0.0001239776611328125
magpie,hamster,-9.687580108642578,-8.0108642578125e-05
magpie,mouse,-9.687580108642578,-8.0108642578125e-05
magpie,porcupine,-9.562597274780273,-9.72747802734375e-05
magpie,rat,-9.687582015991211,-8.20159912109375e-05
magpie,buffalo,-9.437606811523438,-0.0001068115234375
magpie,cow,-9.500097274780273,-9.72747802734375e-05
magpie,ox,-9.187629699707031,-0.00012969970703125
magpie,goat,-9.500099182128906,-9.918212890625e-05
magpie,sheep,-9.687583923339844,-8.392333984375e-05
magpie,deer,-9.625089645385742,-8.96453857421875e-05
magpie,moose,-9.56259536743164,-9.5367431640625e-05
magpie,giraffe,-9.625089645385742,-8.96453857421875e-05
magpie,camel,-9.500099182128906,-9.918212890625e-05
magpie,hippo,-9.375110626220703,-0.000110626220703125
magpie,llama,-9.500097274780273,-9.72747802734375e-05
magpie,pig,-9.125137329101562,-0.0001373291015625
magpie,donkey,-9.625091552734375,-9.1552734375e-05
magpie,horse,-9.562593460083008,-9.34600830078125e-05
magpie,pony,-9.375104904174805,-0.0001049041748046875
magpie,zebra,-9.56259536743164,-9.5367431640625e-05
magpie,rhino,-9.625091552734375,-9.1552734375e-05
magpie,gorilla,-9.500099182128906,-9.918212890625e-05
magpie,monkey,-9.62508773803711,-8.7738037109375e-05
magpie,hedgehog,-9.625089645385742,-8.96453857421875e-05
magpie,rabbit,-9.687582015991211,-8.20159912109375e-05
magpie,seal,-9.562591552734375,-9.1552734375e-05
magpie,walrus,-9.500099182128906,-9.918212890625e-05
magpie,dolphin,-9.562593460083008,-9.34600830078125e-05
magpie,whale,-9.750080108642578,-8.0108642578125e-05
magpie,elephant,-9.500099182128906,-9.918212890625e-05
magpie,kangaroo,-9.62508773803711,-8.7738037109375e-05
magpie,platypus,-9.750078201293945,-7.82012939453125e-05
magpie,crocodile,-9.750078201293945,-7.82012939453125e-05
magpie,alligator,-9.687585830688477,-8.58306884765625e-05
magpie,lizard,-9.937566757202148,-6.67572021484375e-05
magpie,iguana,-9.750078201293945,-7.82012939453125e-05
magpie,rattlesnake,-9.750082015991211,-8.20159912109375e-05
magpie,tortoise,-9.875070571899414,-7.05718994140625e-05
magpie,turtle,-9.750080108642578,-8.0108642578125e-05
magpie,frog,-10.000062942504883,-6.29425048828125e-05
magpie,toad,-9.500099182128906,-9.918212890625e-05
magpie,budgie,-9.250116348266602,-0.0001163482666015625
magpie,parakeet,-9.062641143798828,-0.000141143798828125
magpie,buzzard,-10.000064849853516,-6.4849853515625e-05
magpie,falcon,-10.062559127807617,-5.91278076171875e-05
magpie,hawk,-10.187553405761719,-5.340576171875e-05
magpie,eagle,-10.125055313110352,-5.53131103515625e-05
magpie,owl,-10.125055313110352,-5.53131103515625e-05
magpie,canary,-9.687578201293945,-7.82012939453125e-05
magpie,magpie,-0.0002841949462890625,-8.812784194946289
magpie,raven,-7.937894821166992,-0.0003948211669921875
magpie,nightingale,-9.50009536743164,-9.5367431640625e-05
magpie,robin,-9.687578201293945,-7.82012939453125e-05
magpie,starling,-6.626396179199219,-0.00139617919921875
magpie,sparrow,-8.812671661376953,-0.000171661376953125
magpie,wren,-9.50009536743164,-9.5367431640625e-05
magpie,chicken,-8.937652587890625,-0.000152587890625
magpie,cockerel,-9.312616348266602,-0.0001163482666015625
magpie,turkey,-9.312610626220703,-0.000110626220703125
magpie,dove,-10.00006103515625,-6.103515625e-05
magpie,pigeon,-9.750072479248047,-7.2479248046875e-05
magpie,partridge,-8.812677383422852,-0.0001773834228515625
magpie,peacock,-9.437601089477539,-0.0001010894775390625
magpie,crane,-9.625083923339844,-8.392333984375e-05
magpie,flamingo,-9.625085830688477,-8.58306884765625e-05
magpie,heron,-9.875072479248047,-7.2479248046875e-05
magpie,duck,-9.937566757202148,-6.67572021484375e-05
magpie,goose,-9.812570571899414,-7.05718994140625e-05
magpie,pelican,-9.562591552734375,-9.1552734375e-05
magpie,penguin,-9.562591552734375,-9.1552734375e-05
magpie,seagull,-10.062559127807617,-5.91278076171875e-05
magpie,swan,-9.875070571899414,-7.05718994140625e-05
magpie,hummingbird,-9.875070571899414,-7.05718994140625e-05
magpie,kingfisher,-9.750076293945312,-7.62939453125e-05
magpie,woodpecker,-9.937564849853516,-6.4849853515625e-05
magpie,emu,-9.500097274780273,-9.72747802734375e-05
magpie,ostrich,-9.56258773803711,-8.7738037109375e-05
magpie,carp,-9.312612533569336,-0.0001125335693359375
magpie,goldfish,-9.562589645385742,-8.96453857421875e-05
magpie,minnow,-9.500099182128906,-9.918212890625e-05
magpie,cod,-8.937654495239258,-0.0001544952392578125
magpie,herring,-8.687700271606445,-0.0002002716064453125
magpie,sardine,-9.312612533569336,-0.0001125335693359375
magpie,salmon,-9.500093460083008,-9.34600830078125e-05
magpie,trout,-9.437597274780273,-9.72747802734375e-05
magpie,eel,-9.687582015991211,-8.20159912109375e-05
magpie,flounder,-9.312614440917969,-0.00011444091796875
magpie,mackerel,-8.750185012817383,-0.0001850128173828125
magpie,tuna,-9.437599182128906,-9.918212890625e-05
magpie,seahorse,-9.56259536743164,-9.5367431640625e-05
magpie,shark,-9.750078201293945,-7.82012939453125e-05
magpie,bee,-9.750078201293945,-7.82012939453125e-05
magpie,hornet,-9.56259536743164,-9.5367431640625e-05
magpie,wasp,-9.687583923339844,-8.392333984375e-05
magpie,ant,-9.37510871887207,-0.0001087188720703125
magpie,beetle,-9.750076293945312,-7.62939453125e-05
magpie,ladybird,-9.562591552734375,-9.1552734375e-05
magpie,butterfly,-9.937566757202148,-6.67572021484375e-05
magpie,moth,-9.37510871887207,-0.0001087188720703125
magpie,cockroach,-9.687583923339844,-8.392333984375e-05
magpie,cricket,-9.562589645385742,-8.96453857421875e-05
magpie,grasshopper,-9.750078201293945,-7.82012939453125e-05
magpie,locust,-9.312614440917969,-0.00011444091796875
magpie,dragonfly,-9.750076293945312,-7.62939453125e-05
magpie,flea,-9.500097274780273,-9.72747802734375e-05
magpie,housefly,-9.687582015991211,-8.20159912109375e-05
magpie,mosquito,-9.500099182128906,-9.918212890625e-05
magpie,stick_insect,-9.250118255615234,-0.000118255615234375
magpie,termite,-9.375106811523438,-0.0001068115234375
magpie,centipede,-9.625091552734375,-9.1552734375e-05
magpie,millipede,-9.312616348266602,-0.0001163482666015625
magpie,scorpion,-9.750082015991211,-8.20159912109375e-05
magpie,spider,-9.56259536743164,-9.5367431640625e-05
magpie,tarantula,-9.500099182128906,-9.918212890625e-05
magpie,crab,-9.562593460083008,-9.34600830078125e-05
magpie,crayfish,-9.312618255615234,-0.000118255615234375
magpie,lobster,-9.312614440917969,-0.00011444091796875
magpie,prawn,-9.250118255615234,-0.000118255615234375
magpie,shrimp,-9.312616348266602,-0.0001163482666015625
magpie,slug,-9.625085830688477,-8.58306884765625e-05
magpie,snail,-9.687582015991211,-8.20159912109375e-05
magpie,clam,-9.312618255615234,-0.000118255615234375
magpie,mussel,-9.2501220703125,-0.0001220703125
magpie,scallop,-9.2501220703125,-0.0001220703125
magpie,oyster,-8.812677383422852,-0.0001773834228515625
magpie,squid,-9.750076293945312,-7.62939453125e-05
magpie,octopus,-9.62508773803711,-8.7738037109375e-05
magpie,worm,-9.500099182128906,-9.918212890625e-05
magpie,jellyfish,-9.87507438659668,-7.43865966796875e-05
raven,animal,-6.4849853515625e-05,-11.312564849853516
raven,vertebrate,-7.05718994140625e-05,-10.812570571899414
raven,invertebrate,-9.937576293945312,-7.62939453125e-05
raven,mammal,-10.000066757202148,-6.67572021484375e-05
raven,bird,-4.57763671875e-05,-12.000045776367188
raven,reptile,-10.062568664550781,-6.866455078125e-05
raven,amphibian,-10.062568664550781,-6.866455078125e-05
raven,fish,-9.937572479248047,-7.2479248046875e-05
raven,arthropod,-9.93758773803711,-8.7738037109375e-05
raven,insect,-10.000066757202148,-6.67572021484375e-05
raven,bird of prey,-5.007059097290039,-0.0070590972900390625
raven,aquatic bird,-9.500102996826172,-0.000102996826171875
raven,canine,-9.812580108642578,-8.0108642578125e-05
raven,feline,-9.812580108642578,-8.0108642578125e-05
raven,primate,-9.937572479248047,-7.2479248046875e-05
raven,aquatic mammal,-9.750097274780273,-9.72747802734375e-05
raven,rodent,-10.062562942504883,-6.29425048828125e-05
raven,bat,-9.812580108642578,-8.0108642578125e-05
raven,bear,-9.500104904174805,-0.0001049041748046875
raven,cat,-9.812580108642578,-8.0108642578125e-05
raven,cheetah,-9.75008773803711,-8.7738037109375e-05
raven,leopard,-9.312627792358398,-0.0001277923583984375
raven,lion,-9.500106811523438,-0.0001068115234375
raven,panther,-9.50010871887207,-0.0001087188720703125
raven,tiger,-9.500106811523438,-0.0001068115234375
raven,dog,-9.812580108642578,-8.0108642578125e-05
raven,fox,-9.875078201293945,-7.82012939453125e-05
raven,hyena,-9.500106811523438,-0.0001068115234375
raven,wolf,-9.75008773803711,-8.7738037109375e-05
raven,raccoon,-9.375114440917969,-0.00011444091796875
raven,skunk,-9.312620162963867,-0.0001201629638671875
raven,otter,-9.43760871887207,-0.0001087188720703125
raven,beaver,-9.375112533569336,-0.0001125335693359375
raven,chipmunk,-9.562597274780273,-9.72747802734375e-05
raven,squirrel,-9.687585830688477,-8.58306884765625e-05
raven,gerbil,-9.312618255615234,-0.000118255615234375
raven,guinea_pig,-9.375116348266602,-0.0001163482666015625
raven,hamster,-9.500097274780273,-9.72747802734375e-05
raven,mouse,-9.62508773803711,-8.7738037109375e-05
raven,porcupine,-9.500106811523438,-0.0001068115234375
raven,rat,-9.56259536743164,-9.5367431640625e-05
raven,buffalo,-9.312623977661133,-0.0001239776611328125
raven,cow,-9.687585830688477,-8.58306884765625e-05
raven,ox,-9.43760871887207,-0.0001087188720703125
raven,goat,-9.500104904174805,-0.0001049041748046875
raven,sheep,-9.625089645385742,-8.96453857421875e-05
raven,deer,-9.625091552734375,-9.1552734375e-05
raven,moose,-9.437610626220703,-0.000110626220703125
raven,giraffe,-9.375116348266602,-0.0001163482666015625
raven,camel,-9.250127792358398,-0.0001277923583984375
raven,hippo,-9.187637329101562,-0.0001373291015625
raven,llama,-9.312616348266602,-0.0001163482666015625
raven,pig,-9.562599182128906,-9.918212890625e-05
raven,donkey,-9.625091552734375,-9.1552734375e-05
raven,horse,-9.562601089477539,-0.0001010894775390625
raven,pony,-9.312620162963867,-0.0001201629638671875
raven,zebra,-9.437612533569336,-0.0001125335693359375
raven,rhino,-9.562599182128906,-9.918212890625e-05
raven,gorilla,-9.375112533569336,-0.0001125335693359375
raven,monkey,-9.62509536743164,-9.5367431640625e-05
raven,hedgehog,-9.625093460083008,-9.34600830078125e-05
raven,rabbit,-9.687585830688477,-8.58306884765625e-05
raven,seal,-9.3126220703125,-0.0001220703125
raven,walrus,-9.187633514404297,-0.000133514404296875
raven,dolphin,-9.43760871887207,-0.0001087188720703125
raven,whale,-9.562597274780273,-9.72747802734375e-05
raven,elephant,-9.3126220703125,-0.0001220703125
raven,kangaroo,-9.625089645385742,-8.96453857421875e-05
raven,platypus,-9.562597274780273,-9.72747802734375e-05
raven,crocodile,-9.500104904174805,-0.0001049041748046875
raven,alligator,-9.687589645385742,-8.96453857421875e-05
raven,lizard,-10.000068664550781,-6.866455078125e-05
raven,iguana,-9.750080108642578,-8.0108642578125e-05
raven,rattlesnake,-9.687589645385742,-8.96453857421875e-05
raven,tortoise,-9.625093460083008,-9.34600830078125e-05
raven,turtle,-9.687589645385742,-8.96453857421875e-05
raven,frog,-9.812580108642578,-8.0108642578125e-05
raven,toad,-9.437612533569336,-0.0001125335693359375
raven,budgie,-9.437601089477539,-0.0001010894775390625
raven,parakeet,-9.750082015991211,-8.20159912109375e-05
raven,buzzard,-8.937665939331055,-0.0001659393310546875
raven,falcon,-9.687583923339844,-8.392333984375e-05
raven,hawk,-10.000066757202148,-6.67572021484375e-05
raven,eagle,-10.000066757202148,-6.67572021484375e-05
raven,owl,-10.000064849853516,-6.4849853515625e-05
raven,canary,-9.500097274780273,-9.72747802734375e-05
raven,magpie,-8.000387191772461,-0.0003871917724609375
raven,raven,-0.000213623046875,-9.250213623046875
raven,nightingale,-9.437602996826172,-0.000102996826171875
raven,robin,-9.312612533569336,-0.0001125335693359375
raven,starling,-5.877941131591797,-0.002941131591796875
raven,sparrow,-9.312612533569336,-0.0001125335693359375
raven,wren,-9.312616348266602,-0.0001163482666015625
raven,chicken,-8.750186920166016,-0.000186920166015625
raven,cockerel,-9.187633514404297,-0.000133514404296875
raven,turkey,-8.937662124633789,-0.0001621246337890625
raven,dove,-9.562591552734375,-9.1552734375e-05
raven,pigeon,-9.062639236450195,-0.0001392364501953125
raven,partridge,-9.56259536743164,-9.5367431640625e-05
raven,peacock,-9.312618255615234,-0.000118255615234375
raven,crane,-9.062644958496094,-0.00014495849609375
raven,flamingo,-9.250120162963867,-0.0001201629638671875
raven,heron,-9.625093460083008,-9.34600830078125e-05
raven,duck,-9.750080108642578,-8.0108642578125e-05
raven,goose,-9.62508773803711,-8.7738037109375e-05
raven,pelican,-9.312616348266602,-0.0001163482666015625
raven,penguin,-9.37510871887207,-0.0001087188720703125
raven,seagull,-9.500101089477539,-0.0001010894775390625
raven,swan,-9.875072479248047,-7.2479248046875e-05
raven,hummingbird,-9.62508773803711,-8.7738037109375e-05
raven,kingfisher,-9.500101089477539,-0.0001010894775390625
raven,woodpecker,-9.500099182128906,-9.918212890625e-05
raven,emu,-9.375114440917969,-0.00011444091796875
raven,ostrich,-9.437602996826172,-0.000102996826171875
raven,carp,-9.250123977661133,-0.0001239776611328125
raven,goldfish,-9.437604904174805,-0.0001049041748046875
raven,minnow,-9.562599182128906,-9.918212890625e-05
raven,cod,-8.875167846679688,-0.0001678466796875
raven,herring,-9.062646865844727,-0.0001468658447265625
raven,sardine,-9.312618255615234,-0.000118255615234375
raven,salmon,-9.437604904174805,-0.0001049041748046875
raven,trout,-9.2501220703125,-0.0001220703125
raven,eel,-9.625091552734375,-9.1552734375e-05
raven,flounder,-9.187631607055664,-0.0001316070556640625
raven,mackerel,-8.937667846679688,-0.0001678466796875
raven,tuna,-9.312614440917969,-0.00011444091796875
raven,seahorse,-9.375118255615234,-0.000118255615234375
raven,shark,-9.625093460083008,-9.34600830078125e-05
raven,bee,-9.750083923339844,-8.392333984375e-05
raven,hornet,-9.500104904174805,-0.0001049041748046875
raven,wasp,-9.562601089477539,-0.0001010894775390625
raven,ant,-9.250129699707031,-0.00012969970703125
raven,beetle,-9.687583923339844,-8.392333984375e-05
raven,ladybird,-9.312618255615234,-0.000118255615234375
raven,butterfly,-9.750085830688477,-8.58306884765625e-05
raven,moth,-9.375116348266602,-0.0001163482666015625
raven,cockroach,-9.312620162963867,-0.0001201629638671875
raven,cricket,-9.562593460083008,-9.34600830078125e-05
raven,grasshopper,-9.750082015991211,-8.20159912109375e-05
raven,locust,-9.312616348266602,-0.0001163482666015625
raven,dragonfly,-9.750080108642578,-8.0108642578125e-05
raven,flea,-9.437606811523438,-0.0001068115234375
raven,housefly,-9.625091552734375,-9.1552734375e-05
raven,mosquito,-9.562597274780273,-9.72747802734375e-05
raven,stick_insect,-9.187633514404297,-0.000133514404296875
raven,termite,-9.187631607055664,-0.0001316070556640625
raven,centipede,-9.500106811523438,-0.0001068115234375
raven,millipede,-9.250131607055664,-0.0001316070556640625
raven,scorpion,-9.562602996826172,-0.000102996826171875
raven,spider,-9.812582015991211,-8.20159912109375e-05
raven,tarantula,-9.312623977661133,-0.0001239776611328125
raven,crab,-9.500104904174805,-0.0001049041748046875
raven,crayfish,-9.3126220703125,-0.0001220703125
raven,lobster,-9.250125885009766,-0.000125885009765625
raven,prawn,-9.2501220703125,-0.0001220703125
raven,shrimp,-9.437606811523438,-0.0001068115234375
raven,slug,-9.500102996826172,-0.000102996826171875
raven,snail,-9.625089645385742,-8.96453857421875e-05
raven,clam,-9.250127792358398,-0.0001277923583984375
raven,mussel,-9.062650680541992,-0.0001506805419921875
raven,scallop,-9.250125885009766,-0.000125885009765625
raven,oyster,-8.687705993652344,-0.00020599365234375
raven,squid,-9.625091552734375,-9.1552734375e-05
raven,octopus,-9.437610626220703,-0.000110626220703125
raven,worm,-9.562597274780273,-9.72747802734375e-05
raven,jellyfish,-9.625099182128906,-9.918212890625e-05
nightingale,animal,-0.0001277923583984375,-10.000127792358398
nightingale,vertebrate,-0.000102996826171875,-10.250102996826172
nightingale,invertebrate,-9.375120162963867,-0.0001201629638671875
nightingale,mammal,-9.812582015991211,-8.20159912109375e-05
nightingale,bird,-4.38690185546875e-05,-12.250043869018555
nightingale,reptile,-9.812583923339844,-8.392333984375e-05
nightingale,amphibian,-9.687597274780273,-9.72747802734375e-05
nightingale,fish,-9.437602996826172,-0.000102996826171875
nightingale,arthropod,-9.625104904174805,-0.0001049041748046875
nightingale,insect,-9.250125885009766,-0.000125885009765625
nightingale,bird of prey,-9.68758773803711,-8.7738037109375e-05
nightingale,aquatic bird,-9.500112533569336,-0.0001125335693359375
nightingale,canine,-9.250129699707031,-0.00012969970703125
nightingale,feline,-9.250123977661133,-0.0001239776611328125
nightingale,primate,-9.562601089477539,-0.0001010894775390625
nightingale,aquatic mammal,-9.375137329101562,-0.0001373291015625
nightingale,rodent,-9.500101089477539,-0.0001010894775390625
nightingale,bat,-9.3126220703125,-0.0001220703125
nightingale,bear,-9.312620162963867,-0.0001201629638671875
nightingale,cat,-9.312620162963867,-0.0001201629638671875
nightingale,cheetah,-9.437612533569336,-0.0001125335693359375
nightingale,leopard,-8.937671661376953,-0.000171661376953125
nightingale,lion,-9.062654495239258,-0.0001544952392578125
nightingale,panther,-9.125144958496094,-0.00014495849609375
nightingale,tiger,-9.125144958496094,-0.00014495849609375
nightingale,dog,-9.312623977661133,-0.0001239776611328125
nightingale,fox,-9.375114440917969,-0.00011444091796875
nightingale,hyena,-9.312623977661133,-0.0001239776611328125
nightingale,wolf,-9.375118255615234,-0.000118255615234375
nightingale,raccoon,-9.062652587890625,-0.000152587890625
nightingale,skunk,-9.06265640258789,-0.000156402587890625
nightingale,otter,-9.125141143798828,-0.000141143798828125
nightingale,beaver,-9.187631607055664,-0.0001316070556640625
nightingale,chipmunk,-9.437604904174805,-0.0001049041748046875
nightingale,squirrel,-9.43760871887207,-0.0001087188720703125
nightingale,gerbil,-9.125143051147461,-0.0001430511474609375
nightingale,guinea_pig,-9.000160217285156,-0.00016021728515625
nightingale,hamster,-9.375110626220703,-0.000110626220703125
nightingale,mouse,-9.187627792358398,-0.0001277923583984375
nightingale,porcupine,-9.187641143798828,-0.000141143798828125
nightingale,rat,-9.312620162963867,-0.0001201629638671875
nightingale,buffalo,-9.187637329101562,-0.0001373291015625
nightingale,cow,-9.18763542175293,-0.0001354217529296875
nightingale,ox,-8.875177383422852,-0.0001773834228515625
nightingale,goat,-9.062654495239258,-0.0001544952392578125
nightingale,sheep,-9.375116348266602,-0.0001163482666015625
nightingale,deer,-9.250127792358398,-0.0001277923583984375
nightingale,moose,-9.18763542175293,-0.0001354217529296875
nightingale,giraffe,-9.125144958496094,-0.00014495849609375
nightingale,camel,-9.125141143798828,-0.000141143798828125
nightingale,hippo,-8.937671661376953,-0.000171661376953125
nightingale,llama,-9.062650680541992,-0.0001506805419921875
nightingale,pig,-9.125146865844727,-0.0001468658447265625
nightingale,donkey,-9.250127792358398,-0.0001277923583984375
nightingale,horse,-9.062652587890625,-0.000152587890625
nightingale,pony,-8.937667846679688,-0.0001678466796875
nightingale,zebra,-9.250129699707031,-0.00012969970703125
nightingale,rhino,-9.125144958496094,-0.00014495849609375
nightingale,gorilla,-9.125141143798828,-0.000141143798828125
nightingale,monkey,-9.437610626220703,-0.000110626220703125
nightingale,hedgehog,-9.187637329101562,-0.0001373291015625
nightingale,rabbit,-9.250123977661133,-0.0001239776611328125
nightingale,seal,-9.18763542175293,-0.0001354217529296875
nightingale,walrus,-8.937673568725586,-0.0001735687255859375
nightingale,dolphin,-9.250127792358398,-0.0001277923583984375
nightingale,whale,-9.375114440917969,-0.00011444091796875
nightingale,elephant,-9.187633514404297,-0.000133514404296875
nightingale,kangaroo,-9.312618255615234,-0.000118255615234375
nightingale,platypus,-9.3126220703125,-0.0001220703125
nightingale,crocodile,-9.250127792358398,-0.0001277923583984375
nightingale,alligator,-9.375118255615234,-0.000118255615234375
nightingale,lizard,-9.437610626220703,-0.000110626220703125
nightingale,iguana,-9.250129699707031,-0.00012969970703125
nightingale,rattlesnake,-9.250127792358398,-0.0001277923583984375
nightingale,tortoise,-9.312620162963867,-0.0001201629638671875
nightingale,turtle,-9.43760871887207,-0.0001087188720703125
nightingale,frog,-9.3126220703125,-0.0001220703125
nightingale,toad,-9.062650680541992,-0.0001506805419921875
nightingale,budgie,-9.062641143798828,-0.000141143798828125
nightingale,parakeet,-9.375112533569336,-0.0001125335693359375
nightingale,buzzard,-9.750082015991211,-8.20159912109375e-05
nightingale,falcon,-9.625089645385742,-8.96453857421875e-05
nightingale,hawk,-9.875072479248047,-7.2479248046875e-05
nightingale,eagle,-9.937568664550781,-6.866455078125e-05
nightingale,owl,-9.87507438659668,-7.43865966796875e-05
nightingale,canary,-8.750185012817383,-0.0001850128173828125
nightingale,magpie,-9.562591552734375,-9.1552734375e-05
nightingale,raven,-9.687580108642578,-8.0108642578125e-05
nightingale,nightingale,-0.0002689361572265625,-9.000268936157227
nightingale,robin,-7.000967025756836,-0.0009670257568359375
nightingale,starling,-7.438137054443359,-0.000637054443359375
nightingale,sparrow,-7.000953674316406,-0.00095367431640625
nightingale,wren,-5.753288269042969,-0.00328826904296875
nightingale,chicken,-8.437746047973633,-0.0002460479736328125
nightingale,cockerel,-8.875173568725586,-0.0001735687255859375
nightingale,turkey,-8.812679290771484,-0.000179290771484375
nightingale,dove,-9.062639236450195,-0.0001392364501953125
nightingale,pigeon,-9.375102996826172,-0.000102996826171875
nightingale,partridge,-8.750190734863281,-0.00019073486328125
nightingale,peacock,-9.250125885009766,-0.000125885009765625
nightingale,crane,-9.312616348266602,-0.0001163482666015625
nightingale,flamingo,-9.312614440917969,-0.00011444091796875
nightingale,heron,-9.500102996826172,-0.000102996826171875
nightingale,duck,-9.500099182128906,-9.918212890625e-05
nightingale,goose,-9.500097274780273,-9.72747802734375e-05
nightingale,pelican,-9.375110626220703,-0.000110626220703125
nightingale,penguin,-9.125139236450195,-0.0001392364501953125
nightingale,seagull,-9.750083923339844,-8.392333984375e-05
nightingale,swan,-9.62508773803711,-8.7738037109375e-05
nightingale,hummingbird,-9.500097274780273,-9.72747802734375e-05
nightingale,kingfisher,-9.562593460083008,-9.34600830078125e-05
nightingale,woodpecker,-9.562591552734375,-9.1552734375e-05
nightingale,emu,-9.187631607055664,-0.0001316070556640625
nightingale,ostrich,-9.2501220703125,-0.0001220703125
nightingale,carp,-8.875171661376953,-0.000171661376953125
nightingale,goldfish,-8.937664031982422,-0.000164031982421875
nightingale,minnow,-9.06264877319336,-0.000148773193359375
nightingale,cod,-8.562721252441406,-0.00022125244140625
nightingale,herring,-8.687702178955078,-0.000202178955078125
nightingale,sardine,-8.875173568725586,-0.0001735687255859375
nightingale,salmon,-9.250123977661133,-0.0001239776611328125
nightingale,trout,-8.87516975402832,-0.0001697540283203125
nightingale,eel,-9.125143051147461,-0.0001430511474609375
nightingale,flounder,-8.875177383422852,-0.0001773834228515625
nightingale,mackerel,-8.687711715698242,-0.0002117156982421875
nightingale,tuna,-9.062646865844727,-0.0001468658447265625
nightingale,seahorse,-9.000160217285156,-0.00016021728515625
nightingale,shark,-9.375114440917969,-0.00011444091796875
nightingale,bee,-9.375112533569336,-0.0001125335693359375
nightingale,hornet,-9.250125885009766,-0.000125885009765625
nightingale,wasp,-9.18763542175293,-0.0001354217529296875
nightingale,ant,-8.937664031982422,-0.000164031982421875
nightingale,beetle,-9.06264877319336,-0.000148773193359375
nightingale,ladybird,-8.687705993652344,-0.00020599365234375
nightingale,butterfly,-9.312620162963867,-0.0001201629638671875
nightingale,moth,-8.375280380249023,-0.0002803802490234375
nightingale,cockroach,-9.187637329101562,-0.0001373291015625
nightingale,cricket,-8.875167846679688,-0.0001678466796875
nightingale,grasshopper,-9.437604904174805,-0.0001049041748046875
nightingale,locust,-9.062646865844727,-0.0001468658447265625
nightingale,dragonfly,-9.375114440917969,-0.00011444091796875
nightingale,flea,-9.125143051147461,-0.0001430511474609375
nightingale,housefly,-9.437606811523438,-0.0001068115234375
nightingale,mosquito,-9.250125885009766,-0.000125885009765625
nightingale,stick_insect,-8.87516975402832,-0.0001697540283203125
nightingale,termite,-9.06264877319336,-0.000148773193359375
nightingale,centipede,-9.06265640258789,-0.000156402587890625
nightingale,millipede,-8.812686920166016,-0.000186920166015625
nightingale,scorpion,-9.250131607055664,-0.0001316070556640625
nightingale,spider,-9.312623977661133,-0.0001239776611328125
nightingale,tarantula,-9.000162124633789,-0.0001621246337890625
nightingale,crab,-9.125144958496094,-0.00014495849609375
nightingale,crayfish,-8.875181198120117,-0.0001811981201171875
nightingale,lobster,-9.000158309936523,-0.0001583099365234375
nightingale,prawn,-8.81268310546875,-0.00018310546875
nightingale,shrimp,-9.00015640258789,-0.000156402587890625
nightingale,slug,-9.187631607055664,-0.0001316070556640625
nightingale,snail,-9.125137329101562,-0.0001373291015625
nightingale,clam,-8.812686920166016,-0.000186920166015625
nightingale,mussel,-8.56273078918457,-0.0002307891845703125
nightingale,scallop,-8.687711715698242,-0.0002117156982421875
nightingale,oyster,-8.562728881835938,-0.0002288818359375
nightingale,squid,-9.250127792358398,-0.0001277923583984375
nightingale,octopus,-9.250127792358398,-0.0001277923583984375
nightingale,worm,-9.187631607055664,-0.0001316070556640625
nightingale,jellyfish,-9.375120162963867,-0.0001201629638671875
robin,animal,-6.67572021484375e-05,-11.125066757202148
robin,vertebrate,-5.91278076171875e-05,-11.125059127807617
robin,invertebrate,-10.12506103515625,-6.103515625e-05
robin,mammal,-10.250051498413086,-5.14984130859375e-05
robin,bird,-4.1961669921875e-05,-12.125041961669922
robin,reptile,-10.250051498413086,-5.14984130859375e-05
robin,amphibian,-10.312551498413086,-5.14984130859375e-05
robin,fish,-10.062559127807617,-5.91278076171875e-05
robin,arthropod,-10.187562942504883,-6.29425048828125e-05
robin,insect,-10.06256103515625,-6.103515625e-05
robin,bird of prey,-9.562589645385742,-8.96453857421875e-05
robin,aquatic bird,-10.000064849853516,-6.4849853515625e-05
robin,canine,-9.81257438659668,-7.43865966796875e-05
robin,feline,-9.875070571899414,-7.05718994140625e-05
robin,primate,-10.062562942504883,-6.29425048828125e-05
robin,aquatic mammal,-9.937572479248047,-7.2479248046875e-05
robin,rodent,-10.000062942504883,-6.29425048828125e-05
robin,bat,-10.000064849853516,-6.4849853515625e-05
robin,bear,-9.750080108642578,-8.0108642578125e-05
robin,cat,-9.875070571899414,-7.05718994140625e-05
robin,cheetah,-9.812576293945312,-7.62939453125e-05
robin,leopard,-9.375112533569336,-0.0001125335693359375
robin,lion,-9.500101089477539,-0.0001010894775390625
robin,panther,-9.687585830688477,-8.58306884765625e-05
robin,tiger,-9.500099182128906,-9.918212890625e-05
robin,dog,-9.812576293945312,-7.62939453125e-05
robin,fox,-9.875072479248047,-7.2479248046875e-05
robin,hyena,-9.625091552734375,-9.1552734375e-05
robin,wolf,-9.812576293945312,-7.62939453125e-05
robin,raccoon,-9.62508773803711,-8.7738037109375e-05
robin,skunk,-9.625089645385742,-8.96453857421875e-05
robin,otter,-9.625085830688477,-8.58306884765625e-05
robin,beaver,-9.62508773803711,-8.7738037109375e-05
robin,chipmunk,-9.937568664550781,-6.866455078125e-05
robin,squirrel,-10.06256103515625,-6.103515625e-05
robin,gerbil,-9.62508773803711,-8.7738037109375e-05
robin,guinea_pig,-9.56259536743164,-9.5367431640625e-05
robin,hamster,-9.875068664550781,-6.866455078125e-05
robin,mouse,-9.812572479248047,-7.2479248046875e-05
robin,porcupine,-9.562597274780273,-9.72747802734375e-05
robin,rat,-9.812576293945312,-7.62939453125e-05
robin,buffalo,-9.437606811523438,-0.0001068115234375
robin,cow,-9.562593460083008,-9.34600830078125e-05
robin,ox,-9.062643051147461,-0.0001430511474609375
robin,goat,-9.56259536743164,-9.5367431640625e-05
robin,sheep,-9.625089645385742,-8.96453857421875e-05
robin,deer,-9.625089645385742,-8.96453857421875e-05
robin,moose,-9.687582015991211,-8.20159912109375e-05
robin,giraffe,-9.562593460083008,-9.34600830078125e-05
robin,camel,-9.500099182128906,-9.918212890625e-05
robin,hippo,-9.375110626220703,-0.000110626220703125
robin,llama,-9.62508773803711,-8.7738037109375e-05
robin,pig,-9.687583923339844,-8.392333984375e-05
robin,donkey,-9.56259536743164,-9.5367431640625e-05
robin,horse,-9.500101089477539,-0.0001010894775390625
robin,pony,-9.250123977661133,-0.0001239776611328125
robin,zebra,-9.56259536743164,-9.5367431640625e-05
robin,rhino,-9.562593460083008,-9.34600830078125e-05
robin,gorilla,-9.437602996826172,-0.000102996826171875
robin,monkey,-9.812576293945312,-7.62939453125e-05
robin,hedgehog,-9.812576293945312,-7.62939453125e-05
robin,rabbit,-9.750078201293945,-7.82012939453125e-05
robin,seal,-9.750082015991211,-8.20159912109375e-05
robin,walrus,-9.562593460083008,-9.34600830078125e-05
robin,dolphin,-9.875070571899414,-7.05718994140625e-05
robin,whale,-9.937568664550781,-6.866455078125e-05
robin,elephant,-9.687582015991211,-8.20159912109375e-05
robin,kangaroo,-9.875070571899414,-7.05718994140625e-05
robin,platypus,-9.937568664550781,-6.866455078125e-05
robin,crocodile,-9.62508773803711,-8.7738037109375e-05
robin,alligator,-9.875072479248047,-7.2479248046875e-05
robin,lizard,-10.125059127807617,-5.91278076171875e-05
robin,iguana,-9.937566757202148,-6.67572021484375e-05
robin,rattlesnake,-9.937570571899414,-7.05718994140625e-05
robin,tortoise,-9.81257438659668,-7.43865966796875e-05
robin,turtle,-9.937566757202148,-6.67572021484375e-05
robin,frog,-9.937568664550781,-6.866455078125e-05
robin,toad,-9.812576293945312,-7.62939453125e-05
robin,budgie,-9.50009536743164,-9.5367431640625e-05
robin,parakeet,-9.625089645385742,-8.96453857421875e-05
robin,buzzard,-9.937566757202148,-6.67572021484375e-05
robin,falcon,-9.62508773803711,-8.7738037109375e-05
robin,hawk,-9.875070571899414,-7.05718994140625e-05
robin,eagle,-10.062559127807617,-5.91278076171875e-05
robin,owl,-10.375045776367188,-4.57763671875e-05
robin,canary,-9.750076293945312,-7.62939453125e-05
robin,magpie,-10.00006103515625,-6.103515625e-05
robin,raven,-9.625085830688477,-8.58306884765625e-05
robin,nightingale,-9.625085830688477,-8.58306884765625e-05
robin,robin,-0.0017261505126953125,-6.876726150512695
robin,starling,-9.125133514404297,-0.000133514404296875
robin,sparrow,-6.439180374145508,-0.0016803741455078125
robin,wren,-8.937660217285156,-0.00016021728515625
robin,chicken,-8.375255584716797,-0.000255584716796875
robin,cockerel,-9.000152587890625,-0.000152587890625
robin,turkey,-9.187625885009766,-0.000125885009765625
robin,dove,-9.750078201293945,-7.82012939453125e-05
robin,pigeon,-9.562589645385742,-8.96453857421875e-05
robin,partridge,-8.812677383422852,-0.0001773834228515625
robin,peacock,-9.437604904174805,-0.0001049041748046875
robin,crane,-9.312614440917969,-0.00011444091796875
robin,flamingo,-9.625085830688477,-8.58306884765625e-05
robin,heron,-9.937568664550781,-6.866455078125e-05
robin,duck,-10.187555313110352,-5.53131103515625e-05
robin,goose,-9.937564849853516,-6.4849853515625e-05
robin,pelican,-9.62508773803711,-8.7738037109375e-05
robin,penguin,-9.750078201293945,-7.82012939453125e-05
robin,seagull,-10.187555313110352,-5.53131103515625e-05
robin,swan,-9.875072479248047,-7.2479248046875e-05
robin,hummingbird,-10.062559127807617,-5.91278076171875e-05
robin,kingfisher,-9.937564849853516,-6.4849853515625e-05
robin,woodpecker,-9.875068664550781,-6.866455078125e-05
robin,emu,-9.500097274780273,-9.72747802734375e-05
robin,ostrich,-9.562589645385742,-8.96453857421875e-05
robin,carp,-9.500097274780273,-9.72747802734375e-05
robin,goldfish,-9.562591552734375,-9.1552734375e-05
robin,minnow,-9.625085830688477,-8.58306884765625e-05
robin,cod,-8.875162124633789,-0.0001621246337890625
robin,herring,-8.875167846679688,-0.0001678466796875
robin,sardine,-9.50009536743164,-9.5367431640625e-05
robin,salmon,-9.50009536743164,-9.5367431640625e-05
robin,trout,-9.437599182128906,-9.918212890625e-05
robin,eel,-9.875072479248047,-7.2479248046875e-05
robin,flounder,-9.437601089477539,-0.0001010894775390625
robin,mackerel,-9.000152587890625,-0.000152587890625
robin,tuna,-9.500093460083008,-9.34600830078125e-05
robin,seahorse,-9.687583923339844,-8.392333984375e-05
robin,shark,-9.937566757202148,-6.67572021484375e-05
robin,bee,-9.875072479248047,-7.2479248046875e-05
robin,hornet,-9.812576293945312,-7.62939453125e-05
robin,wasp,-9.875072479248047,-7.2479248046875e-05
robin,ant,-9.37510871887207,-0.0001087188720703125
robin,beetle,-9.875068664550781,-6.866455078125e-05
robin,ladybird,-8.875167846679688,-0.0001678466796875
robin,butterfly,-10.06256103515625,-6.103515625e-05
robin,moth,-9.562591552734375,-9.1552734375e-05
robin,cockroach,-9.750080108642578,-8.0108642578125e-05
robin,cricket,-9.812572479248047,-7.2479248046875e-05
robin,grasshopper,-10.062559127807617,-5.91278076171875e-05
robin,locust,-9.437604904174805,-0.0001049041748046875
robin,dragonfly,-9.937568664550781,-6.866455078125e-05
robin,flea,-9.562591552734375,-9.1552734375e-05
robin,housefly,-9.750078201293945,-7.82012939453125e-05
robin,mosquito,-9.750080108642578,-8.0108642578125e-05
robin,stick_insect,-9.625083923339844,-8.392333984375e-05
robin,termite,-9.625085830688477,-8.58306884765625e-05
robin,centipede,-9.625091552734375,-9.1552734375e-05
robin,millipede,-9.687583923339844,-8.392333984375e-05
robin,scorpion,-9.750083923339844,-8.392333984375e-05
robin,spider,-9.87507438659668,-7.43865966796875e-05
robin,tarantula,-9.750078201293945,-7.82012939453125e-05
robin,crab,-9.62508773803711,-8.7738037109375e-05
robin,crayfish,-9.56259536743164,-9.5367431640625e-05
robin,lobster,-9.37510871887207,-0.0001087188720703125
robin,prawn,-9.375104904174805,-0.0001049041748046875
robin,shrimp,-9.62508773803711,-8.7738037109375e-05
robin,slug,-9.625085830688477,-8.58306884765625e-05
robin,snail,-9.81257438659668,-7.43865966796875e-05
robin,clam,-9.37510871887207,-0.0001087188720703125
robin,mussel,-9.375110626220703,-0.000110626220703125
robin,scallop,-9.250123977661133,-0.0001239776611328125
robin,oyster,-8.875165939331055,-0.0001659393310546875
robin,squid,-9.937566757202148,-6.67572021484375e-05
robin,octopus,-9.687583923339844,-8.392333984375e-05
robin,worm,-9.250120162963867,-0.0001201629638671875
robin,jellyfish,-9.937570571899414,-7.05718994140625e-05
starling,animal,-7.43865966796875e-05,-10.75007438659668
starling,vertebrate,-8.96453857421875e-05,-10.250089645385742
starling,invertebrate,-10.000068664550781,-6.866455078125e-05
starling,mammal,-10.125057220458984,-5.7220458984375e-05
starling,bird,-3.814697265625e-05,-11.875038146972656
starling,reptile,-10.250053405761719,-5.340576171875e-05
starling,amphibian,-10.062566757202148,-6.67572021484375e-05
starling,fish,-10.000062942504883,-6.29425048828125e-05
starling,arthropod,-10.125066757202148,-6.67572021484375e-05
starling,insect,-10.06256103515625,-6.103515625e-05
starling,bird of prey,-10.000062942504883,-6.29425048828125e-05
starling,aquatic bird,-9.2501220703125,-0.0001220703125
starling,canine,-9.937568664550781,-6.866455078125e-05
starling,feline,-9.937566757202148,-6.67572021484375e-05
starling,primate,-10.000066757202148,-6.67572021484375e-05
starling,aquatic mammal,-9.75008773803711,-8.7738037109375e-05
starling,rodent,-10.06256103515625,-6.103515625e-05
starling,bat,-9.87507438659668,-7.43865966796875e-05
starling,bear,-9.62508773803711,-8.7738037109375e-05
starling,cat,-9.875072479248047,-7.2479248046875e-05
starling,cheetah,-9.937568664550781,-6.866455078125e-05
starling,leopard,-9.375112533569336,-0.0001125335693359375
starling,lion,-9.625089645385742,-8.96453857421875e-05
starling,panther,-9.500101089477539,-0.0001010894775390625
starling,tiger,-9.625089645385742,-8.96453857421875e-05
starling,dog,-9.812576293945312,-7.62939453125e-05
starling,fox,-9.812578201293945,-7.82012939453125e-05
starling,hyena,-9.687585830688477,-8.58306884765625e-05
starling,wolf,-9.56259536743164,-9.5367431640625e-05
starling,raccoon,-9.375110626220703,-0.000110626220703125
starling,skunk,-9.437604904174805,-0.0001049041748046875
starling,otter,-9.562593460083008,-9.34600830078125e-05
starling,beaver,-9.62508773803711,-8.7738037109375e-05
starling,chipmunk,-9.687585830688477,-8.58306884765625e-05
starling,squirrel,-9.875072479248047,-7.2479248046875e-05
starling,gerbil,-9.562591552734375,-9.1552734375e-05
starling,guinea_pig,-9.500102996826172,-0.000102996826171875
starling,hamster,-9.687582015991211,-8.20159912109375e-05
starling,mouse,-9.937566757202148,-6.67572021484375e-05
starling,porcupine,-9.437606811523438,-0.0001068115234375
starling,rat,-9.625091552734375,-9.1552734375e-05
starling,buffalo,-9.250125885009766,-0.000125885009765625
starling,cow,-9.500099182128906,-9.918212890625e-05
starling,ox,-9.12513542175293,-0.0001354217529296875
starling,goat,-9.43760871887207,-0.0001087188720703125
starling,sheep,-9.500097274780273,-9.72747802734375e-05
starling,deer,-9.750080108642578,-8.0108642578125e-05
starling,moose,-9.62508773803711,-8.7738037109375e-05
starling,giraffe,-9.56259536743164,-9.5367431640625e-05
starling,camel,-9.375110626220703,-0.000110626220703125
starling,hippo,-9.187633514404297,-0.000133514404296875
starling,llama,-9.437602996826172,-0.000102996826171875
starling,pig,-9.437606811523438,-0.0001068115234375
starling,donkey,-9.500101089477539,-0.0001010894775390625
starling,horse,-9.500101089477539,-0.0001010894775390625
starling,pony,-9.312616348266602,-0.0001163482666015625
starling,zebra,-9.18763542175293,-0.0001354217529296875
starling,rhino,-9.56259536743164,-9.5367431640625e-05
starling,gorilla,-9.437604904174805,-0.0001049041748046875
starling,monkey,-9.750083923339844,-8.392333984375e-05
starling,hedgehog,-9.625091552734375,-9.1552734375e-05
starling,rabbit,-9.750080108642578,-8.0108642578125e-05
starling,seal,-9.437606811523438,-0.0001068115234375
starling,walrus,-9.250123977661133,-0.0001239776611328125
starling,dolphin,-9.625089645385742,-8.96453857421875e-05
starling,whale,-9.750080108642578,-8.0108642578125e-05
starling,elephant,-9.62508773803711,-8.7738037109375e-05
starling,kangaroo,-9.625089645385742,-8.96453857421875e-05
starling,platypus,-9.625091552734375,-9.1552734375e-05
starling,crocodile,-9.687583923339844,-8.392333984375e-05
starling,alligator,-9.750083923339844,-8.392333984375e-05
starling,lizard,-10.000068664550781,-6.866455078125e-05
starling,iguana,-9.750080108642578,-8.0108642578125e-05
starling,rattlesnake,-9.750082015991211,-8.20159912109375e-05
starling,tortoise,-9.750082015991211,-8.20159912109375e-05
starling,turtle,-9.937568664550781,-6.866455078125e-05
starling,frog,-9.937568664550781,-6.866455078125e-05
starling,toad,-9.500101089477539,-0.0001010894775390625
starling,budgie,-9.125131607055664,-0.0001316070556640625
starling,parakeet,-7.688005447387695,-0.0005054473876953125
starling,buzzard,-9.937570571899414,-7.05718994140625e-05
starling,falcon,-10.06256103515625,-6.103515625e-05
starling,hawk,-10.250053405761719,-5.340576171875e-05
starling,eagle,-10.125057220458984,-5.7220458984375e-05
starling,owl,-10.187553405761719,-5.340576171875e-05
starling,canary,-9.500093460083008,-9.34600830078125e-05
starling,magpie,-7.812948226928711,-0.0004482269287109375
starling,raven,-7.812948226928711,-0.0004482269287109375
starling,nightingale,-8.93765640258789,-0.000156402587890625
starling,robin,-9.062637329101562,-0.0001373291015625
starling,starling,-0.000171661376953125,-9.375171661376953
starling,sparrow,-2.813112258911133,-0.06311225891113281
starling,wren,-9.00014877319336,-0.000148773193359375
starling,chicken,-8.75018310546875,-0.00018310546875
starling,cockerel,-9.062646865844727,-0.0001468658447265625
starling,turkey,-9.000146865844727,-0.0001468658447265625
starling,dove,-9.312610626220703,-0.000110626220703125
starling,pigeon,-7.00096321105957,-0.0009632110595703125
starling,partridge,-8.562721252441406,-0.00022125244140625
starling,peacock,-9.375106811523438,-0.0001068115234375
starling,crane,-9.312612533569336,-0.0001125335693359375
starling,flamingo,-9.50009536743164,-9.5367431640625e-05
starling,heron,-9.875072479248047,-7.2479248046875e-05
starling,duck,-9.937566757202148,-6.67572021484375e-05
starling,goose,-9.625083923339844,-8.392333984375e-05
starling,pelican,-9.562591552734375,-9.1552734375e-05
starling,penguin,-9.562591552734375,-9.1552734375e-05
starling,seagull,-9.812576293945312,-7.62939453125e-05
starling,swan,-9.81257438659668,-7.43865966796875e-05
starling,hummingbird,-9.81257438659668,-7.43865966796875e-05
starling,kingfisher,-9.937566757202148,-6.67572021484375e-05
starling,woodpecker,-9.875068664550781,-6.866455078125e-05
starling,emu,-9.500099182128906,-9.918212890625e-05
starling,ostrich,-9.562589645385742,-8.96453857421875e-05
starling,carp,-9.250120162963867,-0.0001201629638671875
starling,goldfish,-9.500097274780273,-9.72747802734375e-05
starling,minnow,-9.56259536743164,-9.5367431640625e-05
starling,cod,-9.00014877319336,-0.000148773193359375
starling,herring,-8.312788009643555,-0.0002880096435546875
starling,sardine,-9.250120162963867,-0.0001201629638671875
starling,salmon,-9.62508773803711,-8.7738037109375e-05
starling,trout,-9.56258773803711,-8.7738037109375e-05
starling,eel,-9.750078201293945,-7.82012939453125e-05
starling,flounder,-9.500097274780273,-9.72747802734375e-05
starling,mackerel,-9.000154495239258,-0.0001544952392578125
starling,tuna,-9.437601089477539,-0.0001010894775390625
starling,seahorse,-9.500101089477539,-0.0001010894775390625
starling,shark,-9.687585830688477,-8.58306884765625e-05
starling,bee,-9.875072479248047,-7.2479248046875e-05
starling,hornet,-9.750082015991211,-8.20159912109375e-05
starling,wasp,-9.812580108642578,-8.0108642578125e-05
starling,ant,-9.500099182128906,-9.918212890625e-05
starling,beetle,-9.812578201293945,-7.82012939453125e-05
starling,ladybird,-9.187627792358398,-0.0001277923583984375
starling,butterfly,-9.937568664550781,-6.866455078125e-05
starling,moth,-9.312620162963867,-0.0001201629638671875
starling,cockroach,-9.500099182128906,-9.918212890625e-05
starling,cricket,-9.312614440917969,-0.00011444091796875
starling,grasshopper,-9.875072479248047,-7.2479248046875e-05
starling,locust,-9.125137329101562,-0.0001373291015625
starling,dragonfly,-9.812576293945312,-7.62939453125e-05
starling,flea,-9.750082015991211,-8.20159912109375e-05
starling,housefly,-9.750080108642578,-8.0108642578125e-05
starling,mosquito,-9.750082015991211,-8.20159912109375e-05
starling,stick_insect,-9.2501220703125,-0.0001220703125
starling,termite,-9.500099182128906,-9.918212890625e-05
starling,centipede,-9.62509536743164,-9.5367431640625e-05
starling,millipede,-9.375114440917969,-0.00011444091796875
starling,scorpion,-9.625093460083008,-9.34600830078125e-05
starling,spider,-9.812580108642578,-8.0108642578125e-05
starling,tarantula,-9.437606811523438,-0.0001068115234375
starling,crab,-9.750082015991211,-8.20159912109375e-05
starling,crayfish,-9.500099182128906,-9.918212890625e-05
starling,lobster,-9.500099182128906,-9.918212890625e-05
starling,prawn,-9.437602996826172,-0.000102996826171875
starling,shrimp,-9.625089645385742,-8.96453857421875e-05
starling,slug,-9.812578201293945,-7.82012939453125e-05
starling,snail,-9.750080108642578,-8.0108642578125e-05
starling,clam,-9.375112533569336,-0.0001125335693359375
starling,mussel,-9.250123977661133,-0.0001239776611328125
starling,scallop,-9.125141143798828,-0.000141143798828125
starling,oyster,-8.87516975402832,-0.0001697540283203125
starling,squid,-9.875070571899414,-7.05718994140625e-05
starling,octopus,-9.625089645385742,-8.96453857421875e-05
starling,worm,-9.750080108642578,-8.0108642578125e-05
starling,jellyfish,-10.000066757202148,-6.67572021484375e-05
sparrow,animal,-6.103515625e-05,-11.25006103515625
sparrow,vertebrate,-7.05718994140625e-05,-10.750070571899414
sparrow,invertebrate,-10.125066757202148,-6.67572021484375e-05
sparrow,mammal,-10.312553405761719,-5.340576171875e-05
sparrow,bird,-4.38690185546875e-05,-12.062543869018555
sparrow,reptile,-10.312551498413086,-5.14984130859375e-05
sparrow,amphibian,-10.312555313110352,-5.53131103515625e-05
sparrow,fish,-10.187557220458984,-5.7220458984375e-05
sparrow,arthropod,-10.187564849853516,-6.4849853515625e-05
sparrow,insect,-10.12506103515625,-6.103515625e-05
sparrow,bird of prey,-9.812578201293945,-7.82012939453125e-05
sparrow,aquatic bird,-10.18756103515625,-6.103515625e-05
sparrow,canine,-9.812578201293945,-7.82012939453125e-05
sparrow,feline,-9.937568664550781,-6.866455078125e-05
sparrow,primate,-10.000066757202148,-6.67572021484375e-05
sparrow,aquatic mammal,-9.875085830688477,-8.58306884765625e-05
sparrow,rodent,-10.250051498413086,-5.14984130859375e-05
sparrow,bat,-10.125062942504883,-6.29425048828125e-05
sparrow,bear,-9.750083923339844,-8.392333984375e-05
sparrow,cat,-9.875072479248047,-7.2479248046875e-05
sparrow,cheetah,-9.812580108642578,-8.0108642578125e-05
sparrow,leopard,-9.500104904174805,-0.0001049041748046875
sparrow,lion,-9.625089645385742,-8.96453857421875e-05
sparrow,panther,-9.500104904174805,-0.0001049041748046875
sparrow,tiger,-9.625093460083008,-9.34600830078125e-05
sparrow,dog,-9.87507438659668,-7.43865966796875e-05
sparrow,fox,-9.87507438659668,-7.43865966796875e-05
sparrow,hyena,-9.750082015991211,-8.20159912109375e-05
sparrow,wolf,-9.750083923339844,-8.392333984375e-05
sparrow,raccoon,-9.500104904174805,-0.0001049041748046875
sparrow,skunk,-9.625091552734375,-9.1552734375e-05
sparrow,otter,-9.750082015991211,-8.20159912109375e-05
sparrow,beaver,-9.625091552734375,-9.1552734375e-05
sparrow,chipmunk,-10.000066757202148,-6.67572021484375e-05
sparrow,squirrel,-10.000066757202148,-6.67572021484375e-05
sparrow,gerbil,-9.625093460083008,-9.34600830078125e-05
sparrow,guinea_pig,-9.687585830688477,-8.58306884765625e-05
sparrow,hamster,-9.750080108642578,-8.0108642578125e-05
sparrow,mouse,-9.937568664550781,-6.866455078125e-05
sparrow,porcupine,-9.68758773803711,-8.7738037109375e-05
sparrow,rat,-10.000066757202148,-6.67572021484375e-05
sparrow,buffalo,-9.500102996826172,-0.000102996826171875
sparrow,cow,-9.750082015991211,-8.20159912109375e-05
sparrow,ox,-9.56259536743164,-9.5367431640625e-05
sparrow,goat,-9.625093460083008,-9.34600830078125e-05
sparrow,sheep,-9.812580108642578,-8.0108642578125e-05
sparrow,deer,-9.750082015991211,-8.20159912109375e-05
sparrow,moose,-9.625093460083008,-9.34600830078125e-05
sparrow,giraffe,-9.625091552734375,-9.1552734375e-05
sparrow,camel,-9.500101089477539,-0.0001010894775390625
sparrow,hippo,-9.562597274780273,-9.72747802734375e-05
sparrow,llama,-9.56259536743164,-9.5367431640625e-05
sparrow,pig,-9.68758773803711,-8.7738037109375e-05
sparrow,donkey,-9.812582015991211,-8.20159912109375e-05
sparrow,horse,-9.812580108642578,-8.0108642578125e-05
sparrow,pony,-9.500102996826172,-0.000102996826171875
sparrow,zebra,-9.62509536743164,-9.5367431640625e-05
sparrow,rhino,-9.625091552734375,-9.1552734375e-05
sparrow,gorilla,-9.500101089477539,-0.0001010894775390625
sparrow,monkey,-10.000066757202148,-6.67572021484375e-05
sparrow,hedgehog,-9.937570571899414,-7.05718994140625e-05
sparrow,rabbit,-9.875076293945312,-7.62939453125e-05
sparrow,seal,-9.750082015991211,-8.20159912109375e-05
sparrow,walrus,-9.500104904174805,-0.0001049041748046875
sparrow,dolphin,-9.937572479248047,-7.2479248046875e-05
sparrow,whale,-9.937572479248047,-7.2479248046875e-05
sparrow,elephant,-9.812576293945312,-7.62939453125e-05
sparrow,kangaroo,-9.87507438659668,-7.43865966796875e-05
sparrow,platypus,-9.812582015991211,-8.20159912109375e-05
sparrow,crocodile,-9.687585830688477,-8.58306884765625e-05
sparrow,alligator,-9.812582015991211,-8.20159912109375e-05
sparrow,lizard,-10.250057220458984,-5.7220458984375e-05
sparrow,iguana,-9.87507438659668,-7.43865966796875e-05
sparrow,rattlesnake,-9.937570571899414,-7.05718994140625e-05
sparrow,tortoise,-9.812578201293945,-7.82012939453125e-05
sparrow,turtle,-9.87507438659668,-7.43865966796875e-05
sparrow,frog,-10.000066757202148,-6.67572021484375e-05
sparrow,toad,-9.812580108642578,-8.0108642578125e-05
sparrow,budgie,-9.125137329101562,-0.0001373291015625
sparrow,parakeet,-7.500638961791992,-0.0006389617919921875
sparrow,buzzard,-9.937570571899414,-7.05718994140625e-05
sparrow,falcon,-9.625091552734375,-9.1552734375e-05
sparrow,hawk,-9.937572479248047,-7.2479248046875e-05
sparrow,eagle,-9.687583923339844,-8.392333984375e-05
sparrow,owl,-10.000064849853516,-6.4849853515625e-05
sparrow,canary,-9.500099182128906,-9.918212890625e-05
sparrow,magpie,-9.937570571899414,-7.05718994140625e-05
sparrow,raven,-9.500099182128906,-9.918212890625e-05
sparrow,nightingale,-9.62508773803711,-8.7738037109375e-05
sparrow,robin,-9.250129699707031,-0.00012969970703125
sparrow,starling,-9.187633514404297,-0.000133514404296875
sparrow,sparrow,-0.00016021728515625,-9.562660217285156
sparrow,wren,-9.062652587890625,-0.000152587890625
sparrow,chicken,-8.87516975402832,-0.0001697540283203125
sparrow,cockerel,-9.250129699707031,-0.00012969970703125
sparrow,turkey,-9.2501220703125,-0.0001220703125
sparrow,dove,-9.00015640258789,-0.000156402587890625
sparrow,pigeon,-8.43775749206543,-0.0002574920654296875
sparrow,partridge,-7.937917709350586,-0.0004177093505859375
sparrow,peacock,-9.375110626220703,-0.000110626220703125
sparrow,crane,-9.500097274780273,-9.72747802734375e-05
sparrow,flamingo,-9.500099182128906,-9.918212890625e-05
sparrow,heron,-10.000066757202148,-6.67572021484375e-05
sparrow,duck,-10.062564849853516,-6.4849853515625e-05
sparrow,goose,-9.875070571899414,-7.05718994140625e-05
sparrow,pelican,-9.687583923339844,-8.392333984375e-05
sparrow,penguin,-9.62508773803711,-8.7738037109375e-05
sparrow,seagull,-10.06256103515625,-6.103515625e-05
sparrow,swan,-9.62508773803711,-8.7738037109375e-05
sparrow,hummingbird,-9.875072479248047,-7.2479248046875e-05
sparrow,kingfisher,-9.937568664550781,-6.866455078125e-05
sparrow,woodpecker,-9.875072479248047,-7.2479248046875e-05
sparrow,emu,-9.500101089477539,-0.0001010894775390625
sparrow,ostrich,-9.562591552734375,-9.1552734375e-05
sparrow,carp,-9.500099182128906,-9.918212890625e-05
sparrow,goldfish,-9.625091552734375,-9.1552734375e-05
sparrow,minnow,-9.500102996826172,-0.000102996826171875
sparrow,cod,-9.250120162963867,-0.0001201629638671875
sparrow,herring,-9.437610626220703,-0.000110626220703125
sparrow,sardine,-9.687582015991211,-8.20159912109375e-05
sparrow,salmon,-9.750078201293945,-7.82012939453125e-05
sparrow,trout,-9.625089645385742,-8.96453857421875e-05
sparrow,eel,-10.062562942504883,-6.29425048828125e-05
sparrow,flounder,-9.687583923339844,-8.392333984375e-05
sparrow,mackerel,-9.437606811523438,-0.0001068115234375
sparrow,tuna,-9.625089645385742,-8.96453857421875e-05
sparrow,seahorse,-9.750082015991211,-8.20159912109375e-05
sparrow,shark,-9.750082015991211,-8.20159912109375e-05
sparrow,bee,-9.87507438659668,-7.43865966796875e-05
sparrow,hornet,-9.875076293945312,-7.62939453125e-05
sparrow,wasp,-9.93757438659668,-7.43865966796875e-05
sparrow,ant,-9.625089645385742,-8.96453857421875e-05
sparrow,beetle,-10.187557220458984,-5.7220458984375e-05
sparrow,ladybird,-9.500099182128906,-9.918212890625e-05
sparrow,butterfly,-10.187559127807617,-5.91278076171875e-05
sparrow,moth,-9.87507438659668,-7.43865966796875e-05
sparrow,cockroach,-9.875072479248047,-7.2479248046875e-05
sparrow,cricket,-10.000062942504883,-6.29425048828125e-05
sparrow,grasshopper,-10.062564849853516,-6.4849853515625e-05
sparrow,locust,-9.812578201293945,-7.82012939453125e-05
sparrow,dragonfly,-10.062564849853516,-6.4849853515625e-05
sparrow,flea,-9.750082015991211,-8.20159912109375e-05
sparrow,housefly,-10.000064849853516,-6.4849853515625e-05
sparrow,mosquito,-9.812578201293945,-7.82012939453125e-05
sparrow,stick_insect,-9.562593460083008,-9.34600830078125e-05
sparrow,termite,-9.750082015991211,-8.20159912109375e-05
sparrow,centipede,-9.812583923339844,-8.392333984375e-05
sparrow,millipede,-9.625093460083008,-9.34600830078125e-05
sparrow,scorpion,-9.812583923339844,-8.392333984375e-05
sparrow,spider,-9.875078201293945,-7.82012939453125e-05
sparrow,tarantula,-9.625093460083008,-9.34600830078125e-05
sparrow,crab,-9.812580108642578,-8.0108642578125e-05
sparrow,crayfish,-9.812580108642578,-8.0108642578125e-05
sparrow,lobster,-9.562593460083008,-9.34600830078125e-05
sparrow,prawn,-9.625089645385742,-8.96453857421875e-05
sparrow,shrimp,-9.625089645385742,-8.96453857421875e-05
sparrow,slug,-9.87507438659668,-7.43865966796875e-05
sparrow,snail,-10.000064849853516,-6.4849853515625e-05
sparrow,clam,-9.43760871887207,-0.0001087188720703125
sparrow,mussel,-9.500102996826172,-0.000102996826171875
sparrow,scallop,-9.375112533569336,-0.0001125335693359375
sparrow,oyster,-9.312618255615234,-0.000118255615234375
sparrow,squid,-9.937568664550781,-6.866455078125e-05
sparrow,octopus,-9.68758773803711,-8.7738037109375e-05
sparrow,worm,-9.875076293945312,-7.62939453125e-05
sparrow,jellyfish,-9.875078201293945,-7.82012939453125e-05
wren,animal,-6.4849853515625e-05,-11.250064849853516
wren,vertebrate,-7.43865966796875e-05,-10.87507438659668
wren,invertebrate,-10.062564849853516,-6.4849853515625e-05
wren,mammal,-10.125057220458984,-5.7220458984375e-05
wren,bird,-3.62396240234375e-05,-12.500036239624023
wren,reptile,-10.187557220458984,-5.7220458984375e-05
wren,amphibian,-10.187559127807617,-5.91278076171875e-05
wren,fish,-10.125055313110352,-5.53131103515625e-05
wren,arthropod,-10.125064849853516,-6.4849853515625e-05
wren,insect,-10.000064849853516,-6.4849853515625e-05
wren,bird of prey,-10.125055313110352,-5.53131103515625e-05
wren,aquatic bird,-9.62508773803711,-8.7738037109375e-05
wren,canine,-9.687582015991211,-8.20159912109375e-05
wren,feline,-9.812572479248047,-7.2479248046875e-05
wren,primate,-10.125059127807617,-5.91278076171875e-05
wren,aquatic mammal,-9.875078201293945,-7.82012939453125e-05
wren,rodent,-10.125057220458984,-5.7220458984375e-05
wren,bat,-9.937568664550781,-6.866455078125e-05
wren,bear,-9.687582015991211,-8.20159912109375e-05
wren,cat,-9.875070571899414,-7.05718994140625e-05
wren,cheetah,-9.875072479248047,-7.2479248046875e-05
wren,leopard,-9.187631607055664,-0.0001316070556640625
wren,lion,-9.562593460083008,-9.34600830078125e-05
wren,panther,-9.56259536743164,-9.5367431640625e-05
wren,tiger,-9.37510871887207,-0.0001087188720703125
wren,dog,-9.750080108642578,-8.0108642578125e-05
wren,fox,-9.937566757202148,-6.67572021484375e-05
wren,hyena,-9.625089645385742,-8.96453857421875e-05
wren,wolf,-9.62508773803711,-8.7738037109375e-05
wren,raccoon,-9.437604904174805,-0.0001049041748046875
wren,skunk,-9.500097274780273,-9.72747802734375e-05
wren,otter,-9.750078201293945,-7.82012939453125e-05
wren,beaver,-9.62508773803711,-8.7738037109375e-05
wren,chipmunk,-10.000064849853516,-6.4849853515625e-05
wren,squirrel,-10.06256103515625,-6.103515625e-05
wren,gerbil,-9.500099182128906,-9.918212890625e-05
wren,guinea_pig,-9.500097274780273,-9.72747802734375e-05
wren,hamster,-9.625085830688477,-8.58306884765625e-05
wren,mouse,-9.687580108642578,-8.0108642578125e-05
wren,porcupine,-9.562597274780273,-9.72747802734375e-05
wren,rat,-9.750080108642578,-8.0108642578125e-05
wren,buffalo,-9.625089645385742,-8.96453857421875e-05
wren,cow,-9.562593460083008,-9.34600830078125e-05
wren,ox,-9.312614440917969,-0.00011444091796875
wren,goat,-9.625089645385742,-8.96453857421875e-05
wren,sheep,-9.62508773803711,-8.7738037109375e-05
wren,deer,-9.625089645385742,-8.96453857421875e-05
wren,moose,-9.750078201293945,-7.82012939453125e-05
wren,giraffe,-9.562593460083008,-9.34600830078125e-05
wren,camel,-9.500099182128906,-9.918212890625e-05
wren,hippo,-9.312618255615234,-0.000118255615234375
wren,llama,-9.500099182128906,-9.918212890625e-05
wren,pig,-9.625089645385742,-8.96453857421875e-05
wren,donkey,-9.56259536743164,-9.5367431640625e-05
wren,horse,-9.562593460083008,-9.34600830078125e-05
wren,pony,-9.2501220703125,-0.0001220703125
wren,zebra,-9.500101089477539,-0.0001010894775390625
wren,rhino,-9.687585830688477,-8.58306884765625e-05
wren,gorilla,-9.437601089477539,-0.0001010894775390625
wren,monkey,-10.000064849853516,-6.4849853515625e-05
wren,hedgehog,-9.687583923339844,-8.392333984375e-05
wren,rabbit,-9.875070571899414,-7.05718994140625e-05
wren,seal,-9.562591552734375,-9.1552734375e-05
wren,walrus,-9.312616348266602,-0.0001163482666015625
wren,dolphin,-9.750080108642578,-8.0108642578125e-05
wren,whale,-9.687582015991211,-8.20159912109375e-05
wren,elephant,-9.625089645385742,-8.96453857421875e-05
wren,kangaroo,-9.750076293945312,-7.62939453125e-05
wren,platypus,-9.687583923339844,-8.392333984375e-05
wren,crocodile,-9.62508773803711,-8.7738037109375e-05
wren,alligator,-9.687585830688477,-8.58306884765625e-05
wren,lizard,-10.187555313110352,-5.53131103515625e-05
wren,iguana,-9.81257438659668,-7.43865966796875e-05
wren,rattlesnake,-9.750080108642578,-8.0108642578125e-05
wren,tortoise,-9.750078201293945,-7.82012939453125e-05
wren,turtle,-9.937568664550781,-6.866455078125e-05
wren,frog,-10.125057220458984,-5.7220458984375e-05
wren,toad,-9.687583923339844,-8.392333984375e-05
wren,budgie,-9.625082015991211,-8.20159912109375e-05
wren,parakeet,-9.937568664550781,-6.866455078125e-05
wren,buzzard,-10.187555313110352,-5.53131103515625e-05
wren,falcon,-10.000062942504883,-6.29425048828125e-05
wren,hawk,-10.187553405761719,-5.340576171875e-05
wren,eagle,-10.062557220458984,-5.7220458984375e-05
wren,owl,-10.125055313110352,-5.53131103515625e-05
wren,canary,-9.500091552734375,-9.1552734375e-05
wren,magpie,-9.812570571899414,-7.05718994140625e-05
wren,raven,-9.687580108642578,-8.0108642578125e-05
wren,nightingale,-8.687690734863281,-0.00019073486328125
wren,robin,-8.125328063964844,-0.00032806396484375
wren,starling,-9.125129699707031,-0.00012969970703125
wren,sparrow,-5.504228591918945,-0.0042285919189453125
wren,wren,-0.0001468658447265625,-9.812646865844727
wren,chicken,-8.812671661376953,-0.000171661376953125
wren,cockerel,-8.687702178955078,-0.000202178955078125
wren,turkey,-9.312610626220703,-0.000110626220703125
wren,dove,-10.00006103515625,-6.103515625e-05
wren,pigeon,-10.062559127807617,-5.91278076171875e-05
wren,partridge,-8.687694549560547,-0.000194549560546875
wren,peacock,-9.500097274780273,-9.72747802734375e-05
wren,crane,-9.312610626220703,-0.000110626220703125
wren,flamingo,-9.625085830688477,-8.58306884765625e-05
wren,heron,-10.000064849853516,-6.4849853515625e-05
wren,duck,-10.187553405761719,-5.340576171875e-05
wren,goose,-9.875068664550781,-6.866455078125e-05
wren,pelican,-9.687582015991211,-8.20159912109375e-05
wren,penguin,-9.750076293945312,-7.62939453125e-05
wren,seagull,-10.125055313110352,-5.53131103515625e-05
wren,swan,-9.812572479248047,-7.2479248046875e-05
wren,hummingbird,-9.937564849853516,-6.4849853515625e-05
wren,kingfisher,-10.00006103515625,-6.103515625e-05
wren,woodpecker,-9.875066757202148,-6.67572021484375e-05
wren,emu,-9.562591552734375,-9.1552734375e-05
wren,ostrich,-9.625083923339844,-8.392333984375e-05
wren,carp,-9.37510871887207,-0.0001087188720703125
wren,goldfish,-9.500097274780273,-9.72747802734375e-05
wren,minnow,-9.312614440917969,-0.00011444091796875
wren,cod,-9.125127792358398,-0.0001277923583984375
wren,herring,-8.750190734863281,-0.00019073486328125
wren,sardine,-9.312612533569336,-0.0001125335693359375
wren,salmon,-9.500097274780273,-9.72747802734375e-05
wren,trout,-9.375104904174805,-0.0001049041748046875
wren,eel,-9.687582015991211,-8.20159912109375e-05
wren,flounder,-9.375106811523438,-0.0001068115234375
wren,mackerel,-9.125137329101562,-0.0001373291015625
wren,tuna,-9.375106811523438,-0.0001068115234375
wren,seahorse,-9.500099182128906,-9.918212890625e-05
wren,shark,-9.81257438659668,-7.43865966796875e-05
wren,bee,-9.937566757202148,-6.67572021484375e-05
wren,hornet,-9.750078201293945,-7.82012939453125e-05
wren,wasp,-9.750080108642578,-8.0108642578125e-05
wren,ant,-9.437602996826172,-0.000102996826171875
wren,beetle,-10.062559127807617,-5.91278076171875e-05
wren,ladybird,-9.187625885009766,-0.000125885009765625
wren,butterfly,-10.125057220458984,-5.7220458984375e-05
wren,moth,-9.500101089477539,-0.0001010894775390625
wren,cockroach,-9.625089645385742,-8.96453857421875e-05
wren,cricket,-9.562589645385742,-8.96453857421875e-05
wren,grasshopper,-10.125055313110352,-5.53131103515625e-05
wren,locust,-9.500099182128906,-9.918212890625e-05
wren,dragonfly,-10.000062942504883,-6.29425048828125e-05
wren,flea,-9.500097274780273,-9.72747802734375e-05
wren,housefly,-9.750078201293945,-7.82012939453125e-05
wren,mosquito,-9.687583923339844,-8.392333984375e-05
wren,stick_insect,-9.312610626220703,-0.000110626220703125
wren,termite,-9.500097274780273,-9.72747802734375e-05
wren,centipede,-9.625091552734375,-9.1552734375e-05
wren,millipede,-9.2501220703125,-0.0001220703125
wren,scorpion,-9.687585830688477,-8.58306884765625e-05
wren,spider,-9.875072479248047,-7.2479248046875e-05
wren,tarantula,-9.56259536743164,-9.5367431640625e-05
wren,crab,-9.62508773803711,-8.7738037109375e-05
wren,crayfish,-9.500097274780273,-9.72747802734375e-05
wren,lobster,-9.625085830688477,-8.58306884765625e-05
wren,prawn,-9.312610626220703,-0.000110626220703125
wren,shrimp,-9.500099182128906,-9.918212890625e-05
wren,slug,-9.562593460083008,-9.34600830078125e-05
wren,snail,-9.687582015991211,-8.20159912109375e-05
wren,clam,-9.312616348266602,-0.0001163482666015625
wren,mussel,-9.187629699707031,-0.00012969970703125
wren,scallop,-9.125137329101562,-0.0001373291015625
wren,oyster,-8.812677383422852,-0.0001773834228515625
wren,squid,-9.750076293945312,-7.62939453125e-05
wren,octopus,-9.687583923339844,-8.392333984375e-05
wren,worm,-9.312614440917969,-0.00011444091796875
wren,jellyfish,-10.000066757202148,-6.67572021484375e-05
chicken,animal,-5.14984130859375e-05,-11.500051498413086
chicken,vertebrate,-7.62939453125e-05,-10.500076293945312
chicken,invertebrate,-10.125059127807617,-5.91278076171875e-05
chicken,mammal,-10.437543869018555,-4.38690185546875e-05
chicken,bird,-3.62396240234375e-05,-12.000036239624023
chicken,reptile,-9.000152587890625,-0.000152587890625
chicken,amphibian,-10.187557220458984,-5.7220458984375e-05
chicken,fish,-10.250051498413086,-5.14984130859375e-05
chicken,arthropod,-10.250057220458984,-5.7220458984375e-05
chicken,insect,-10.000068664550781,-6.866455078125e-05
chicken,bird of prey,-9.937566757202148,-6.67572021484375e-05
chicken,aquatic bird,-9.375112533569336,-0.0001125335693359375
chicken,canine,-10.06256103515625,-6.103515625e-05
chicken,feline,-10.00006103515625,-6.103515625e-05
chicken,primate,-10.062562942504883,-6.29425048828125e-05
chicken,aquatic mammal,-9.875078201293945,-7.82012939453125e-05
chicken,rodent,-10.06256103515625,-6.103515625e-05
chicken,bat,-9.687583923339844,-8.392333984375e-05
chicken,bear,-9.750078201293945,-7.82012939453125e-05
chicken,cat,-10.062559127807617,-5.91278076171875e-05
chicken,cheetah,-9.87507438659668,-7.43865966796875e-05
chicken,leopard,-9.625089645385742,-8.96453857421875e-05
chicken,lion,-9.625085830688477,-8.58306884765625e-05
chicken,panther,-9.687585830688477,-8.58306884765625e-05
chicken,tiger,-9.750078201293945,-7.82012939453125e-05
chicken,dog,-10.187553405761719,-5.340576171875e-05
chicken,fox,-10.000064849853516,-6.4849853515625e-05
chicken,hyena,-9.750082015991211,-8.20159912109375e-05
chicken,wolf,-10.000062942504883,-6.29425048828125e-05
chicken,raccoon,-9.625089645385742,-8.96453857421875e-05
chicken,skunk,-9.437604904174805,-0.0001049041748046875
chicken,otter,-9.56259536743164,-9.5367431640625e-05
chicken,beaver,-9.62508773803711,-8.7738037109375e-05
chicken,chipmunk,-9.687585830688477,-8.58306884765625e-05
chicken,squirrel,-9.875072479248047,-7.2479248046875e-05
chicken,gerbil,-9.562593460083008,-9.34600830078125e-05
chicken,guinea_pig,-9.625091552734375,-9.1552734375e-05
chicken,hamster,-9.812572479248047,-7.2479248046875e-05
chicken,mouse,-9.750076293945312,-7.62939453125e-05
chicken,porcupine,-9.437604904174805,-0.0001049041748046875
chicken,rat,-9.750078201293945,-7.82012939453125e-05
chicken,buffalo,-9.375112533569336,-0.0001125335693359375
chicken,cow,-10.125059127807617,-5.91278076171875e-05
chicken,ox,-9.562591552734375,-9.1552734375e-05
chicken,goat,-10.000064849853516,-6.4849853515625e-05
chicken,sheep,-10.125059127807617,-5.91278076171875e-05
chicken,deer,-9.875072479248047,-7.2479248046875e-05
chicken,moose,-9.750080108642578,-8.0108642578125e-05
chicken,giraffe,-9.500099182128906,-9.918212890625e-05
chicken,camel,-9.750078201293945,-7.82012939453125e-05
chicken,hippo,-9.562593460083008,-9.34600830078125e-05
chicken,llama,-9.562591552734375,-9.1552734375e-05
chicken,pig,-9.812576293945312,-7.62939453125e-05
chicken,donkey,-9.87507438659668,-7.43865966796875e-05
chicken,horse,-10.000064849853516,-6.4849853515625e-05
chicken,pony,-9.562591552734375,-9.1552734375e-05
chicken,zebra,-9.750082015991211,-8.20159912109375e-05
chicken,rhino,-9.687585830688477,-8.58306884765625e-05
chicken,gorilla,-9.500099182128906,-9.918212890625e-05
chicken,monkey,-10.12506103515625,-6.103515625e-05
chicken,hedgehog,-9.625089645385742,-8.96453857421875e-05
chicken,rabbit,-10.062559127807617,-5.91278076171875e-05
chicken,seal,-9.750080108642578,-8.0108642578125e-05
chicken,walrus,-9.56259536743164,-9.5367431640625e-05
chicken,dolphin,-9.812576293945312,-7.62939453125e-05
chicken,whale,-9.750078201293945,-7.82012939453125e-05
chicken,elephant,-9.81257438659668,-7.43865966796875e-05
chicken,kangaroo,-9.750080108642578,-8.0108642578125e-05
chicken,platypus,-9.812576293945312,-7.62939453125e-05
chicken,crocodile,-9.312614440917969,-0.00011444091796875
chicken,alligator,-9.687583923339844,-8.392333984375e-05
chicken,lizard,-9.250118255615234,-0.000118255615234375
chicken,iguana,-9.750078201293945,-7.82012939453125e-05
chicken,rattlesnake,-9.750082015991211,-8.20159912109375e-05
chicken,tortoise,-9.875072479248047,-7.2479248046875e-05
chicken,turtle,-9.750080108642578,-8.0108642578125e-05
chicken,frog,-10.125059127807617,-5.91278076171875e-05
chicken,toad,-9.625089645385742,-8.96453857421875e-05
chicken,budgie,-9.312612533569336,-0.0001125335693359375
chicken,parakeet,-9.562591552734375,-9.1552734375e-05
chicken,buzzard,-9.750080108642578,-8.0108642578125e-05
chicken,falcon,-9.562593460083008,-9.34600830078125e-05
chicken,hawk,-10.000064849853516,-6.4849853515625e-05
chicken,eagle,-9.625083923339844,-8.392333984375e-05
chicken,owl,-9.750076293945312,-7.62939453125e-05
chicken,canary,-9.562589645385742,-8.96453857421875e-05
chicken,magpie,-9.625085830688477,-8.58306884765625e-05
chicken,raven,-9.375106811523438,-0.0001068115234375
chicken,nightingale,-9.375106811523438,-0.0001068115234375
chicken,robin,-9.250116348266602,-0.0001163482666015625
chicken,starling,-9.062644958496094,-0.00014495849609375
chicken,sparrow,-8.93765640258789,-0.000156402587890625
chicken,wren,-9.250120162963867,-0.0001201629638671875
chicken,chicken,-0.000179290771484375,-9.312679290771484
chicken,cockerel,-5.878149032592773,-0.0031490325927734375
chicken,turkey,-9.875070571899414,-7.05718994140625e-05
chicken,dove,-9.187625885009766,-0.000125885009765625
chicken,pigeon,-8.500232696533203,-0.000232696533203125
chicken,partridge,-7.1258697509765625,-0.0008697509765625
chicken,peacock,-9.312614440917969,-0.00011444091796875
chicken,crane,-8.812675476074219,-0.00017547607421875
chicken,flamingo,-9.437599182128906,-9.918212890625e-05
chicken,heron,-9.500101089477539,-0.0001010894775390625
chicken,duck,-10.125059127807617,-5.91278076171875e-05
chicken,goose,-10.000062942504883,-6.29425048828125e-05
chicken,pelican,-9.437602996826172,-0.000102996826171875
chicken,penguin,-9.437601089477539,-0.0001010894775390625
chicken,seagull,-9.750080108642578,-8.0108642578125e-05
chicken,swan,-9.687580108642578,-8.0108642578125e-05
chicken,hummingbird,-9.500097274780273,-9.72747802734375e-05
chicken,kingfisher,-9.500101089477539,-0.0001010894775390625
chicken,woodpecker,-9.375106811523438,-0.0001068115234375
chicken,emu,-9.56259536743164,-9.5367431640625e-05
chicken,ostrich,-9.437599182128906,-9.918212890625e-05
chicken,carp,-9.62508773803711,-8.7738037109375e-05
chicken,goldfish,-9.62508773803711,-8.7738037109375e-05
chicken,minnow,-9.56259536743164,-9.5367431640625e-05
chicken,cod,-9.687580108642578,-8.0108642578125e-05
chicken,herring,-9.562591552734375,-9.1552734375e-05
chicken,sardine,-9.81257438659668,-7.43865966796875e-05
chicken,salmon,-9.812572479248047,-7.2479248046875e-05
chicken,trout,-9.687583923339844,-8.392333984375e-05
chicken,eel,-9.812576293945312,-7.62939453125e-05
chicken,flounder,-9.500097274780273,-9.72747802734375e-05
chicken,mackerel,-9.500099182128906,-9.918212890625e-05
chicken,tuna,-9.750078201293945,-7.82012939453125e-05
chicken,seahorse,-9.687585830688477,-8.58306884765625e-05
chicken,shark,-9.62508773803711,-8.7738037109375e-05
chicken,bee,-10.06256103515625,-6.103515625e-05
chicken,hornet,-9.750082015991211,-8.20159912109375e-05
chicken,wasp,-9.625093460083008,-9.34600830078125e-05
chicken,ant,-9.562593460083008,-9.34600830078125e-05
chicken,beetle,-9.875070571899414,-7.05718994140625e-05
chicken,ladybird,-9.250120162963867,-0.0001201629638671875
chicken,butterfly,-9.750080108642578,-8.0108642578125e-05
chicken,moth,-9.437604904174805,-0.0001049041748046875
chicken,cockroach,-9.437604904174805,-0.0001049041748046875
chicken,cricket,-9.562591552734375,-9.1552734375e-05
chicken,grasshopper,-10.06256103515625,-6.103515625e-05
chicken,locust,-9.625089645385742,-8.96453857421875e-05
chicken,dragonfly,-9.750080108642578,-8.0108642578125e-05
chicken,flea,-9.625089645385742,-8.96453857421875e-05
chicken,housefly,-9.625091552734375,-9.1552734375e-05
chicken,mosquito,-9.625089645385742,-8.96453857421875e-05
chicken,stick_insect,-9.437601089477539,-0.0001010894775390625
chicken,termite,-9.437604904174805,-0.0001049041748046875
chicken,centipede,-9.625093460083008,-9.34600830078125e-05
chicken,millipede,-9.562597274780273,-9.72747802734375e-05
chicken,scorpion,-9.750082015991211,-8.20159912109375e-05
chicken,spider,-9.812576293945312,-7.62939453125e-05
chicken,tarantula,-9.68758773803711,-8.7738037109375e-05
chicken,crab,-9.62508773803711,-8.7738037109375e-05
chicken,crayfish,-9.625089645385742,-8.96453857421875e-05
chicken,lobster,-9.375104904174805,-0.0001049041748046875
chicken,prawn,-9.687582015991211,-8.20159912109375e-05
chicken,shrimp,-9.687583923339844,-8.392333984375e-05
chicken,slug,-9.62508773803711,-8.7738037109375e-05
chicken,snail,-9.687582015991211,-8.20159912109375e-05
chicken,clam,-9.37510871887207,-0.0001087188720703125
chicken,mussel,-9.375110626220703,-0.000110626220703125
chicken,scallop,-9.437604904174805,-0.0001049041748046875
chicken,oyster,-9.00014877319336,-0.000148773193359375
chicken,squid,-10.000062942504883,-6.29425048828125e-05
chicken,octopus,-9.750080108642578,-8.0108642578125e-05
chicken,worm,-9.687583923339844,-8.392333984375e-05
chicken,jellyfish,-9.812576293945312,-7.62939453125e-05
cockerel,animal,-0.000255584716796875,-8.812755584716797
cockerel,vertebrate,-0.0001468658447265625,-9.687646865844727
cockerel,invertebrate,-9.437612533569336,-0.0001125335693359375
cockerel,mammal,-9.500099182128906,-9.918212890625e-05
cockerel,bird,-8.96453857421875e-05,-10.375089645385742
cockerel,reptile,-9.18763542175293,-0.0001354217529296875
cockerel,amphibian,-9.375116348266602,-0.0001163482666015625
cockerel,fish,-9.312614440917969,-0.00011444091796875
cockerel,arthropod,-9.375125885009766,-0.000125885009765625
cockerel,insect,-9.187631607055664,-0.0001316070556640625
cockerel,bird of prey,-9.187631607055664,-0.0001316070556640625
cockerel,aquatic bird,-8.937667846679688,-0.0001678466796875
cockerel,canine,-9.312616348266602,-0.0001163482666015625
cockerel,feline,-9.312614440917969,-0.00011444091796875
cockerel,primate,-9.375112533569336,-0.0001125335693359375
cockerel,aquatic mammal,-9.312627792358398,-0.0001277923583984375
cockerel,rodent,-9.37510871887207,-0.0001087188720703125
cockerel,bat,-9.000158309936523,-0.0001583099365234375
cockerel,bear,-9.187631607055664,-0.0001316070556640625
cockerel,cat,-9.187625885009766,-0.000125885009765625
cockerel,cheetah,-9.187631607055664,-0.0001316070556640625
cockerel,leopard,-8.937667846679688,-0.0001678466796875
cockerel,lion,-9.12513542175293,-0.0001354217529296875
cockerel,panther,-9.06264877319336,-0.000148773193359375
cockerel,tiger,-8.937664031982422,-0.000164031982421875
cockerel,dog,-8.937664031982422,-0.000164031982421875
cockerel,fox,-9.062644958496094,-0.00014495849609375
cockerel,hyena,-9.250127792358398,-0.0001277923583984375
cockerel,wolf,-9.375114440917969,-0.00011444091796875
cockerel,raccoon,-9.00015640258789,-0.000156402587890625
cockerel,skunk,-9.06264877319336,-0.000148773193359375
cockerel,otter,-8.875173568725586,-0.0001735687255859375
cockerel,beaver,-9.062644958496094,-0.00014495849609375
cockerel,chipmunk,-8.937662124633789,-0.0001621246337890625
cockerel,squirrel,-9.187631607055664,-0.0001316070556640625
cockerel,gerbil,-9.125137329101562,-0.0001373291015625
cockerel,guinea_pig,-9.06264877319336,-0.000148773193359375
cockerel,hamster,-9.250118255615234,-0.000118255615234375
cockerel,mouse,-9.062639236450195,-0.0001392364501953125
cockerel,porcupine,-9.000158309936523,-0.0001583099365234375
cockerel,rat,-9.125137329101562,-0.0001373291015625
cockerel,buffalo,-8.937665939331055,-0.0001659393310546875
cockerel,cow,-9.250123977661133,-0.0001239776611328125
cockerel,ox,-9.062643051147461,-0.0001430511474609375
cockerel,goat,-9.187631607055664,-0.0001316070556640625
cockerel,sheep,-9.312616348266602,-0.0001163482666015625
cockerel,deer,-9.125137329101562,-0.0001373291015625
cockerel,moose,-9.062644958496094,-0.00014495849609375
cockerel,giraffe,-8.937665939331055,-0.0001659393310546875
cockerel,camel,-9.000152587890625,-0.000152587890625
cockerel,hippo,-8.937664031982422,-0.000164031982421875
cockerel,llama,-9.12513542175293,-0.0001354217529296875
cockerel,pig,-9.187629699707031,-0.00012969970703125
cockerel,donkey,-9.250123977661133,-0.0001239776611328125
cockerel,horse,-9.187629699707031,-0.00012969970703125
cockerel,pony,-9.062644958496094,-0.00014495849609375
cockerel,zebra,-9.125139236450195,-0.0001392364501953125
cockerel,rhino,-9.125139236450195,-0.0001392364501953125
cockerel,gorilla,-8.875173568725586,-0.0001735687255859375
cockerel,monkey,-9.187633514404297,-0.000133514404296875
cockerel,hedgehog,-9.00015640258789,-0.000156402587890625
cockerel,rabbit,-9.187631607055664,-0.0001316070556640625
cockerel,seal,-9.00015640258789,-0.000156402587890625
cockerel,walrus,-9.000158309936523,-0.0001583099365234375
cockerel,dolphin,-9.187629699707031,-0.00012969970703125
cockerel,whale,-9.187631607055664,-0.0001316070556640625
cockerel,elephant,-9.2501220703125,-0.0001220703125
cockerel,kangaroo,-9.125137329101562,-0.0001373291015625
cockerel,platypus,-9.062650680541992,-0.0001506805419921875
cockerel,crocodile,-9.125137329101562,-0.0001373291015625
cockerel,alligator,-9.187629699707031,-0.00012969970703125
cockerel,lizard,-9.187633514404297,-0.000133514404296875
cockerel,iguana,-9.12513542175293,-0.0001354217529296875
cockerel,rattlesnake,-9.187633514404297,-0.000133514404296875
cockerel,tortoise,-9.187629699707031,-0.00012969970703125
cockerel,turtle,-9.187627792358398,-0.0001277923583984375
cockerel,frog,-9.187629699707031,-0.00012969970703125
cockerel,toad,-9.000154495239258,-0.0001544952392578125
cockerel,budgie,-8.437746047973633,-0.0002460479736328125
cockerel,parakeet,-8.437751770019531,-0.00025177001953125
cockerel,buzzard,-8.93766975402832,-0.0001697540283203125
cockerel,falcon,-8.875171661376953,-0.000171661376953125
cockerel,hawk,-9.062646865844727,-0.0001468658447265625
cockerel,eagle,-9.250120162963867,-0.0001201629638671875
cockerel,owl,-9.312614440917969,-0.00011444091796875
cockerel,canary,-8.75018310546875,-0.00018310546875
cockerel,magpie,-9.062644958496094,-0.00014495849609375
cockerel,raven,-9.062641143798828,-0.000141143798828125
cockerel,nightingale,-8.250293731689453,-0.000293731689453125
cockerel,robin,-8.000370025634766,-0.000370025634765625
cockerel,starling,-8.187816619873047,-0.000316619873046875
cockerel,sparrow,-7.750469207763672,-0.000469207763671875
cockerel,wren,-7.812944412231445,-0.0004444122314453125
cockerel,chicken,-0.000133514404296875,-9.687633514404297
cockerel,cockerel,-0.0009670257568359375,-7.250967025756836
cockerel,turkey,-8.187810897827148,-0.0003108978271484375
cockerel,dove,-9.062639236450195,-0.0001392364501953125
cockerel,pigeon,-8.937660217285156,-0.00016021728515625
cockerel,partridge,-6.68882942199707,-0.0013294219970703125
cockerel,peacock,-8.500232696533203,-0.000232696533203125
cockerel,crane,-8.625207901000977,-0.0002079010009765625
cockerel,flamingo,-8.812675476074219,-0.00017547607421875
cockerel,heron,-8.875173568725586,-0.0001735687255859375
cockerel,duck,-9.062644958496094,-0.00014495849609375
cockerel,goose,-9.062641143798828,-0.000141143798828125
cockerel,pelican,-8.750188827514648,-0.0001888275146484375
cockerel,penguin,-8.875167846679688,-0.0001678466796875
cockerel,seagull,-9.062644958496094,-0.00014495849609375
cockerel,swan,-9.312612533569336,-0.0001125335693359375
cockerel,hummingbird,-8.812675476074219,-0.00017547607421875
cockerel,kingfisher,-8.500236511230469,-0.00023651123046875
cockerel,woodpecker,-8.437749862670898,-0.0002498626708984375
cockerel,emu,-9.000150680541992,-0.0001506805419921875
cockerel,ostrich,-9.000144958496094,-0.00014495849609375
cockerel,carp,-8.812679290771484,-0.000179290771484375
cockerel,goldfish,-8.875167846679688,-0.0001678466796875
cockerel,minnow,-8.875173568725586,-0.0001735687255859375
cockerel,cod,-8.062847137451172,-0.000347137451171875
cockerel,herring,-8.687702178955078,-0.000202178955078125
cockerel,sardine,-8.875167846679688,-0.0001678466796875
cockerel,salmon,-8.812677383422852,-0.0001773834228515625
cockerel,trout,-8.812675476074219,-0.00017547607421875
cockerel,eel,-8.937664031982422,-0.000164031982421875
cockerel,flounder,-8.625215530395508,-0.0002155303955078125
cockerel,mackerel,-8.562728881835938,-0.0002288818359375
cockerel,tuna,-8.937660217285156,-0.00016021728515625
cockerel,seahorse,-9.062644958496094,-0.00014495849609375
cockerel,shark,-9.312616348266602,-0.0001163482666015625
cockerel,bee,-9.187627792358398,-0.0001277923583984375
cockerel,hornet,-8.875177383422852,-0.0001773834228515625
cockerel,wasp,-8.937665939331055,-0.0001659393310546875
cockerel,ant,-8.875173568725586,-0.0001735687255859375
cockerel,beetle,-8.687702178955078,-0.000202178955078125
cockerel,ladybird,-8.562726974487305,-0.0002269744873046875
cockerel,butterfly,-9.250125885009766,-0.000125885009765625
cockerel,moth,-8.562728881835938,-0.0002288818359375
cockerel,cockroach,-8.812686920166016,-0.000186920166015625
cockerel,cricket,-8.062860488891602,-0.0003604888916015625
cockerel,grasshopper,-9.062644958496094,-0.00014495849609375
cockerel,locust,-8.687705993652344,-0.00020599365234375
cockerel,dragonfly,-8.750188827514648,-0.0001888275146484375
cockerel,flea,-8.87516975402832,-0.0001697540283203125
cockerel,housefly,-9.125133514404297,-0.000133514404296875
cockerel,mosquito,-8.937660217285156,-0.00016021728515625
cockerel,stick_insect,-8.625213623046875,-0.000213623046875
cockerel,termite,-9.062641143798828,-0.000141143798828125
cockerel,centipede,-9.000154495239258,-0.0001544952392578125
cockerel,millipede,-8.75019645690918,-0.0001964569091796875
cockerel,scorpion,-9.125144958496094,-0.00014495849609375
cockerel,spider,-9.250123977661133,-0.0001239776611328125
cockerel,tarantula,-9.000154495239258,-0.0001544952392578125
cockerel,crab,-8.750194549560547,-0.000194549560546875
cockerel,crayfish,-8.75019645690918,-0.0001964569091796875
cockerel,lobster,-8.750190734863281,-0.00019073486328125
cockerel,prawn,-8.625215530395508,-0.0002155303955078125
cockerel,shrimp,-8.812679290771484,-0.000179290771484375
cockerel,slug,-9.187629699707031,-0.00012969970703125
cockerel,snail,-9.187627792358398,-0.0001277923583984375
cockerel,clam,-8.812681198120117,-0.0001811981201171875
cockerel,mussel,-8.687700271606445,-0.0002002716064453125
cockerel,scallop,-8.062862396240234,-0.000362396240234375
cockerel,oyster,-8.437755584716797,-0.000255584716796875
cockerel,squid,-9.062643051147461,-0.0001430511474609375
cockerel,octopus,-9.000154495239258,-0.0001544952392578125
cockerel,worm,-9.062644958496094,-0.00014495849609375
cockerel,jellyfish,-9.250125885009766,-0.000125885009765625
turkey,animal,-6.29425048828125e-05,-11.187562942504883
turkey,vertebrate,-7.05718994140625e-05,-10.562570571899414
turkey,invertebrate,-9.625097274780273,-9.72747802734375e-05
turkey,mammal,-10.062564849853516,-6.4849853515625e-05
turkey,bird,-4.1961669921875e-05,-11.625041961669922
turkey,reptile,-9.500102996826172,-0.000102996826171875
turkey,amphibian,-9.937572479248047,-7.2479248046875e-05
turkey,fish,-9.875070571899414,-7.05718994140625e-05
turkey,arthropod,-9.875083923339844,-8.392333984375e-05
turkey,insect,-9.562599182128906,-9.918212890625e-05
turkey,bird of prey,-9.812580108642578,-8.0108642578125e-05
turkey,aquatic bird,-8.93766975402832,-0.0001697540283203125
turkey,canine,-9.56259536743164,-9.5367431640625e-05
turkey,feline,-9.562591552734375,-9.1552734375e-05
turkey,primate,-9.625091552734375,-9.1552734375e-05
turkey,aquatic mammal,-9.3751220703125,-0.0001220703125
turkey,rodent,-9.437604904174805,-0.0001049041748046875
turkey,bat,-9.312620162963867,-0.0001201629638671875
turkey,bear,-9.375110626220703,-0.000110626220703125
turkey,cat,-9.437604904174805,-0.0001049041748046875
turkey,cheetah,-9.625091552734375,-9.1552734375e-05
turkey,leopard,-9.000158309936523,-0.0001583099365234375
turkey,lion,-9.375110626220703,-0.000110626220703125
turkey,panther,-9.312618255615234,-0.000118255615234375
turkey,tiger,-9.18763542175293,-0.0001354217529296875
turkey,dog,-9.625091552734375,-9.1552734375e-05
turkey,fox,-9.562597274780273,-9.72747802734375e-05
turkey,hyena,-9.500102996826172,-0.000102996826171875
turkey,wolf,-9.437606811523438,-0.0001068115234375
turkey,raccoon,-9.06264877319336,-0.000148773193359375
turkey,skunk,-9.062646865844727,-0.0001468658447265625
turkey,otter,-9.187631607055664,-0.0001316070556640625
turkey,beaver,-9.250120162963867,-0.0001201629638671875
turkey,chipmunk,-9.125137329101562,-0.0001373291015625
turkey,squirrel,-9.125137329101562,-0.0001373291015625
turkey,gerbil,-9.062644958496094,-0.00014495849609375
turkey,guinea_pig,-9.187631607055664,-0.0001316070556640625
turkey,hamster,-9.312614440917969,-0.00011444091796875
turkey,mouse,-9.375104904174805,-0.0001049041748046875
turkey,porcupine,-8.937667846679688,-0.0001678466796875
turkey,rat,-8.750190734863281,-0.00019073486328125
turkey,buffalo,-9.062646865844727,-0.0001468658447265625
turkey,cow,-9.687585830688477,-8.58306884765625e-05
turkey,ox,-9.187629699707031,-0.00012969970703125
turkey,goat,-9.625089645385742,-8.96453857421875e-05
turkey,sheep,-9.875072479248047,-7.2479248046875e-05
turkey,deer,-9.312616348266602,-0.0001163482666015625
turkey,moose,-9.375112533569336,-0.0001125335693359375
turkey,giraffe,-9.250123977661133,-0.0001239776611328125
turkey,camel,-9.062644958496094,-0.00014495849609375
turkey,hippo,-9.00015640258789,-0.000156402587890625
turkey,llama,-9.12513542175293,-0.0001354217529296875
turkey,pig,-9.500101089477539,-0.0001010894775390625
turkey,donkey,-9.375114440917969,-0.00011444091796875
turkey,horse,-9.625089645385742,-8.96453857421875e-05
turkey,pony,-9.187631607055664,-0.0001316070556640625
turkey,zebra,-9.312620162963867,-0.0001201629638671875
turkey,rhino,-9.437604904174805,-0.0001049041748046875
turkey,gorilla,-9.312614440917969,-0.00011444091796875
turkey,monkey,-9.500102996826172,-0.000102996826171875
turkey,hedgehog,-9.187633514404297,-0.000133514404296875
turkey,rabbit,-9.437606811523438,-0.0001068115234375
turkey,seal,-9.312616348266602,-0.0001163482666015625
turkey,walrus,-9.125143051147461,-0.0001430511474609375
turkey,dolphin,-9.500099182128906,-9.918212890625e-05
turkey,whale,-9.375110626220703,-0.000110626220703125
turkey,elephant,-9.375110626220703,-0.000110626220703125
turkey,kangaroo,-9.500097274780273,-9.72747802734375e-05
turkey,platypus,-9.437606811523438,-0.0001068115234375
turkey,crocodile,-9.250125885009766,-0.000125885009765625
turkey,alligator,-9.437606811523438,-0.0001068115234375
turkey,lizard,-9.625089645385742,-8.96453857421875e-05
turkey,iguana,-9.437602996826172,-0.000102996826171875
turkey,rattlesnake,-9.375114440917969,-0.00011444091796875
turkey,tortoise,-9.187629699707031,-0.00012969970703125
turkey,turtle,-9.125139236450195,-0.0001392364501953125
turkey,frog,-9.687585830688477,-8.58306884765625e-05
turkey,toad,-9.187631607055664,-0.0001316070556640625
turkey,budgie,-8.937660217285156,-0.00016021728515625
turkey,parakeet,-9.18763542175293,-0.0001354217529296875
turkey,buzzard,-9.312618255615234,-0.000118255615234375
turkey,falcon,-9.437606811523438,-0.0001068115234375
turkey,hawk,-9.500102996826172,-0.000102996826171875
turkey,eagle,-9.625089645385742,-8.96453857421875e-05
turkey,owl,-9.500097274780273,-9.72747802734375e-05
turkey,canary,-9.187629699707031,-0.00012969970703125
turkey,magpie,-9.125137329101562,-0.0001373291015625
turkey,raven,-9.062644958496094,-0.00014495849609375
turkey,nightingale,-9.000150680541992,-0.0001506805419921875
turkey,robin,-9.00014877319336,-0.000148773193359375
turkey,starling,-8.37527084350586,-0.000270843505859375
turkey,sparrow,-8.875167846679688,-0.0001678466796875
turkey,wren,-8.750186920166016,-0.000186920166015625
turkey,chicken,-5.940298080444336,-0.0027980804443359375
turkey,cockerel,-8.562734603881836,-0.0002346038818359375
turkey,turkey,-0.000240325927734375,-8.937740325927734
turkey,dove,-8.312776565551758,-0.0002765655517578125
turkey,pigeon,-3.773590087890625,-0.023590087890625
turkey,partridge,-6.439188003540039,-0.0016880035400390625
turkey,peacock,-9.000152587890625,-0.000152587890625
turkey,crane,-6.376800537109375,-0.001800537109375
turkey,flamingo,-9.12513542175293,-0.0001354217529296875
turkey,heron,-9.00015640258789,-0.000156402587890625
turkey,duck,-9.437602996826172,-0.000102996826171875
turkey,goose,-9.062643051147461,-0.0001430511474609375
turkey,pelican,-9.125137329101562,-0.0001373291015625
turkey,penguin,-9.12513542175293,-0.0001354217529296875
turkey,seagull,-9.56259536743164,-9.5367431640625e-05
turkey,swan,-9.500097274780273,-9.72747802734375e-05
turkey,hummingbird,-9.2501220703125,-0.0001220703125
turkey,kingfisher,-9.125141143798828,-0.000141143798828125
turkey,woodpecker,-9.125133514404297,-0.000133514404296875
turkey,emu,-9.250125885009766,-0.000125885009765625
turkey,ostrich,-9.062644958496094,-0.00014495849609375
turkey,carp,-9.312614440917969,-0.00011444091796875
turkey,goldfish,-9.312614440917969,-0.00011444091796875
turkey,minnow,-9.187631607055664,-0.0001316070556640625
turkey,cod,-9.187625885009766,-0.000125885009765625
turkey,herring,-9.312616348266602,-0.0001163482666015625
turkey,sardine,-9.312614440917969,-0.00011444091796875
turkey,salmon,-9.62508773803711,-8.7738037109375e-05
turkey,trout,-9.437601089477539,-0.0001010894775390625
turkey,eel,-9.562593460083008,-9.34600830078125e-05
turkey,flounder,-9.125137329101562,-0.0001373291015625
turkey,mackerel,-9.312618255615234,-0.000118255615234375
turkey,tuna,-9.375110626220703,-0.000110626220703125
turkey,seahorse,-9.312620162963867,-0.0001201629638671875
turkey,shark,-9.375112533569336,-0.0001125335693359375
turkey,bee,-9.375112533569336,-0.0001125335693359375
turkey,hornet,-9.250127792358398,-0.0001277923583984375
turkey,wasp,-9.18763542175293,-0.0001354217529296875
turkey,ant,-9.00015640258789,-0.000156402587890625
turkey,beetle,-9.500097274780273,-9.72747802734375e-05
turkey,ladybird,-8.812679290771484,-0.000179290771484375
turkey,butterfly,-9.312620162963867,-0.0001201629638671875
turkey,moth,-8.937665939331055,-0.0001659393310546875
turkey,cockroach,-9.187631607055664,-0.0001316070556640625
turkey,cricket,-9.187629699707031,-0.00012969970703125
turkey,grasshopper,-9.625089645385742,-8.96453857421875e-05
turkey,locust,-9.00015640258789,-0.000156402587890625
turkey,dragonfly,-9.500099182128906,-9.918212890625e-05
turkey,flea,-9.187631607055664,-0.0001316070556640625
turkey,housefly,-9.37510871887207,-0.0001087188720703125
turkey,mosquito,-9.312618255615234,-0.000118255615234375
turkey,stick_insect,-8.437755584716797,-0.000255584716796875
turkey,termite,-9.125137329101562,-0.0001373291015625
turkey,centipede,-9.3126220703125,-0.0001220703125
turkey,millipede,-9.000158309936523,-0.0001583099365234375
turkey,scorpion,-9.250129699707031,-0.00012969970703125
turkey,spider,-9.500102996826172,-0.000102996826171875
turkey,tarantula,-9.187633514404297,-0.000133514404296875
turkey,crab,-9.375112533569336,-0.0001125335693359375
turkey,crayfish,-9.250125885009766,-0.000125885009765625
turkey,lobster,-9.12513542175293,-0.0001354217529296875
turkey,prawn,-9.312616348266602,-0.0001163482666015625
turkey,shrimp,-9.375112533569336,-0.0001125335693359375
turkey,slug,-9.2501220703125,-0.0001220703125
turkey,snail,-9.375110626220703,-0.000110626220703125
turkey,clam,-9.125139236450195,-0.0001392364501953125
turkey,mussel,-9.062644958496094,-0.00014495849609375
turkey,scallop,-9.125139236450195,-0.0001392364501953125
turkey,oyster,-8.687702178955078,-0.000202178955078125
turkey,squid,-9.562593460083008,-9.34600830078125e-05
turkey,octopus,-9.437606811523438,-0.0001068115234375
turkey,worm,-9.250123977661133,-0.0001239776611328125
turkey,jellyfish,-9.562597274780273,-9.72747802734375e-05
dove,animal,-6.67572021484375e-05,-11.250066757202148
dove,vertebrate,-8.96453857421875e-05,-10.375089645385742
dove,invertebrate,-10.000070571899414,-7.05718994140625e-05
dove,mammal,-10.187557220458984,-5.7220458984375e-05
dove,bird,-4.57763671875e-05,-11.937545776367188
dove,reptile,-10.000066757202148,-6.67572021484375e-05
dove,amphibian,-9.937572479248047,-7.2479248046875e-05
dove,fish,-10.000062942504883,-6.29425048828125e-05
dove,arthropod,-10.125068664550781,-6.866455078125e-05
dove,insect,-10.000064849853516,-6.4849853515625e-05
dove,bird of prey,-9.812576293945312,-7.62939453125e-05
dove,aquatic bird,-9.18763542175293,-0.0001354217529296875
dove,canine,-9.875072479248047,-7.2479248046875e-05
dove,feline,-9.687583923339844,-8.392333984375e-05
dove,primate,-10.000066757202148,-6.67572021484375e-05
dove,aquatic mammal,-9.750091552734375,-9.1552734375e-05
dove,rodent,-10.000062942504883,-6.29425048828125e-05
dove,bat,-9.812578201293945,-7.82012939453125e-05
dove,bear,-9.56259536743164,-9.5367431640625e-05
dove,cat,-9.625089645385742,-8.96453857421875e-05
dove,cheetah,-9.687583923339844,-8.392333984375e-05
dove,leopard,-9.250125885009766,-0.000125885009765625
dove,lion,-9.62508773803711,-8.7738037109375e-05
dove,panther,-9.625091552734375,-9.1552734375e-05
dove,tiger,-9.500101089477539,-0.0001010894775390625
dove,dog,-9.750082015991211,-8.20159912109375e-05
dove,fox,-9.750082015991211,-8.20159912109375e-05
dove,hyena,-9.687585830688477,-8.58306884765625e-05
dove,wolf,-9.750082015991211,-8.20159912109375e-05
dove,raccoon,-9.250125885009766,-0.000125885009765625
dove,skunk,-9.375110626220703,-0.000110626220703125
dove,otter,-9.500099182128906,-9.918212890625e-05
dove,beaver,-9.500097274780273,-9.72747802734375e-05
dove,chipmunk,-9.500099182128906,-9.918212890625e-05
dove,squirrel,-9.687583923339844,-8.392333984375e-05
dove,gerbil,-9.312616348266602,-0.0001163482666015625
dove,guinea_pig,-9.312616348266602,-0.0001163482666015625
dove,hamster,-9.625085830688477,-8.58306884765625e-05
dove,mouse,-9.625083923339844,-8.392333984375e-05
dove,porcupine,-9.437604904174805,-0.0001049041748046875
dove,rat,-9.62508773803711,-8.7738037109375e-05
dove,buffalo,-9.3126220703125,-0.0001220703125
dove,cow,-9.625089645385742,-8.96453857421875e-05
dove,ox,-9.62508773803711,-8.7738037109375e-05
dove,goat,-9.500102996826172,-0.000102996826171875
dove,sheep,-9.62508773803711,-8.7738037109375e-05
dove,deer,-9.56259536743164,-9.5367431640625e-05
dove,moose,-9.562593460083008,-9.34600830078125e-05
dove,giraffe,-9.2501220703125,-0.0001220703125
dove,camel,-9.312618255615234,-0.000118255615234375
dove,hippo,-9.2501220703125,-0.0001220703125
dove,llama,-9.375106811523438,-0.0001068115234375
dove,pig,-9.562591552734375,-9.1552734375e-05
dove,donkey,-9.500101089477539,-0.0001010894775390625
dove,horse,-9.687583923339844,-8.392333984375e-05
dove,pony,-9.312616348266602,-0.0001163482666015625
dove,zebra,-9.562593460083008,-9.34600830078125e-05
dove,rhino,-9.562593460083008,-9.34600830078125e-05
dove,gorilla,-9.375106811523438,-0.0001068115234375
dove,monkey,-9.750082015991211,-8.20159912109375e-05
dove,hedgehog,-9.625089645385742,-8.96453857421875e-05
dove,rabbit,-9.562591552734375,-9.1552734375e-05
dove,seal,-9.375112533569336,-0.0001125335693359375
dove,walrus,-9.312616348266602,-0.0001163482666015625
dove,dolphin,-9.625089645385742,-8.96453857421875e-05
dove,whale,-9.62508773803711,-8.7738037109375e-05
dove,elephant,-9.500099182128906,-9.918212890625e-05
dove,kangaroo,-9.437602996826172,-0.000102996826171875
dove,platypus,-9.56259536743164,-9.5367431640625e-05
dove,crocodile,-9.62508773803711,-8.7738037109375e-05
dove,alligator,-9.687583923339844,-8.392333984375e-05
dove,lizard,-10.000066757202148,-6.67572021484375e-05
dove,iguana,-9.750080108642578,-8.0108642578125e-05
dove,rattlesnake,-9.68758773803711,-8.7738037109375e-05
dove,tortoise,-9.500101089477539,-0.0001010894775390625
dove,turtle,-9.56259536743164,-9.5367431640625e-05
dove,frog,-9.937570571899414,-7.05718994140625e-05
dove,toad,-9.625091552734375,-9.1552734375e-05
dove,budgie,-8.312776565551758,-0.0002765655517578125
dove,parakeet,-4.697122573852539,-0.009622573852539062
dove,buzzard,-9.312616348266602,-0.0001163482666015625
dove,falcon,-8.937658309936523,-0.0001583099365234375
dove,hawk,-9.625089645385742,-8.96453857421875e-05
dove,eagle,-9.62508773803711,-8.7738037109375e-05
dove,owl,-9.937566757202148,-6.67572021484375e-05
dove,canary,-9.500093460083008,-9.34600830078125e-05
dove,magpie,-9.750078201293945,-7.82012939453125e-05
dove,raven,-9.37510871887207,-0.0001087188720703125
dove,nightingale,-9.50009536743164,-9.5367431640625e-05
dove,robin,-9.187627792358398,-0.0001277923583984375
dove,starling,-8.625211715698242,-0.0002117156982421875
dove,sparrow,-6.064964294433594,-0.00246429443359375
dove,wren,-9.000152587890625,-0.000152587890625
dove,chicken,-7.375675201416016,-0.000675201416015625
dove,cockerel,-9.437606811523438,-0.0001068115234375
dove,turkey,-8.875165939331055,-0.0001659393310546875
dove,dove,-0.000217437744140625,-9.18771743774414
dove,pigeon,-0.000110626220703125,-10.250110626220703
dove,partridge,-7.812953948974609,-0.000453948974609375
dove,peacock,-9.187625885009766,-0.000125885009765625
dove,crane,-8.500236511230469,-0.00023651123046875
dove,flamingo,-9.375106811523438,-0.0001068115234375
dove,heron,-9.62508773803711,-8.7738037109375e-05
dove,duck,-8.312782287597656,-0.00028228759765625
dove,goose,-8.750185012817383,-0.0001850128173828125
dove,pelican,-9.312612533569336,-0.0001125335693359375
dove,penguin,-9.375104904174805,-0.0001049041748046875
dove,seagull,-9.50009536743164,-9.5367431640625e-05
dove,swan,-9.187625885009766,-0.000125885009765625
dove,hummingbird,-9.50009536743164,-9.5367431640625e-05
dove,kingfisher,-9.625085830688477,-8.58306884765625e-05
dove,woodpecker,-9.562591552734375,-9.1552734375e-05
dove,emu,-9.312614440917969,-0.00011444091796875
dove,ostrich,-9.312612533569336,-0.0001125335693359375
dove,carp,-9.500097274780273,-9.72747802734375e-05
dove,goldfish,-9.437601089477539,-0.0001010894775390625
dove,minnow,-9.312618255615234,-0.000118255615234375
dove,cod,-8.93765640258789,-0.000156402587890625
dove,herring,-9.187629699707031,-0.00012969970703125
dove,sardine,-9.250120162963867,-0.0001201629638671875
dove,salmon,-9.50009536743164,-9.5367431640625e-05
dove,trout,-9.50009536743164,-9.5367431640625e-05
dove,eel,-9.750080108642578,-8.0108642578125e-05
dove,flounder,-9.2501220703125,-0.0001220703125
dove,mackerel,-9.125139236450195,-0.0001392364501953125
dove,tuna,-9.312612533569336,-0.0001125335693359375
dove,seahorse,-9.437604904174805,-0.0001049041748046875
dove,shark,-9.81257438659668,-7.43865966796875e-05
dove,bee,-9.875072479248047,-7.2479248046875e-05
dove,hornet,-9.562599182128906,-9.918212890625e-05
dove,wasp,-9.812580108642578,-8.0108642578125e-05
dove,ant,-9.500101089477539,-0.0001010894775390625
dove,beetle,-9.750078201293945,-7.82012939453125e-05
dove,ladybird,-8.937658309936523,-0.0001583099365234375
dove,butterfly,-9.812576293945312,-7.62939453125e-05
dove,moth,-9.062644958496094,-0.00014495849609375
dove,cockroach,-9.437606811523438,-0.0001068115234375
dove,cricket,-9.500097274780273,-9.72747802734375e-05
dove,grasshopper,-9.875072479248047,-7.2479248046875e-05
dove,locust,-9.56259536743164,-9.5367431640625e-05
dove,dragonfly,-9.750078201293945,-7.82012939453125e-05
dove,flea,-9.562593460083008,-9.34600830078125e-05
dove,housefly,-9.62508773803711,-8.7738037109375e-05
dove,mosquito,-9.625089645385742,-8.96453857421875e-05
dove,stick_insect,-9.12513542175293,-0.0001354217529296875
dove,termite,-9.562591552734375,-9.1552734375e-05
dove,centipede,-9.687589645385742,-8.96453857421875e-05
dove,millipede,-9.375114440917969,-0.00011444091796875
dove,scorpion,-9.937572479248047,-7.2479248046875e-05
dove,spider,-9.937570571899414,-7.05718994140625e-05
dove,tarantula,-9.625089645385742,-8.96453857421875e-05
dove,crab,-9.56259536743164,-9.5367431640625e-05
dove,crayfish,-9.500101089477539,-0.0001010894775390625
dove,lobster,-9.437604904174805,-0.0001049041748046875
dove,prawn,-9.500093460083008,-9.34600830078125e-05
dove,shrimp,-9.625089645385742,-8.96453857421875e-05
dove,slug,-9.37510871887207,-0.0001087188720703125
dove,snail,-9.500099182128906,-9.918212890625e-05
dove,clam,-9.187631607055664,-0.0001316070556640625
dove,mussel,-9.187631607055664,-0.0001316070556640625
dove,scallop,-9.125141143798828,-0.000141143798828125
dove,oyster,-9.062646865844727,-0.0001468658447265625
dove,squid,-9.750078201293945,-7.82012939453125e-05
dove,octopus,-9.56259536743164,-9.5367431640625e-05
dove,worm,-9.750080108642578,-8.0108642578125e-05
dove,jellyfish,-9.87507438659668,-7.43865966796875e-05
pigeon,animal,-6.103515625e-05,-11.37506103515625
pigeon,vertebrate,-6.866455078125e-05,-10.687568664550781
pigeon,invertebrate,-10.062562942504883,-6.29425048828125e-05
pigeon,mammal,-10.375043869018555,-4.38690185546875e-05
pigeon,bird,-3.814697265625e-05,-12.187538146972656
pigeon,reptile,-10.187553405761719,-5.340576171875e-05
pigeon,amphibian,-10.312549591064453,-4.9591064453125e-05
pigeon,fish,-10.187553405761719,-5.340576171875e-05
pigeon,arthropod,-10.250059127807617,-5.91278076171875e-05
pigeon,insect,-10.375045776367188,-4.57763671875e-05
pigeon,bird of prey,-9.937564849853516,-6.4849853515625e-05
pigeon,aquatic bird,-10.062559127807617,-5.91278076171875e-05
pigeon,canine,-10.062559127807617,-5.91278076171875e-05
pigeon,feline,-9.875068664550781,-6.866455078125e-05
pigeon,primate,-10.125057220458984,-5.7220458984375e-05
pigeon,aquatic mammal,-9.75008773803711,-8.7738037109375e-05
pigeon,rodent,-10.125057220458984,-5.7220458984375e-05
pigeon,bat,-10.06256103515625,-6.103515625e-05
pigeon,bear,-9.687582015991211,-8.20159912109375e-05
pigeon,cat,-9.937566757202148,-6.67572021484375e-05
pigeon,cheetah,-9.750078201293945,-7.82012939453125e-05
pigeon,leopard,-9.375110626220703,-0.000110626220703125
pigeon,lion,-9.750078201293945,-7.82012939453125e-05
pigeon,panther,-9.56259536743164,-9.5367431640625e-05
pigeon,tiger,-9.62508773803711,-8.7738037109375e-05
pigeon,dog,-10.250049591064453,-4.9591064453125e-05
pigeon,fox,-9.875070571899414,-7.05718994140625e-05
pigeon,hyena,-9.750080108642578,-8.0108642578125e-05
pigeon,wolf,-9.875070571899414,-7.05718994140625e-05
pigeon,raccoon,-9.500097274780273,-9.72747802734375e-05
pigeon,skunk,-9.62508773803711,-8.7738037109375e-05
pigeon,otter,-9.750078201293945,-7.82012939453125e-05
pigeon,beaver,-9.625085830688477,-8.58306884765625e-05
pigeon,chipmunk,-9.81257438659668,-7.43865966796875e-05
pigeon,squirrel,-10.000062942504883,-6.29425048828125e-05
pigeon,gerbil,-9.625085830688477,-8.58306884765625e-05
pigeon,guinea_pig,-9.750078201293945,-7.82012939453125e-05
pigeon,hamster,-9.875066757202148,-6.67572021484375e-05
pigeon,mouse,-10.062557220458984,-5.7220458984375e-05
pigeon,porcupine,-9.625089645385742,-8.96453857421875e-05
pigeon,rat,-9.750076293945312,-7.62939453125e-05
pigeon,buffalo,-9.437604904174805,-0.0001049041748046875
pigeon,cow,-9.812572479248047,-7.2479248046875e-05
pigeon,ox,-9.562591552734375,-9.1552734375e-05
pigeon,goat,-9.625089645385742,-8.96453857421875e-05
pigeon,sheep,-10.000062942504883,-6.29425048828125e-05
pigeon,deer,-9.750078201293945,-7.82012939453125e-05
pigeon,moose,-9.750078201293945,-7.82012939453125e-05
pigeon,giraffe,-9.500099182128906,-9.918212890625e-05
pigeon,camel,-9.62508773803711,-8.7738037109375e-05
pigeon,hippo,-9.437602996826172,-0.000102996826171875
pigeon,llama,-9.50009536743164,-9.5367431640625e-05
pigeon,pig,-9.375114440917969,-0.00011444091796875
pigeon,donkey,-9.875070571899414,-7.05718994140625e-05
pigeon,horse,-9.750080108642578,-8.0108642578125e-05
pigeon,pony,-9.562591552734375,-9.1552734375e-05
pigeon,zebra,-9.625089645385742,-8.96453857421875e-05
pigeon,rhino,-9.687583923339844,-8.392333984375e-05
pigeon,gorilla,-9.562591552734375,-9.1552734375e-05
pigeon,monkey,-9.937568664550781,-6.866455078125e-05
pigeon,hedgehog,-9.750080108642578,-8.0108642578125e-05
pigeon,rabbit,-10.062559127807617,-5.91278076171875e-05
pigeon,seal,-9.62508773803711,-8.7738037109375e-05
pigeon,walrus,-9.562593460083008,-9.34600830078125e-05
pigeon,dolphin,-10.00006103515625,-6.103515625e-05
pigeon,whale,-9.750078201293945,-7.82012939453125e-05
pigeon,elephant,-9.687582015991211,-8.20159912109375e-05
pigeon,kangaroo,-9.750076293945312,-7.62939453125e-05
pigeon,platypus,-9.750080108642578,-8.0108642578125e-05
pigeon,crocodile,-9.687583923339844,-8.392333984375e-05
pigeon,alligator,-9.875072479248047,-7.2479248046875e-05
pigeon,lizard,-10.125057220458984,-5.7220458984375e-05
pigeon,iguana,-9.875068664550781,-6.866455078125e-05
pigeon,rattlesnake,-9.750082015991211,-8.20159912109375e-05
pigeon,tortoise,-9.875068664550781,-6.866455078125e-05
pigeon,turtle,-10.000062942504883,-6.29425048828125e-05
pigeon,frog,-10.125057220458984,-5.7220458984375e-05
pigeon,toad,-9.750080108642578,-8.0108642578125e-05
pigeon,budgie,-9.250116348266602,-0.0001163482666015625
pigeon,parakeet,-7.750471115112305,-0.0004711151123046875
pigeon,buzzard,-9.437601089477539,-0.0001010894775390625
pigeon,falcon,-9.312610626220703,-0.000110626220703125
pigeon,hawk,-9.937566757202148,-6.67572021484375e-05
pigeon,eagle,-9.812570571899414,-7.05718994140625e-05
pigeon,owl,-10.062559127807617,-5.91278076171875e-05
pigeon,canary,-9.75007438659668,-7.43865966796875e-05
pigeon,magpie,-9.875070571899414,-7.05718994140625e-05
pigeon,raven,-9.250116348266602,-0.0001163482666015625
pigeon,nightingale,-9.750076293945312,-7.62939453125e-05
pigeon,robin,-9.625083923339844,-8.392333984375e-05
pigeon,starling,-9.312614440917969,-0.00011444091796875
pigeon,sparrow,-6.439210891723633,-0.0017108917236328125
pigeon,wren,-9.750076293945312,-7.62939453125e-05
pigeon,chicken,-8.687690734863281,-0.00019073486328125
pigeon,cockerel,-9.437604904174805,-0.0001049041748046875
pigeon,turkey,-9.187620162963867,-0.0001201629638671875
pigeon,dove,-0.0021533966064453125,-6.502153396606445
pigeon,pigeon,-0.0002384185791015625,-9.000238418579102
pigeon,partridge,-7.750471115112305,-0.0004711151123046875
pigeon,peacock,-9.312610626220703,-0.000110626220703125
pigeon,crane,-9.187623977661133,-0.0001239776611328125
pigeon,flamingo,-9.562589645385742,-8.96453857421875e-05
pigeon,heron,-9.875068664550781,-6.866455078125e-05
pigeon,duck,-9.937564849853516,-6.4849853515625e-05
pigeon,goose,-9.56258773803711,-8.7738037109375e-05
pigeon,pelican,-9.625085830688477,-8.58306884765625e-05
pigeon,penguin,-9.562589645385742,-8.96453857421875e-05
pigeon,seagull,-9.625085830688477,-8.58306884765625e-05
pigeon,swan,-9.625083923339844,-8.392333984375e-05
pigeon,hummingbird,-9.750076293945312,-7.62939453125e-05
pigeon,kingfisher,-9.937566757202148,-6.67572021484375e-05
pigeon,woodpecker,-9.875066757202148,-6.67572021484375e-05
pigeon,emu,-9.437601089477539,-0.0001010894775390625
pigeon,ostrich,-9.56258773803711,-8.7738037109375e-05
pigeon,carp,-9.562591552734375,-9.1552734375e-05
pigeon,goldfish,-9.687582015991211,-8.20159912109375e-05
pigeon,minnow,-9.687585830688477,-8.58306884765625e-05
pigeon,cod,-9.250116348266602,-0.0001163482666015625
pigeon,herring,-9.37510871887207,-0.0001087188720703125
pigeon,sardine,-9.625085830688477,-8.58306884765625e-05
pigeon,salmon,-9.687582015991211,-8.20159912109375e-05
pigeon,trout,-9.625085830688477,-8.58306884765625e-05
pigeon,eel,-9.750078201293945,-7.82012939453125e-05
pigeon,flounder,-9.562591552734375,-9.1552734375e-05
pigeon,mackerel,-9.250123977661133,-0.0001239776611328125
pigeon,tuna,-9.625083923339844,-8.392333984375e-05
pigeon,seahorse,-9.62508773803711,-8.7738037109375e-05
pigeon,shark,-9.812572479248047,-7.2479248046875e-05
pigeon,bee,-10.125057220458984,-5.7220458984375e-05
pigeon,hornet,-9.87507438659668,-7.43865966796875e-05
pigeon,wasp,-10.125057220458984,-5.7220458984375e-05
pigeon,ant,-9.750080108642578,-8.0108642578125e-05
pigeon,beetle,-10.125057220458984,-5.7220458984375e-05
pigeon,ladybird,-9.437602996826172,-0.000102996826171875
pigeon,butterfly,-10.06256103515625,-6.103515625e-05
pigeon,moth,-9.62508773803711,-8.7738037109375e-05
pigeon,cockroach,-9.62508773803711,-8.7738037109375e-05
pigeon,cricket,-9.875070571899414,-7.05718994140625e-05
pigeon,grasshopper,-10.000062942504883,-6.29425048828125e-05
pigeon,locust,-9.937566757202148,-6.67572021484375e-05
pigeon,dragonfly,-10.000062942504883,-6.29425048828125e-05
pigeon,flea,-9.750080108642578,-8.0108642578125e-05
pigeon,housefly,-10.062559127807617,-5.91278076171875e-05
pigeon,mosquito,-9.750080108642578,-8.0108642578125e-05
pigeon,stick_insect,-9.50009536743164,-9.5367431640625e-05
pigeon,termite,-9.687582015991211,-8.20159912109375e-05
pigeon,centipede,-9.937572479248047,-7.2479248046875e-05
pigeon,millipede,-9.687585830688477,-8.58306884765625e-05
pigeon,scorpion,-9.87507438659668,-7.43865966796875e-05
pigeon,spider,-9.937570571899414,-7.05718994140625e-05
pigeon,tarantula,-9.750080108642578,-8.0108642578125e-05
pigeon,crab,-9.875072479248047,-7.2479248046875e-05
pigeon,crayfish,-9.687583923339844,-8.392333984375e-05
pigeon,lobster,-9.562589645385742,-8.96453857421875e-05
pigeon,prawn,-9.562589645385742,-8.96453857421875e-05
pigeon,shrimp,-9.750078201293945,-7.82012939453125e-05
pigeon,slug,-9.750078201293945,-7.82012939453125e-05
pigeon,snail,-10.000062942504883,-6.29425048828125e-05
pigeon,clam,-9.437604904174805,-0.0001049041748046875
pigeon,mussel,-9.37510871887207,-0.0001087188720703125
pigeon,scallop,-9.437602996826172,-0.000102996826171875
pigeon,oyster,-9.125137329101562,-0.0001373291015625
pigeon,squid,-9.812572479248047,-7.2479248046875e-05
pigeon,octopus,-9.750078201293945,-7.82012939453125e-05
pigeon,worm,-10.000064849853516,-6.4849853515625e-05
pigeon,jellyfish,-9.87507438659668,-7.43865966796875e-05
partridge,animal,-8.392333984375e-05,-10.500083923339844
partridge,vertebrate,-0.0001735687255859375,-9.375173568725586
partridge,invertebrate,-9.875080108642578,-8.0108642578125e-05
partridge,mammal,-10.000068664550781,-6.866455078125e-05
partridge,bird,-4.57763671875e-05,-11.562545776367188
partridge,reptile,-10.000068664550781,-6.866455078125e-05
partridge,amphibian,-9.93757438659668,-7.43865966796875e-05
partridge,fish,-9.937568664550781,-6.866455078125e-05
partridge,arthropod,-9.875083923339844,-8.392333984375e-05
partridge,insect,-9.812580108642578,-8.0108642578125e-05
partridge,bird of prey,-9.812578201293945,-7.82012939453125e-05
partridge,aquatic bird,-9.812578201293945,-7.82012939453125e-05
partridge,canine,-9.750080108642578,-8.0108642578125e-05
partridge,feline,-9.750078201293945,-7.82012939453125e-05
partridge,primate,-9.875076293945312,-7.62939453125e-05
partridge,aquatic mammal,-9.625101089477539,-0.0001010894775390625
partridge,rodent,-9.875072479248047,-7.2479248046875e-05
partridge,bat,-9.625093460083008,-9.34600830078125e-05
partridge,bear,-9.687583923339844,-8.392333984375e-05
partridge,cat,-9.56259536743164,-9.5367431640625e-05
partridge,cheetah,-9.750082015991211,-8.20159912109375e-05
partridge,leopard,-9.125139236450195,-0.0001392364501953125
partridge,lion,-9.500101089477539,-0.0001010894775390625
partridge,panther,-9.312618255615234,-0.000118255615234375
partridge,tiger,-9.250125885009766,-0.000125885009765625
partridge,dog,-9.750083923339844,-8.392333984375e-05
partridge,fox,-9.937570571899414,-7.05718994140625e-05
partridge,hyena,-9.625091552734375,-9.1552734375e-05
partridge,wolf,-9.750082015991211,-8.20159912109375e-05
partridge,raccoon,-9.375116348266602,-0.0001163482666015625
partridge,skunk,-9.375112533569336,-0.0001125335693359375
partridge,otter,-9.687583923339844,-8.392333984375e-05
partridge,beaver,-9.625089645385742,-8.96453857421875e-05
partridge,chipmunk,-9.437604904174805,-0.0001049041748046875
partridge,squirrel,-9.750078201293945,-7.82012939453125e-05
partridge,gerbil,-9.312616348266602,-0.0001163482666015625
partridge,guinea_pig,-9.125137329101562,-0.0001373291015625
partridge,hamster,-9.375106811523438,-0.0001068115234375
partridge,mouse,-9.625083923339844,-8.392333984375e-05
partridge,porcupine,-9.18763542175293,-0.0001354217529296875
partridge,rat,-9.56259536743164,-9.5367431640625e-05
partridge,buffalo,-9.187633514404297,-0.000133514404296875
partridge,cow,-9.625091552734375,-9.1552734375e-05
partridge,ox,-9.187631607055664,-0.0001316070556640625
partridge,goat,-9.312620162963867,-0.0001201629638671875
partridge,sheep,-9.625091552734375,-9.1552734375e-05
partridge,deer,-9.000152587890625,-0.000152587890625
partridge,moose,-9.500097274780273,-9.72747802734375e-05
partridge,giraffe,-9.312620162963867,-0.0001201629638671875
partridge,camel,-9.250125885009766,-0.000125885009765625
partridge,hippo,-9.312618255615234,-0.000118255615234375
partridge,llama,-9.37510871887207,-0.0001087188720703125
partridge,pig,-9.250129699707031,-0.00012969970703125
partridge,donkey,-9.500102996826172,-0.000102996826171875
partridge,horse,-9.625089645385742,-8.96453857421875e-05
partridge,pony,-9.250123977661133,-0.0001239776611328125
partridge,zebra,-9.500104904174805,-0.0001049041748046875
partridge,rhino,-9.500102996826172,-0.000102996826171875
partridge,gorilla,-9.437604904174805,-0.0001049041748046875
partridge,monkey,-9.562597274780273,-9.72747802734375e-05
partridge,hedgehog,-9.500101089477539,-0.0001010894775390625
partridge,rabbit,-9.625089645385742,-8.96453857421875e-05
partridge,seal,-9.56259536743164,-9.5367431640625e-05
partridge,walrus,-9.312620162963867,-0.0001201629638671875
partridge,dolphin,-9.625089645385742,-8.96453857421875e-05
partridge,whale,-9.68758773803711,-8.7738037109375e-05
partridge,elephant,-9.500101089477539,-0.0001010894775390625
partridge,kangaroo,-9.56259536743164,-9.5367431640625e-05
partridge,platypus,-9.500102996826172,-0.000102996826171875
partridge,crocodile,-9.625089645385742,-8.96453857421875e-05
partridge,alligator,-9.68758773803711,-8.7738037109375e-05
partridge,lizard,-9.812578201293945,-7.82012939453125e-05
partridge,iguana,-9.625089645385742,-8.96453857421875e-05
partridge,rattlesnake,-9.500106811523438,-0.0001068115234375
partridge,tortoise,-9.2501220703125,-0.0001220703125
partridge,turtle,-9.625091552734375,-9.1552734375e-05
partridge,frog,-9.812580108642578,-8.0108642578125e-05
partridge,toad,-9.43760871887207,-0.0001087188720703125
partridge,budgie,-8.562721252441406,-0.00022125244140625
partridge,parakeet,-8.437749862670898,-0.0002498626708984375
partridge,buzzard,-9.937570571899414,-7.05718994140625e-05
partridge,falcon,-9.562593460083008,-9.34600830078125e-05
partridge,hawk,-9.812580108642578,-8.0108642578125e-05
partridge,eagle,-10.062559127807617,-5.91278076171875e-05
partridge,owl,-10.000064849853516,-6.4849853515625e-05
partridge,canary,-9.625083923339844,-8.392333984375e-05
partridge,magpie,-9.187629699707031,-0.00012969970703125
partridge,raven,-9.875072479248047,-7.2479248046875e-05
partridge,nightingale,-9.250118255615234,-0.000118255615234375
partridge,robin,-8.812675476074219,-0.00017547607421875
partridge,starling,-7.000982284545898,-0.0009822845458984375
partridge,sparrow,-5.815631866455078,-0.003131866455078125
partridge,wren,-8.062850952148438,-0.0003509521484375
partridge,chicken,-2.128202438354492,-0.1282024383544922
partridge,cockerel,-8.187824249267578,-0.000324249267578125
partridge,turkey,-7.438129425048828,-0.000629425048828125
partridge,dove,-6.751243591308594,-0.00124359130859375
partridge,pigeon,-6.563982009887695,-0.0014820098876953125
partridge,partridge,-0.0002841949462890625,-8.687784194946289
partridge,peacock,-9.375110626220703,-0.000110626220703125
partridge,crane,-8.250293731689453,-0.000293731689453125
partridge,flamingo,-9.625085830688477,-8.58306884765625e-05
partridge,heron,-9.937568664550781,-6.866455078125e-05
partridge,duck,-9.625085830688477,-8.58306884765625e-05
partridge,goose,-9.625085830688477,-8.58306884765625e-05
partridge,pelican,-9.687583923339844,-8.392333984375e-05
partridge,penguin,-9.437602996826172,-0.000102996826171875
partridge,seagull,-10.000066757202148,-6.67572021484375e-05
partridge,swan,-9.750080108642578,-8.0108642578125e-05
partridge,hummingbird,-9.687582015991211,-8.20159912109375e-05
partridge,kingfisher,-9.687583923339844,-8.392333984375e-05
partridge,woodpecker,-9.750076293945312,-7.62939453125e-05
partridge,emu,-9.500099182128906,-9.918212890625e-05
partridge,ostrich,-9.500097274780273,-9.72747802734375e-05
partridge,carp,-9.375112533569336,-0.0001125335693359375
partridge,goldfish,-9.312616348266602,-0.0001163482666015625
partridge,minnow,-9.3126220703125,-0.0001220703125
partridge,cod,-9.187625885009766,-0.000125885009765625
partridge,herring,-9.375112533569336,-0.0001125335693359375
partridge,sardine,-9.62508773803711,-8.7738037109375e-05
partridge,salmon,-9.562593460083008,-9.34600830078125e-05
partridge,trout,-9.437601089477539,-0.0001010894775390625
partridge,eel,-9.750080108642578,-8.0108642578125e-05
partridge,flounder,-9.375112533569336,-0.0001125335693359375
partridge,mackerel,-9.312618255615234,-0.000118255615234375
partridge,tuna,-9.437602996826172,-0.000102996826171875
partridge,seahorse,-9.500102996826172,-0.000102996826171875
partridge,shark,-9.68758773803711,-8.7738037109375e-05
partridge,bee,-9.750082015991211,-8.20159912109375e-05
partridge,hornet,-9.437610626220703,-0.000110626220703125
partridge,wasp,-9.3126220703125,-0.0001220703125
partridge,ant,-9.250127792358398,-0.0001277923583984375
partridge,beetle,-9.37510871887207,-0.0001087188720703125
partridge,ladybird,-8.437751770019531,-0.00025177001953125
partridge,butterfly,-9.56259536743164,-9.5367431640625e-05
partridge,moth,-8.875175476074219,-0.00017547607421875
partridge,cockroach,-9.250127792358398,-0.0001277923583984375
partridge,cricket,-9.187627792358398,-0.0001277923583984375
partridge,grasshopper,-9.375110626220703,-0.000110626220703125
partridge,locust,-9.2501220703125,-0.0001220703125
partridge,dragonfly,-9.62508773803711,-8.7738037109375e-05
partridge,flea,-9.312618255615234,-0.000118255615234375
partridge,housefly,-9.62508773803711,-8.7738037109375e-05
partridge,mosquito,-9.500101089477539,-0.0001010894775390625
partridge,stick_insect,-8.687700271606445,-0.0002002716064453125
partridge,termite,-9.375110626220703,-0.000110626220703125
partridge,centipede,-9.375116348266602,-0.0001163482666015625
partridge,millipede,-9.062650680541992,-0.0001506805419921875
partridge,scorpion,-9.562599182128906,-9.918212890625e-05
partridge,spider,-9.62509536743164,-9.5367431640625e-05
partridge,tarantula,-9.312620162963867,-0.0001201629638671875
partridge,crab,-9.562597274780273,-9.72747802734375e-05
partridge,crayfish,-9.437606811523438,-0.0001068115234375
partridge,lobster,-9.312616348266602,-0.0001163482666015625
partridge,prawn,-9.312614440917969,-0.00011444091796875
partridge,shrimp,-9.437604904174805,-0.0001049041748046875
partridge,slug,-9.500101089477539,-0.0001010894775390625
partridge,snail,-9.625089645385742,-8.96453857421875e-05
partridge,clam,-9.312618255615234,-0.000118255615234375
partridge,mussel,-9.18763542175293,-0.0001354217529296875
partridge,scallop,-9.250125885009766,-0.000125885009765625
partridge,oyster,-9.187631607055664,-0.0001316070556640625
partridge,squid,-9.81257438659668,-7.43865966796875e-05
partridge,octopus,-9.625091552734375,-9.1552734375e-05
partridge,worm,-9.625091552734375,-9.1552734375e-05
partridge,jellyfish,-9.750085830688477,-8.58306884765625e-05
peacock,animal,-6.866455078125e-05,-11.000068664550781
peacock,vertebrate,-7.05718994140625e-05,-11.000070571899414
peacock,invertebrate,-9.93757438659668,-7.43865966796875e-05
peacock,mammal,-10.000066757202148,-6.67572021484375e-05
peacock,bird,-4.38690185546875e-05,-12.062543869018555
peacock,reptile,-9.812580108642578,-8.0108642578125e-05
peacock,amphibian,-10.062566757202148,-6.67572021484375e-05
peacock,fish,-9.687583923339844,-8.392333984375e-05
peacock,arthropod,-9.875085830688477,-8.58306884765625e-05
peacock,insect,-10.000068664550781,-6.866455078125e-05
peacock,bird of prey,-9.687582015991211,-8.20159912109375e-05
peacock,aquatic bird,-9.375110626220703,-0.000110626220703125
peacock,canine,-9.68758773803711,-8.7738037109375e-05
peacock,feline,-9.687583923339844,-8.392333984375e-05
peacock,primate,-9.937572479248047,-7.2479248046875e-05
peacock,aquatic mammal,-9.687597274780273,-9.72747802734375e-05
peacock,rodent,-9.812578201293945,-7.82012939453125e-05
peacock,bat,-9.562599182128906,-9.918212890625e-05
peacock,bear,-9.625089645385742,-8.96453857421875e-05
peacock,cat,-9.562597274780273,-9.72747802734375e-05
peacock,cheetah,-9.687585830688477,-8.58306884765625e-05
peacock,leopard,-9.250127792358398,-0.0001277923583984375
peacock,lion,-9.625089645385742,-8.96453857421875e-05
peacock,panther,-9.625091552734375,-9.1552734375e-05
peacock,tiger,-9.500102996826172,-0.000102996826171875
peacock,dog,-9.750083923339844,-8.392333984375e-05
peacock,fox,-9.625093460083008,-9.34600830078125e-05
peacock,hyena,-9.62509536743164,-9.5367431640625e-05
peacock,wolf,-9.562599182128906,-9.918212890625e-05
peacock,raccoon,-9.3126220703125,-0.0001220703125
peacock,skunk,-9.500101089477539,-0.0001010894775390625
peacock,otter,-9.437606811523438,-0.0001068115234375
peacock,beaver,-9.500101089477539,-0.0001010894775390625
peacock,chipmunk,-9.500102996826172,-0.000102996826171875
peacock,squirrel,-9.562597274780273,-9.72747802734375e-05
peacock,gerbil,-9.375110626220703,-0.000110626220703125
peacock,guinea_pig,-9.375114440917969,-0.00011444091796875
peacock,hamster,-9.500099182128906,-9.918212890625e-05
peacock,mouse,-9.437602996826172,-0.000102996826171875
peacock,porcupine,-9.375114440917969,-0.00011444091796875
peacock,rat,-9.500101089477539,-0.0001010894775390625
peacock,buffalo,-9.312625885009766,-0.000125885009765625
peacock,cow,-9.500101089477539,-0.0001010894775390625
peacock,ox,-9.43760871887207,-0.0001087188720703125
peacock,goat,-9.500102996826172,-0.000102996826171875
peacock,sheep,-9.750082015991211,-8.20159912109375e-05
peacock,deer,-9.687585830688477,-8.58306884765625e-05
peacock,moose,-9.500102996826172,-0.000102996826171875
peacock,giraffe,-9.500102996826172,-0.000102996826171875
peacock,camel,-9.56259536743164,-9.5367431640625e-05
peacock,hippo,-9.18763542175293,-0.0001354217529296875
peacock,llama,-9.437606811523438,-0.0001068115234375
peacock,pig,-9.375116348266602,-0.0001163482666015625
peacock,donkey,-9.625093460083008,-9.34600830078125e-05
peacock,horse,-9.68758773803711,-8.7738037109375e-05
peacock,pony,-9.500101089477539,-0.0001010894775390625
peacock,zebra,-9.750085830688477,-8.58306884765625e-05
peacock,rhino,-9.562599182128906,-9.918212890625e-05
peacock,gorilla,-9.375114440917969,-0.00011444091796875
peacock,monkey,-9.68758773803711,-8.7738037109375e-05
peacock,hedgehog,-9.625093460083008,-9.34600830078125e-05
peacock,rabbit,-9.625089645385742,-8.96453857421875e-05
peacock,seal,-9.625091552734375,-9.1552734375e-05
peacock,walrus,-9.375116348266602,-0.0001163482666015625
peacock,dolphin,-9.625093460083008,-9.34600830078125e-05
peacock,whale,-9.625093460083008,-9.34600830078125e-05
peacock,elephant,-9.500101089477539,-0.0001010894775390625
peacock,kangaroo,-9.625091552734375,-9.1552734375e-05
peacock,platypus,-9.625091552734375,-9.1552734375e-05
peacock,crocodile,-9.500102996826172,-0.000102996826171875
peacock,alligator,-9.625093460083008,-9.34600830078125e-05
peacock,lizard,-9.87507438659668,-7.43865966796875e-05
peacock,iguana,-9.62508773803711,-8.7738037109375e-05
peacock,rattlesnake,-9.625093460083008,-9.34600830078125e-05
peacock,tortoise,-9.625089645385742,-8.96453857421875e-05
peacock,turtle,-9.625091552734375,-9.1552734375e-05
peacock,frog,-9.87507438659668,-7.43865966796875e-05
peacock,toad,-9.43760871887207,-0.0001087188720703125
peacock,budgie,-9.312614440917969,-0.00011444091796875
peacock,parakeet,-9.375106811523438,-0.0001068115234375
peacock,buzzard,-9.750082015991211,-8.20159912109375e-05
peacock,falcon,-9.812576293945312,-7.62939453125e-05
peacock,hawk,-9.937568664550781,-6.866455078125e-05
peacock,eagle,-10.06256103515625,-6.103515625e-05
peacock,owl,-9.937570571899414,-7.05718994140625e-05
peacock,canary,-9.500099182128906,-9.918212890625e-05
peacock,magpie,-9.2501220703125,-0.0001220703125
peacock,raven,-9.687582015991211,-8.20159912109375e-05
peacock,nightingale,-9.37510871887207,-0.0001087188720703125
peacock,robin,-9.375106811523438,-0.0001068115234375
peacock,starling,-8.062856674194336,-0.0003566741943359375
peacock,sparrow,-9.437601089477539,-0.0001010894775390625
peacock,wren,-9.37510871887207,-0.0001087188720703125
peacock,chicken,-0.013109207153320312,-4.38810920715332
peacock,cockerel,-8.187822341918945,-0.0003223419189453125
peacock,turkey,-7.125852584838867,-0.0008525848388671875
peacock,dove,-9.000146865844727,-0.0001468658447265625
peacock,pigeon,-5.193187713623047,-0.005687713623046875
peacock,partridge,-7.7504730224609375,-0.0004730224609375
peacock,peacock,-0.0005950927734375,-8.000595092773438
peacock,crane,-9.000150680541992,-0.0001506805419921875
peacock,flamingo,-9.500099182128906,-9.918212890625e-05
peacock,heron,-9.187631607055664,-0.0001316070556640625
peacock,duck,-9.687583923339844,-8.392333984375e-05
peacock,goose,-9.62508773803711,-8.7738037109375e-05
peacock,pelican,-9.56259536743164,-9.5367431640625e-05
peacock,penguin,-9.750080108642578,-8.0108642578125e-05
peacock,seagull,-9.750083923339844,-8.392333984375e-05
peacock,swan,-10.000064849853516,-6.4849853515625e-05
peacock,hummingbird,-9.687583923339844,-8.392333984375e-05
peacock,kingfisher,-9.500099182128906,-9.918212890625e-05
peacock,woodpecker,-9.62508773803711,-8.7738037109375e-05
peacock,emu,-9.625089645385742,-8.96453857421875e-05
peacock,ostrich,-9.625085830688477,-8.58306884765625e-05
peacock,carp,-9.12513542175293,-0.0001354217529296875
peacock,goldfish,-9.500101089477539,-0.0001010894775390625
peacock,minnow,-9.3126220703125,-0.0001220703125
peacock,cod,-9.000150680541992,-0.0001506805419921875
peacock,herring,-9.125137329101562,-0.0001373291015625
peacock,sardine,-9.250123977661133,-0.0001239776611328125
peacock,salmon,-9.50009536743164,-9.5367431640625e-05
peacock,trout,-9.125133514404297,-0.000133514404296875
peacock,eel,-9.750082015991211,-8.20159912109375e-05
peacock,flounder,-9.312616348266602,-0.0001163482666015625
peacock,mackerel,-8.812679290771484,-0.000179290771484375
peacock,tuna,-9.312616348266602,-0.0001163482666015625
peacock,seahorse,-9.500102996826172,-0.000102996826171875
peacock,shark,-9.750082015991211,-8.20159912109375e-05
peacock,bee,-9.500102996826172,-0.000102996826171875
peacock,hornet,-9.437614440917969,-0.00011444091796875
peacock,wasp,-9.562599182128906,-9.918212890625e-05
peacock,ant,-9.187633514404297,-0.000133514404296875
peacock,beetle,-9.687585830688477,-8.58306884765625e-05
peacock,ladybird,-9.125137329101562,-0.0001373291015625
peacock,butterfly,-9.625091552734375,-9.1552734375e-05
peacock,moth,-8.875173568725586,-0.0001735687255859375
peacock,cockroach,-9.312618255615234,-0.000118255615234375
peacock,cricket,-9.500101089477539,-0.0001010894775390625
peacock,grasshopper,-9.625089645385742,-8.96453857421875e-05
peacock,locust,-9.437604904174805,-0.0001049041748046875
peacock,dragonfly,-9.625089645385742,-8.96453857421875e-05
peacock,flea,-9.437606811523438,-0.0001068115234375
peacock,housefly,-9.500099182128906,-9.918212890625e-05
peacock,mosquito,-9.43760871887207,-0.0001087188720703125
peacock,stick_insect,-9.312616348266602,-0.0001163482666015625
peacock,termite,-9.437604904174805,-0.0001049041748046875
peacock,centipede,-9.562601089477539,-0.0001010894775390625
peacock,millipede,-9.312623977661133,-0.0001239776611328125
peacock,scorpion,-9.500104904174805,-0.0001049041748046875
peacock,spider,-9.750083923339844,-8.392333984375e-05
peacock,tarantula,-9.500102996826172,-0.000102996826171875
peacock,crab,-9.500104904174805,-0.0001049041748046875
peacock,crayfish,-9.375114440917969,-0.00011444091796875
peacock,lobster,-9.312616348266602,-0.0001163482666015625
peacock,prawn,-9.187627792358398,-0.0001277923583984375
peacock,shrimp,-9.312618255615234,-0.000118255615234375
peacock,slug,-9.43760871887207,-0.0001087188720703125
peacock,snail,-9.625089645385742,-8.96453857421875e-05
peacock,clam,-9.18763542175293,-0.0001354217529296875
peacock,mussel,-9.250123977661133,-0.0001239776611328125
peacock,scallop,-9.00015640258789,-0.000156402587890625
peacock,oyster,-9.062646865844727,-0.0001468658447265625
peacock,squid,-9.750080108642578,-8.0108642578125e-05
peacock,octopus,-9.68758773803711,-8.7738037109375e-05
peacock,worm,-9.500102996826172,-0.000102996826171875
peacock,jellyfish,-9.750083923339844,-8.392333984375e-05
crane,animal,-0.009044647216796875,-4.946544647216797
crane,vertebrate,-0.00099945068359375,-7.125999450683594
crane,invertebrate,-9.50010871887207,-0.0001087188720703125
crane,mammal,-9.625089645385742,-8.96453857421875e-05
crane,bird,-7.05718994140625e-05,-10.687570571899414
crane,reptile,-9.062644958496094,-0.00014495849609375
crane,amphibian,-9.250127792358398,-0.0001277923583984375
crane,fish,-9.00014877319336,-0.000148773193359375
crane,arthropod,-9.312629699707031,-0.00012969970703125
crane,insect,-9.187631607055664,-0.0001316070556640625
crane,bird of prey,-7.250795364379883,-0.0007953643798828125
crane,aquatic bird,-6.626443862915039,-0.0014438629150390625
crane,canine,-9.250123977661133,-0.0001239776611328125
crane,feline,-9.187625885009766,-0.000125885009765625
crane,primate,-9.250125885009766,-0.000125885009765625
crane,aquatic mammal,-9.12514877319336,-0.000148773193359375
crane,rodent,-9.500097274780273,-9.72747802734375e-05
crane,bat,-9.00015640258789,-0.000156402587890625
crane,bear,-9.000150680541992,-0.0001506805419921875
crane,cat,-8.812677383422852,-0.0001773834228515625
crane,cheetah,-9.437604904174805,-0.0001049041748046875
crane,leopard,-8.87516975402832,-0.0001697540283203125
crane,lion,-9.187629699707031,-0.00012969970703125
crane,panther,-9.187631607055664,-0.0001316070556640625
crane,tiger,-9.187627792358398,-0.0001277923583984375
crane,dog,-9.250120162963867,-0.0001201629638671875
crane,fox,-9.437604904174805,-0.0001049041748046875
crane,hyena,-9.375110626220703,-0.000110626220703125
crane,wolf,-9.375112533569336,-0.0001125335693359375
crane,raccoon,-8.687700271606445,-0.0002002716064453125
crane,skunk,-8.937662124633789,-0.0001621246337890625
crane,otter,-9.062641143798828,-0.000141143798828125
crane,beaver,-9.187625885009766,-0.000125885009765625
crane,chipmunk,-9.12513542175293,-0.0001354217529296875
crane,squirrel,-9.12513542175293,-0.0001354217529296875
crane,gerbil,-9.062643051147461,-0.0001430511474609375
crane,guinea_pig,-9.000154495239258,-0.0001544952392578125
crane,hamster,-9.312610626220703,-0.000110626220703125
crane,mouse,-9.000146865844727,-0.0001468658447265625
crane,porcupine,-8.750198364257812,-0.0001983642578125
crane,rat,-9.125137329101562,-0.0001373291015625
crane,buffalo,-8.812681198120117,-0.0001811981201171875
crane,cow,-9.312616348266602,-0.0001163482666015625
crane,ox,-8.500236511230469,-0.00023651123046875
crane,goat,-8.625211715698242,-0.0002117156982421875
crane,sheep,-9.00014877319336,-0.000148773193359375
crane,deer,-8.812677383422852,-0.0001773834228515625
crane,moose,-8.937660217285156,-0.00016021728515625
crane,giraffe,-8.562721252441406,-0.00022125244140625
crane,camel,-8.812677383422852,-0.0001773834228515625
crane,hippo,-8.937660217285156,-0.00016021728515625
crane,llama,-8.937658309936523,-0.0001583099365234375
crane,pig,-9.000152587890625,-0.000152587890625
crane,donkey,-8.812679290771484,-0.000179290771484375
crane,horse,-9.187627792358398,-0.0001277923583984375
crane,pony,-8.687700271606445,-0.0002002716064453125
crane,zebra,-9.2501220703125,-0.0001220703125
crane,rhino,-9.12513542175293,-0.0001354217529296875
crane,gorilla,-9.00014877319336,-0.000148773193359375
crane,monkey,-8.937662124633789,-0.0001621246337890625
crane,hedgehog,-9.062643051147461,-0.0001430511474609375
crane,rabbit,-9.125133514404297,-0.000133514404296875
crane,seal,-8.37527084350586,-0.000270843505859375
crane,walrus,-8.875173568725586,-0.0001735687255859375
crane,dolphin,-9.062644958496094,-0.00014495849609375
crane,whale,-9.062643051147461,-0.0001430511474609375
crane,elephant,-9.062641143798828,-0.000141143798828125
crane,kangaroo,-9.312612533569336,-0.0001125335693359375
crane,platypus,-9.187629699707031,-0.00012969970703125
crane,crocodile,-8.937660217285156,-0.00016021728515625
crane,alligator,-9.062643051147461,-0.0001430511474609375
crane,lizard,-9.000150680541992,-0.0001506805419921875
crane,iguana,-8.93765640258789,-0.000156402587890625
crane,rattlesnake,-8.500240325927734,-0.000240325927734375
crane,tortoise,-8.437746047973633,-0.0002460479736328125
crane,turtle,-8.687698364257812,-0.0001983642578125
crane,frog,-8.68769645690918,-0.0001964569091796875
crane,toad,-8.312776565551758,-0.0002765655517578125
crane,budgie,-8.125326156616211,-0.0003261566162109375
crane,parakeet,-8.687702178955078,-0.000202178955078125
crane,buzzard,-8.562725067138672,-0.000225067138671875
crane,falcon,-9.125133514404297,-0.000133514404296875
crane,hawk,-8.562723159790039,-0.0002231597900390625
crane,eagle,-8.875165939331055,-0.0001659393310546875
crane,owl,-9.062639236450195,-0.0001392364501953125
crane,canary,-8.687694549560547,-0.000194549560546875
crane,magpie,-8.375261306762695,-0.0002613067626953125
crane,raven,-8.06285285949707,-0.0003528594970703125
crane,nightingale,-8.500234603881836,-0.0002346038818359375
crane,robin,-8.687694549560547,-0.000194549560546875
crane,starling,-8.125333786010742,-0.0003337860107421875
crane,sparrow,-8.812675476074219,-0.00017547607421875
crane,wren,-8.875167846679688,-0.0001678466796875
crane,chicken,-7.063407897949219,-0.00090789794921875
crane,cockerel,-8.312780380249023,-0.0002803802490234375
crane,turkey,-7.188302993774414,-0.0008029937744140625
crane,dove,-7.937892913818359,-0.000392913818359375
crane,pigeon,-8.18780517578125,-0.00030517578125
crane,partridge,-8.187810897827148,-0.0003108978271484375
crane,peacock,-8.68769645690918,-0.0001964569091796875
crane,crane,-0.0019435882568359375,-6.689443588256836
crane,flamingo,-8.875164031982422,-0.000164031982421875
crane,heron,-0.6960563659667969,-0.6960563659667969
crane,duck,-8.437744140625,-0.000244140625
crane,goose,-7.438133239746094,-0.00063323974609375
crane,pelican,-9.000146865844727,-0.0001468658447265625
crane,penguin,-9.000146865844727,-0.0001468658447265625
crane,seagull,-8.187814712524414,-0.0003147125244140625
crane,swan,-8.625207901000977,-0.0002079010009765625
crane,hummingbird,-9.062641143798828,-0.000141143798828125
crane,kingfisher,-9.000150680541992,-0.0001506805419921875
crane,woodpecker,-8.875167846679688,-0.0001678466796875
crane,emu,-8.625211715698242,-0.0002117156982421875
crane,ostrich,-8.562721252441406,-0.00022125244140625
crane,carp,-8.12533187866211,-0.000331878662109375
crane,goldfish,-8.562721252441406,-0.00022125244140625
crane,minnow,-8.812685012817383,-0.0001850128173828125
crane,cod,-7.750467300415039,-0.0004673004150390625
crane,herring,-7.812944412231445,-0.0004444122314453125
crane,sardine,-8.687698364257812,-0.0001983642578125
crane,salmon,-8.375261306762695,-0.0002613067626953125
crane,trout,-7.937887191772461,-0.0003871917724609375
crane,eel,-8.750188827514648,-0.0001888275146484375
crane,flounder,-8.125333786010742,-0.0003337860107421875
crane,mackerel,-8.375265121459961,-0.0002651214599609375
crane,tuna,-8.562721252441406,-0.00022125244140625
crane,seahorse,-8.625215530395508,-0.0002155303955078125
crane,shark,-9.2501220703125,-0.0001220703125
crane,bee,-9.187625885009766,-0.000125885009765625
crane,hornet,-7.937908172607422,-0.000408172607421875
crane,wasp,-7.688022613525391,-0.000522613525390625
crane,ant,-8.562723159790039,-0.0002231597900390625
crane,beetle,-8.62520980834961,-0.000209808349609375
crane,ladybird,-7.5006103515625,-0.0006103515625
crane,butterfly,-9.062643051147461,-0.0001430511474609375
crane,moth,-7.25078010559082,-0.0007801055908203125
crane,cockroach,-8.750190734863281,-0.00019073486328125
crane,cricket,-7.625537872314453,-0.000537872314453125
crane,grasshopper,-8.812675476074219,-0.00017547607421875
crane,locust,-8.312780380249023,-0.0002803802490234375
crane,dragonfly,-8.437749862670898,-0.0002498626708984375
crane,flea,-9.187627792358398,-0.0001277923583984375
crane,housefly,-8.875167846679688,-0.0001678466796875
crane,mosquito,-8.625213623046875,-0.000213623046875
crane,stick_insect,-6.876096725463867,-0.0010967254638671875
crane,termite,-8.625207901000977,-0.0002079010009765625
crane,centipede,-9.000154495239258,-0.0001544952392578125
crane,millipede,-8.625213623046875,-0.000213623046875
crane,scorpion,-8.937664031982422,-0.000164031982421875
crane,spider,-8.81268310546875,-0.00018310546875
crane,tarantula,-8.187816619873047,-0.000316619873046875
crane,crab,-8.625211715698242,-0.0002117156982421875
crane,crayfish,-8.687702178955078,-0.000202178955078125
crane,lobster,-8.312780380249023,-0.0002803802490234375
crane,prawn,-7.125858306884766,-0.000858306884765625
crane,shrimp,-8.06285285949707,-0.0003528594970703125
crane,slug,-8.937658309936523,-0.0001583099365234375
crane,snail,-8.875167846679688,-0.0001678466796875
crane,clam,-8.437751770019531,-0.00025177001953125
crane,mussel,-8.562723159790039,-0.0002231597900390625
crane,scallop,-7.688011169433594,-0.00051116943359375
crane,oyster,-8.062854766845703,-0.000354766845703125
crane,squid,-8.93765640258789,-0.000156402587890625
crane,octopus,-9.187627792358398,-0.0001277923583984375
crane,worm,-9.062644958496094,-0.00014495849609375
crane,jellyfish,-9.062644958496094,-0.00014495849609375
flamingo,animal,-5.53131103515625e-05,-11.562555313110352
flamingo,vertebrate,-6.866455078125e-05,-10.875068664550781
flamingo,invertebrate,-9.812578201293945,-7.82012939453125e-05
flamingo,mammal,-10.06256103515625,-6.103515625e-05
flamingo,bird,-3.62396240234375e-05,-12.187536239624023
flamingo,reptile,-9.87507438659668,-7.43865966796875e-05
flamingo,amphibian,-10.125059127807617,-5.91278076171875e-05
flamingo,fish,-10.000062942504883,-6.29425048828125e-05
flamingo,arthropod,-10.062570571899414,-7.05718994140625e-05
flamingo,insect,-10.000066757202148,-6.67572021484375e-05
flamingo,bird of prey,-9.625085830688477,-8.58306884765625e-05
flamingo,aquatic bird,-0.035663604736328125,-3.410663604736328
flamingo,canine,-9.687583923339844,-8.392333984375e-05
flamingo,feline,-9.62508773803711,-8.7738037109375e-05
flamingo,primate,-9.875070571899414,-7.05718994140625e-05
flamingo,aquatic mammal,-9.375114440917969,-0.00011444091796875
flamingo,rodent,-9.812572479248047,-7.2479248046875e-05
flamingo,bat,-9.687585830688477,-8.58306884765625e-05
flamingo,bear,-9.81257438659668,-7.43865966796875e-05
flamingo,cat,-9.812578201293945,-7.82012939453125e-05
flamingo,cheetah,-9.937568664550781,-6.866455078125e-05
flamingo,leopard,-9.625091552734375,-9.1552734375e-05
flamingo,lion,-9.750080108642578,-8.0108642578125e-05
flamingo,panther,-9.625093460083008,-9.34600830078125e-05
flamingo,tiger,-9.625091552734375,-9.1552734375e-05
flamingo,dog,-9.937568664550781,-6.866455078125e-05
flamingo,fox,-9.750080108642578,-8.0108642578125e-05
flamingo,hyena,-9.750078201293945,-7.82012939453125e-05
flamingo,wolf,-9.625089645385742,-8.96453857421875e-05
flamingo,raccoon,-9.500101089477539,-0.0001010894775390625
flamingo,skunk,-9.500102996826172,-0.000102996826171875
flamingo,otter,-9.562593460083008,-9.34600830078125e-05
flamingo,beaver,-9.750078201293945,-7.82012939453125e-05
flamingo,chipmunk,-9.750080108642578,-8.0108642578125e-05
flamingo,squirrel,-9.750078201293945,-7.82012939453125e-05
flamingo,gerbil,-9.562593460083008,-9.34600830078125e-05
flamingo,guinea_pig,-9.625089645385742,-8.96453857421875e-05
flamingo,hamster,-9.687580108642578,-8.0108642578125e-05
flamingo,mouse,-9.562589645385742,-8.96453857421875e-05
flamingo,porcupine,-9.562597274780273,-9.72747802734375e-05
flamingo,rat,-9.625089645385742,-8.96453857421875e-05
flamingo,buffalo,-9.625089645385742,-8.96453857421875e-05
flamingo,cow,-9.625089645385742,-8.96453857421875e-05
flamingo,ox,-9.187629699707031,-0.00012969970703125
flamingo,goat,-9.625089645385742,-8.96453857421875e-05
flamingo,sheep,-9.750078201293945,-7.82012939453125e-05
flamingo,deer,-9.687585830688477,-8.58306884765625e-05
flamingo,moose,-9.625089645385742,-8.96453857421875e-05
flamingo,giraffe,-9.500102996826172,-0.000102996826171875
flamingo,camel,-9.375112533569336,-0.0001125335693359375
flamingo,hippo,-9.375110626220703,-0.000110626220703125
flamingo,llama,-9.437602996826172,-0.000102996826171875
flamingo,pig,-9.56259536743164,-9.5367431640625e-05
flamingo,donkey,-9.68758773803711,-8.7738037109375e-05
flamingo,horse,-9.750080108642578,-8.0108642578125e-05
flamingo,pony,-9.562591552734375,-9.1552734375e-05
flamingo,zebra,-9.750082015991211,-8.20159912109375e-05
flamingo,rhino,-9.750082015991211,-8.20159912109375e-05
flamingo,gorilla,-9.625089645385742,-8.96453857421875e-05
flamingo,monkey,-9.937572479248047,-7.2479248046875e-05
flamingo,hedgehog,-9.750082015991211,-8.20159912109375e-05
flamingo,rabbit,-9.750078201293945,-7.82012939453125e-05
flamingo,seal,-9.875070571899414,-7.05718994140625e-05
flamingo,walrus,-9.625091552734375,-9.1552734375e-05
flamingo,dolphin,-10.000064849853516,-6.4849853515625e-05
flamingo,whale,-10.000064849853516,-6.4849853515625e-05
flamingo,elephant,-9.750080108642578,-8.0108642578125e-05
flamingo,kangaroo,-9.750078201293945,-7.82012939453125e-05
flamingo,platypus,-9.687585830688477,-8.58306884765625e-05
flamingo,crocodile,-9.750078201293945,-7.82012939453125e-05
flamingo,alligator,-9.87507438659668,-7.43865966796875e-05
flamingo,lizard,-10.06256103515625,-6.103515625e-05
flamingo,iguana,-9.81257438659668,-7.43865966796875e-05
flamingo,rattlesnake,-9.750082015991211,-8.20159912109375e-05
flamingo,tortoise,-9.937570571899414,-7.05718994140625e-05
flamingo,turtle,-10.062562942504883,-6.29425048828125e-05
flamingo,frog,-10.000066757202148,-6.67572021484375e-05
flamingo,toad,-9.562593460083008,-9.34600830078125e-05
flamingo,budgie,-9.56258773803711,-8.7738037109375e-05
flamingo,parakeet,-9.937570571899414,-7.05718994140625e-05
flamingo,buzzard,-10.062562942504883,-6.29425048828125e-05
flamingo,falcon,-9.81257438659668,-7.43865966796875e-05
flamingo,hawk,-10.06256103515625,-6.103515625e-05
flamingo,eagle,-9.937566757202148,-6.67572021484375e-05
flamingo,owl,-9.875070571899414,-7.05718994140625e-05
flamingo,canary,-9.437601089477539,-0.0001010894775390625
flamingo,magpie,-9.625089645385742,-8.96453857421875e-05
flamingo,raven,-9.625085830688477,-8.58306884765625e-05
flamingo,nightingale,-9.437602996826172,-0.000102996826171875
flamingo,robin,-9.562591552734375,-9.1552734375e-05
flamingo,starling,-8.875173568725586,-0.0001735687255859375
flamingo,sparrow,-9.562591552734375,-9.1552734375e-05
flamingo,wren,-9.375106811523438,-0.0001068115234375
flamingo,chicken,-8.562719345092773,-0.0002193450927734375
flamingo,cockerel,-9.312618255615234,-0.000118255615234375
flamingo,turkey,-9.437601089477539,-0.0001010894775390625
flamingo,dove,-9.687582015991211,-8.20159912109375e-05
flamingo,pigeon,-9.812570571899414,-7.05718994140625e-05
flamingo,partridge,-9.562593460083008,-9.34600830078125e-05
flamingo,peacock,-9.687585830688477,-8.58306884765625e-05
flamingo,crane,-8.062850952148438,-0.0003509521484375
flamingo,flamingo,-0.000213623046875,-9.312713623046875
flamingo,heron,-1.2251224517822266,-0.35012245178222656
flamingo,duck,-10.06256103515625,-6.103515625e-05
flamingo,goose,-9.875068664550781,-6.866455078125e-05
flamingo,pelican,-9.62508773803711,-8.7738037109375e-05
flamingo,penguin,-9.875070571899414,-7.05718994140625e-05
flamingo,seagull,-9.875070571899414,-7.05718994140625e-05
flamingo,swan,-10.000062942504883,-6.29425048828125e-05
flamingo,hummingbird,-9.750078201293945,-7.82012939453125e-05
flamingo,kingfisher,-9.625089645385742,-8.96453857421875e-05
flamingo,woodpecker,-9.562589645385742,-8.96453857421875e-05
flamingo,emu,-9.500099182128906,-9.918212890625e-05
flamingo,ostrich,-9.562589645385742,-8.96453857421875e-05
flamingo,carp,-9.50009536743164,-9.5367431640625e-05
flamingo,goldfish,-9.562591552734375,-9.1552734375e-05
flamingo,minnow,-9.625091552734375,-9.1552734375e-05
flamingo,cod,-9.1876220703125,-0.0001220703125
flamingo,herring,-9.312614440917969,-0.00011444091796875
flamingo,sardine,-9.687582015991211,-8.20159912109375e-05
flamingo,salmon,-9.562591552734375,-9.1552734375e-05
flamingo,trout,-9.625085830688477,-8.58306884765625e-05
flamingo,eel,-9.81257438659668,-7.43865966796875e-05
flamingo,flounder,-9.312616348266602,-0.0001163482666015625
flamingo,mackerel,-9.312618255615234,-0.000118255615234375
flamingo,tuna,-9.500097274780273,-9.72747802734375e-05
flamingo,seahorse,-9.750080108642578,-8.0108642578125e-05
flamingo,shark,-9.812578201293945,-7.82012939453125e-05
flamingo,bee,-9.750080108642578,-8.0108642578125e-05
flamingo,hornet,-9.500101089477539,-0.0001010894775390625
flamingo,wasp,-9.875076293945312,-7.62939453125e-05
flamingo,ant,-9.187629699707031,-0.00012969970703125
flamingo,beetle,-9.937568664550781,-6.866455078125e-05
flamingo,ladybird,-9.312612533569336,-0.0001125335693359375
flamingo,butterfly,-9.875072479248047,-7.2479248046875e-05
flamingo,moth,-9.312618255615234,-0.000118255615234375
flamingo,cockroach,-9.375114440917969,-0.00011444091796875
flamingo,cricket,-9.500099182128906,-9.918212890625e-05
flamingo,grasshopper,-9.937568664550781,-6.866455078125e-05
flamingo,locust,-9.500101089477539,-0.0001010894775390625
flamingo,dragonfly,-9.750080108642578,-8.0108642578125e-05
flamingo,flea,-9.500099182128906,-9.918212890625e-05
flamingo,housefly,-9.500097274780273,-9.72747802734375e-05
flamingo,mosquito,-9.437606811523438,-0.0001068115234375
flamingo,stick_insect,-9.37510871887207,-0.0001087188720703125
flamingo,termite,-9.37510871887207,-0.0001087188720703125
flamingo,centipede,-9.687589645385742,-8.96453857421875e-05
flamingo,millipede,-9.437610626220703,-0.000110626220703125
flamingo,scorpion,-9.750083923339844,-8.392333984375e-05
flamingo,spider,-9.750083923339844,-8.392333984375e-05
flamingo,tarantula,-9.625093460083008,-9.34600830078125e-05
flamingo,crab,-9.750082015991211,-8.20159912109375e-05
flamingo,crayfish,-9.312620162963867,-0.0001201629638671875
flamingo,lobster,-9.187627792358398,-0.0001277923583984375
flamingo,prawn,-8.937658309936523,-0.0001583099365234375
flamingo,shrimp,-9.12513542175293,-0.0001354217529296875
flamingo,slug,-9.500099182128906,-9.918212890625e-05
flamingo,snail,-9.687583923339844,-8.392333984375e-05
flamingo,clam,-9.312620162963867,-0.0001201629638671875
flamingo,mussel,-9.250125885009766,-0.000125885009765625
flamingo,scallop,-9.312618255615234,-0.000118255615234375
flamingo,oyster,-8.750190734863281,-0.00019073486328125
flamingo,squid,-9.812572479248047,-7.2479248046875e-05
flamingo,octopus,-9.625091552734375,-9.1552734375e-05
flamingo,worm,-9.687583923339844,-8.392333984375e-05
flamingo,jellyfish,-10.000066757202148,-6.67572021484375e-05
heron,animal,-6.4849853515625e-05,-11.375064849853516
heron,vertebrate,-7.05718994140625e-05,-11.000070571899414
heron,invertebrate,-10.125064849853516,-6.4849853515625e-05
heron,mammal,-10.250053405761719,-5.340576171875e-05
heron,bird,-3.62396240234375e-05,-12.500036239624023
heron,reptile,-10.000066757202148,-6.67572021484375e-05
heron,amphibian,-10.375051498413086,-5.14984130859375e-05
heron,fish,-10.125059127807617,-5.91278076171875e-05
heron,arthropod,-10.375053405761719,-5.340576171875e-05
heron,insect,-10.250055313110352,-5.53131103515625e-05
heron,bird of prey,-0.08133316040039062,-2.5813331604003906
heron,aquatic bird,-1.508871078491211,-0.25887107849121094
heron,canine,-9.937570571899414,-7.05718994140625e-05
heron,feline,-10.000064849853516,-6.4849853515625e-05
heron,primate,-10.062564849853516,-6.4849853515625e-05
heron,aquatic mammal,-9.875080108642578,-8.0108642578125e-05
heron,rodent,-10.187555313110352,-5.53131103515625e-05
heron,bat,-10.000066757202148,-6.67572021484375e-05
heron,bear,-10.06256103515625,-6.103515625e-05
heron,cat,-10.062562942504883,-6.29425048828125e-05
heron,cheetah,-10.000068664550781,-6.866455078125e-05
heron,leopard,-9.625093460083008,-9.34600830078125e-05
heron,lion,-9.68758773803711,-8.7738037109375e-05
heron,panther,-9.750083923339844,-8.392333984375e-05
heron,tiger,-9.750082015991211,-8.20159912109375e-05
heron,dog,-10.000068664550781,-6.866455078125e-05
heron,fox,-10.000066757202148,-6.67572021484375e-05
heron,hyena,-10.062564849853516,-6.4849853515625e-05
heron,wolf,-10.000066757202148,-6.67572021484375e-05
heron,raccoon,-9.625091552734375,-9.1552734375e-05
heron,skunk,-9.750083923339844,-8.392333984375e-05
heron,otter,-9.812576293945312,-7.62939453125e-05
heron,beaver,-9.81257438659668,-7.43865966796875e-05
heron,chipmunk,-9.87507438659668,-7.43865966796875e-05
heron,squirrel,-10.062564849853516,-6.4849853515625e-05
heron,gerbil,-9.687585830688477,-8.58306884765625e-05
heron,guinea_pig,-9.687589645385742,-8.96453857421875e-05
heron,hamster,-9.750080108642578,-8.0108642578125e-05
heron,mouse,-10.000062942504883,-6.29425048828125e-05
heron,porcupine,-9.750083923339844,-8.392333984375e-05
heron,rat,-9.875076293945312,-7.62939453125e-05
heron,buffalo,-9.68758773803711,-8.7738037109375e-05
heron,cow,-9.87507438659668,-7.43865966796875e-05
heron,ox,-9.437606811523438,-0.0001068115234375
heron,goat,-9.875078201293945,-7.82012939453125e-05
heron,sheep,-10.000068664550781,-6.866455078125e-05
heron,deer,-10.000066757202148,-6.67572021484375e-05
heron,moose,-9.625091552734375,-9.1552734375e-05
heron,giraffe,-9.625091552734375,-9.1552734375e-05
heron,camel,-9.625091552734375,-9.1552734375e-05
heron,hippo,-9.500102996826172,-0.000102996826171875
heron,llama,-9.56259536743164,-9.5367431640625e-05
heron,pig,-9.812578201293945,-7.82012939453125e-05
heron,donkey,-9.750083923339844,-8.392333984375e-05
heron,horse,-9.750083923339844,-8.392333984375e-05
heron,pony,-9.68758773803711,-8.7738037109375e-05
heron,zebra,-9.750083923339844,-8.392333984375e-05
heron,rhino,-9.750082015991211,-8.20159912109375e-05
heron,gorilla,-9.625089645385742,-8.96453857421875e-05
heron,monkey,-10.12506103515625,-6.103515625e-05
heron,hedgehog,-10.000066757202148,-6.67572021484375e-05
heron,rabbit,-10.062562942504883,-6.29425048828125e-05
heron,seal,-10.062562942504883,-6.29425048828125e-05
heron,walrus,-9.56259536743164,-9.5367431640625e-05
heron,dolphin,-10.062562942504883,-6.29425048828125e-05
heron,whale,-10.12506103515625,-6.103515625e-05
heron,elephant,-9.750080108642578,-8.0108642578125e-05
heron,kangaroo,-10.000064849853516,-6.4849853515625e-05
heron,platypus,-9.750083923339844,-8.392333984375e-05
heron,crocodile,-10.000062942504883,-6.29425048828125e-05
heron,alligator,-9.875072479248047,-7.2479248046875e-05
heron,lizard,-10.250055313110352,-5.53131103515625e-05
heron,iguana,-10.000066757202148,-6.67572021484375e-05
heron,rattlesnake,-9.937572479248047,-7.2479248046875e-05
heron,tortoise,-10.000066757202148,-6.67572021484375e-05
heron,turtle,-10.000066757202148,-6.67572021484375e-05
heron,frog,-10.187555313110352,-5.53131103515625e-05
heron,toad,-9.937570571899414,-7.05718994140625e-05
heron,budgie,-9.62508773803711,-8.7738037109375e-05
heron,parakeet,-10.062564849853516,-6.4849853515625e-05
heron,buzzard,-9.62508773803711,-8.7738037109375e-05
heron,falcon,-9.812572479248047,-7.2479248046875e-05
heron,hawk,-9.375106811523438,-0.0001068115234375
heron,eagle,-9.750076293945312,-7.62939453125e-05
heron,owl,-10.250051498413086,-5.14984130859375e-05
heron,canary,-9.687582015991211,-8.20159912109375e-05
heron,magpie,-10.062559127807617,-5.91278076171875e-05
heron,raven,-10.000064849853516,-6.4849853515625e-05
heron,nightingale,-9.625085830688477,-8.58306884765625e-05
heron,robin,-9.875068664550781,-6.866455078125e-05
heron,starling,-9.875072479248047,-7.2479248046875e-05
heron,sparrow,-9.875070571899414,-7.05718994140625e-05
heron,wren,-9.875070571899414,-7.05718994140625e-05
heron,chicken,-9.312610626220703,-0.000110626220703125
heron,cockerel,-9.56259536743164,-9.5367431640625e-05
heron,turkey,-9.375104904174805,-0.0001049041748046875
heron,dove,-10.062559127807617,-5.91278076171875e-05
heron,pigeon,-10.125057220458984,-5.7220458984375e-05
heron,partridge,-9.875072479248047,-7.2479248046875e-05
heron,peacock,-9.687583923339844,-8.392333984375e-05
heron,crane,-3.410005569458008,-0.03500556945800781
heron,flamingo,-9.625083923339844,-8.392333984375e-05
heron,heron,-0.000202178955078125,-9.437702178955078
heron,duck,-10.125057220458984,-5.7220458984375e-05
heron,goose,-9.937566757202148,-6.67572021484375e-05
heron,pelican,-9.500097274780273,-9.72747802734375e-05
heron,penguin,-10.000064849853516,-6.4849853515625e-05
heron,seagull,-10.125057220458984,-5.7220458984375e-05
heron,swan,-9.875068664550781,-6.866455078125e-05
heron,hummingbird,-10.062559127807617,-5.91278076171875e-05
heron,kingfisher,-10.062559127807617,-5.91278076171875e-05
heron,woodpecker,-10.062559127807617,-5.91278076171875e-05
heron,emu,-9.750080108642578,-8.0108642578125e-05
heron,ostrich,-9.750076293945312,-7.62939453125e-05
heron,carp,-9.750080108642578,-8.0108642578125e-05
heron,goldfish,-9.687583923339844,-8.392333984375e-05
heron,minnow,-9.87507438659668,-7.43865966796875e-05
heron,cod,-9.437597274780273,-9.72747802734375e-05
heron,herring,-9.437604904174805,-0.0001049041748046875
heron,sardine,-9.750080108642578,-8.0108642578125e-05
heron,salmon,-9.562589645385742,-8.96453857421875e-05
heron,trout,-9.750078201293945,-7.82012939453125e-05
heron,eel,-10.000064849853516,-6.4849853515625e-05
heron,flounder,-9.62508773803711,-8.7738037109375e-05
heron,mackerel,-9.500099182128906,-9.918212890625e-05
heron,tuna,-9.62508773803711,-8.7738037109375e-05
heron,seahorse,-9.812576293945312,-7.62939453125e-05
heron,shark,-10.000068664550781,-6.866455078125e-05
heron,bee,-10.125059127807617,-5.91278076171875e-05
heron,hornet,-9.625093460083008,-9.34600830078125e-05
heron,wasp,-10.000070571899414,-7.05718994140625e-05
heron,ant,-9.625089645385742,-8.96453857421875e-05
heron,beetle,-10.187557220458984,-5.7220458984375e-05
heron,ladybird,-9.500101089477539,-0.0001010894775390625
heron,butterfly,-10.187557220458984,-5.7220458984375e-05
heron,moth,-9.625091552734375,-9.1552734375e-05
heron,cockroach,-9.750085830688477,-8.58306884765625e-05
heron,cricket,-9.937568664550781,-6.866455078125e-05
heron,grasshopper,-10.000066757202148,-6.67572021484375e-05
heron,locust,-9.812580108642578,-8.0108642578125e-05
heron,dragonfly,-10.125057220458984,-5.7220458984375e-05
heron,flea,-9.875072479248047,-7.2479248046875e-05
heron,housefly,-9.875072479248047,-7.2479248046875e-05
heron,mosquito,-9.375112533569336,-0.0001125335693359375
heron,stick_insect,-9.562591552734375,-9.1552734375e-05
heron,termite,-9.687583923339844,-8.392333984375e-05
heron,centipede,-9.937576293945312,-7.62939453125e-05
heron,millipede,-9.812582015991211,-8.20159912109375e-05
heron,scorpion,-10.000070571899414,-7.05718994140625e-05
heron,spider,-10.000068664550781,-6.866455078125e-05
heron,tarantula,-9.750085830688477,-8.58306884765625e-05
heron,crab,-10.000066757202148,-6.67572021484375e-05
heron,crayfish,-9.750082015991211,-8.20159912109375e-05
heron,lobster,-9.625089645385742,-8.96453857421875e-05
heron,prawn,-9.56259536743164,-9.5367431640625e-05
heron,shrimp,-9.687582015991211,-8.20159912109375e-05
heron,slug,-9.812580108642578,-8.0108642578125e-05
heron,snail,-10.06256103515625,-6.103515625e-05
heron,clam,-9.625091552734375,-9.1552734375e-05
heron,mussel,-9.375112533569336,-0.0001125335693359375
heron,scallop,-9.687585830688477,-8.58306884765625e-05
heron,oyster,-8.875171661376953,-0.000171661376953125
heron,squid,-10.06256103515625,-6.103515625e-05
heron,octopus,-9.812578201293945,-7.82012939453125e-05
heron,worm,-10.000066757202148,-6.67572021484375e-05
heron,jellyfish,-10.12506103515625,-6.103515625e-05
duck,animal,-4.1961669921875e-05,-11.812541961669922
duck,vertebrate,-5.53131103515625e-05,-10.937555313110352
duck,invertebrate,-10.187559127807617,-5.91278076171875e-05
duck,mammal,-10.312551498413086,-5.14984130859375e-05
duck,bird,-2.86102294921875e-05,-12.312528610229492
duck,reptile,-9.87507438659668,-7.43865966796875e-05
duck,amphibian,-10.187557220458984,-5.7220458984375e-05
duck,fish,-10.125055313110352,-5.53131103515625e-05
duck,arthropod,-10.375055313110352,-5.53131103515625e-05
duck,insect,-10.375051498413086,-5.14984130859375e-05
duck,bird of prey,-9.937568664550781,-6.866455078125e-05
duck,aquatic bird,-0.0002384185791015625,-9.062738418579102
duck,canine,-10.000066757202148,-6.67572021484375e-05
duck,feline,-10.06256103515625,-6.103515625e-05
duck,primate,-10.062562942504883,-6.29425048828125e-05
duck,aquatic mammal,-9.812578201293945,-7.82012939453125e-05
duck,rodent,-10.000066757202148,-6.67572021484375e-05
duck,bat,-10.000066757202148,-6.67572021484375e-05
duck,bear,-9.750078201293945,-7.82012939453125e-05
duck,cat,-10.125057220458984,-5.7220458984375e-05
duck,cheetah,-9.937570571899414,-7.05718994140625e-05
duck,leopard,-9.687585830688477,-8.58306884765625e-05
duck,lion,-9.750080108642578,-8.0108642578125e-05
duck,panther,-9.750082015991211,-8.20159912109375e-05
duck,tiger,-9.750078201293945,-7.82012939453125e-05
duck,dog,-10.187555313110352,-5.53131103515625e-05
duck,fox,-10.06256103515625,-6.103515625e-05
duck,hyena,-9.750083923339844,-8.392333984375e-05
duck,wolf,-9.875072479248047,-7.2479248046875e-05
duck,raccoon,-9.687585830688477,-8.58306884765625e-05
duck,skunk,-9.687585830688477,-8.58306884765625e-05
duck,otter,-9.750080108642578,-8.0108642578125e-05
duck,beaver,-9.687580108642578,-8.0108642578125e-05
duck,chipmunk,-9.875076293945312,-7.62939453125e-05
duck,squirrel,-10.000066757202148,-6.67572021484375e-05
duck,gerbil,-9.687585830688477,-8.58306884765625e-05
duck,guinea_pig,-9.750083923339844,-8.392333984375e-05
duck,hamster,-9.81257438659668,-7.43865966796875e-05
duck,mouse,-9.875068664550781,-6.866455078125e-05
duck,porcupine,-9.625091552734375,-9.1552734375e-05
duck,rat,-9.812576293945312,-7.62939453125e-05
duck,buffalo,-9.625089645385742,-8.96453857421875e-05
duck,cow,-10.06256103515625,-6.103515625e-05
duck,ox,-9.687583923339844,-8.392333984375e-05
duck,goat,-9.87507438659668,-7.43865966796875e-05
duck,sheep,-10.062562942504883,-6.29425048828125e-05
duck,deer,-10.000066757202148,-6.67572021484375e-05
duck,moose,-9.812576293945312,-7.62939453125e-05
duck,giraffe,-9.56259536743164,-9.5367431640625e-05
duck,camel,-9.750078201293945,-7.82012939453125e-05
duck,hippo,-9.562593460083008,-9.34600830078125e-05
duck,llama,-9.687583923339844,-8.392333984375e-05
duck,pig,-9.687583923339844,-8.392333984375e-05
duck,donkey,-9.875076293945312,-7.62939453125e-05
duck,horse,-10.000064849853516,-6.4849853515625e-05
duck,pony,-9.625089645385742,-8.96453857421875e-05
duck,zebra,-9.87507438659668,-7.43865966796875e-05
duck,rhino,-9.687585830688477,-8.58306884765625e-05
duck,gorilla,-9.62508773803711,-8.7738037109375e-05
duck,monkey,-10.062562942504883,-6.29425048828125e-05
duck,hedgehog,-9.875072479248047,-7.2479248046875e-05
duck,rabbit,-10.06256103515625,-6.103515625e-05
duck,seal,-9.812576293945312,-7.62939453125e-05
duck,walrus,-9.625089645385742,-8.96453857421875e-05
duck,dolphin,-9.875072479248047,-7.2479248046875e-05
duck,whale,-9.81257438659668,-7.43865966796875e-05
duck,elephant,-9.750076293945312,-7.62939453125e-05
duck,kangaroo,-9.750080108642578,-8.0108642578125e-05
duck,platypus,-9.812576293945312,-7.62939453125e-05
duck,crocodile,-9.750078201293945,-7.82012939453125e-05
duck,alligator,-9.81257438659668,-7.43865966796875e-05
duck,lizard,-10.125057220458984,-5.7220458984375e-05
duck,iguana,-9.875072479248047,-7.2479248046875e-05
duck,rattlesnake,-9.812576293945312,-7.62939453125e-05
duck,tortoise,-10.000064849853516,-6.4849853515625e-05
duck,turtle,-9.812576293945312,-7.62939453125e-05
duck,frog,-10.125057220458984,-5.7220458984375e-05
duck,toad,-9.812576293945312,-7.62939453125e-05
duck,budgie,-9.50009536743164,-9.5367431640625e-05
duck,parakeet,-9.93757438659668,-7.43865966796875e-05
duck,buzzard,-10.062562942504883,-6.29425048828125e-05
duck,falcon,-9.875072479248047,-7.2479248046875e-05
duck,hawk,-10.062562942504883,-6.29425048828125e-05
duck,eagle,-9.875070571899414,-7.05718994140625e-05
duck,owl,-10.06256103515625,-6.103515625e-05
duck,canary,-9.687580108642578,-8.0108642578125e-05
duck,magpie,-9.875072479248047,-7.2479248046875e-05
duck,raven,-9.750080108642578,-8.0108642578125e-05
duck,nightingale,-9.562591552734375,-9.1552734375e-05
duck,robin,-10.062559127807617,-5.91278076171875e-05
duck,starling,-9.750080108642578,-8.0108642578125e-05
duck,sparrow,-9.875072479248047,-7.2479248046875e-05
duck,wren,-9.81257438659668,-7.43865966796875e-05
duck,chicken,-9.00014877319336,-0.000148773193359375
duck,cockerel,-9.625091552734375,-9.1552734375e-05
duck,turkey,-9.687582015991211,-8.20159912109375e-05
duck,dove,-9.500097274780273,-9.72747802734375e-05
duck,pigeon,-9.437601089477539,-0.0001010894775390625
duck,partridge,-9.625085830688477,-8.58306884765625e-05
duck,peacock,-9.562593460083008,-9.34600830078125e-05
duck,crane,-9.312616348266602,-0.0001163482666015625
duck,flamingo,-9.687582015991211,-8.20159912109375e-05
duck,heron,-9.812576293945312,-7.62939453125e-05
duck,duck,-8.58306884765625e-05,-10.437585830688477
duck,goose,-8.687702178955078,-0.000202178955078125
duck,pelican,-9.687583923339844,-8.392333984375e-05
duck,penguin,-9.750078201293945,-7.82012939453125e-05
duck,seagull,-10.125057220458984,-5.7220458984375e-05
duck,swan,-9.375110626220703,-0.000110626220703125
duck,hummingbird,-9.875072479248047,-7.2479248046875e-05
duck,kingfisher,-9.875072479248047,-7.2479248046875e-05
duck,woodpecker,-9.62508773803711,-8.7738037109375e-05
duck,emu,-9.625089645385742,-8.96453857421875e-05
duck,ostrich,-9.562591552734375,-9.1552734375e-05
duck,carp,-9.687583923339844,-8.392333984375e-05
duck,goldfish,-9.625089645385742,-8.96453857421875e-05
duck,minnow,-9.687585830688477,-8.58306884765625e-05
duck,cod,-9.562589645385742,-8.96453857421875e-05
duck,herring,-9.500099182128906,-9.918212890625e-05
duck,sardine,-9.750080108642578,-8.0108642578125e-05
duck,salmon,-9.687582015991211,-8.20159912109375e-05
duck,trout,-9.750080108642578,-8.0108642578125e-05
duck,eel,-10.062562942504883,-6.29425048828125e-05
duck,flounder,-9.562593460083008,-9.34600830078125e-05
duck,mackerel,-9.437604904174805,-0.0001049041748046875
duck,tuna,-9.625085830688477,-8.58306884765625e-05
duck,seahorse,-9.687585830688477,-8.58306884765625e-05
duck,shark,-9.750080108642578,-8.0108642578125e-05
duck,bee,-10.000064849853516,-6.4849853515625e-05
duck,hornet,-9.812578201293945,-7.82012939453125e-05
duck,wasp,-9.68758773803711,-8.7738037109375e-05
duck,ant,-9.625089645385742,-8.96453857421875e-05
duck,beetle,-10.125059127807617,-5.91278076171875e-05
duck,ladybird,-9.375110626220703,-0.000110626220703125
duck,butterfly,-9.937570571899414,-7.05718994140625e-05
duck,moth,-9.625089645385742,-8.96453857421875e-05
duck,cockroach,-9.56259536743164,-9.5367431640625e-05
duck,cricket,-9.937568664550781,-6.866455078125e-05
duck,grasshopper,-10.125059127807617,-5.91278076171875e-05
duck,locust,-9.750082015991211,-8.20159912109375e-05
duck,dragonfly,-9.937570571899414,-7.05718994140625e-05
duck,flea,-9.687585830688477,-8.58306884765625e-05
duck,housefly,-9.750082015991211,-8.20159912109375e-05
duck,mosquito,-9.56259536743164,-9.5367431640625e-05
duck,stick_insect,-9.437604904174805,-0.0001049041748046875
duck,termite,-9.500102996826172,-0.000102996826171875
duck,centipede,-9.812580108642578,-8.0108642578125e-05
duck,millipede,-9.562597274780273,-9.72747802734375e-05
duck,scorpion,-9.750082015991211,-8.20159912109375e-05
duck,spider,-10.062564849853516,-6.4849853515625e-05
duck,tarantula,-9.68758773803711,-8.7738037109375e-05
duck,crab,-9.87507438659668,-7.43865966796875e-05
duck,crayfish,-9.68758773803711,-8.7738037109375e-05
duck,lobster,-9.687582015991211,-8.20159912109375e-05
duck,prawn,-9.62508773803711,-8.7738037109375e-05
duck,shrimp,-9.750082015991211,-8.20159912109375e-05
duck,slug,-9.687585830688477,-8.58306884765625e-05
duck,snail,-9.750080108642578,-8.0108642578125e-05
duck,clam,-9.625089645385742,-8.96453857421875e-05
duck,mussel,-9.625089645385742,-8.96453857421875e-05
duck,scallop,-9.500101089477539,-0.0001010894775390625
duck,oyster,-9.2501220703125,-0.0001220703125
duck,squid,-10.000064849853516,-6.4849853515625e-05
duck,octopus,-9.750082015991211,-8.20159912109375e-05
duck,worm,-10.125059127807617,-5.91278076171875e-05
duck,jellyfish,-9.87507438659668,-7.43865966796875e-05
goose,animal,-4.38690185546875e-05,-11.562543869018555
goose,vertebrate,-5.91278076171875e-05,-10.812559127807617
goose,invertebrate,-10.125057220458984,-5.7220458984375e-05
goose,mammal,-10.125055313110352,-5.53131103515625e-05
goose,bird,-3.0517578125e-05,-12.125030517578125
goose,reptile,-10.000062942504883,-6.29425048828125e-05
goose,amphibian,-10.187555313110352,-5.53131103515625e-05
goose,fish,-10.062559127807617,-5.91278076171875e-05
goose,arthropod,-10.375053405761719,-5.340576171875e-05
goose,insect,-10.125057220458984,-5.7220458984375e-05
goose,bird of prey,-9.687578201293945,-7.82012939453125e-05
goose,aquatic bird,-0.0017452239990234375,-6.689245223999023
goose,canine,-10.06256103515625,-6.103515625e-05
goose,feline,-9.750076293945312,-7.62939453125e-05
goose,primate,-10.06256103515625,-6.103515625e-05
goose,aquatic mammal,-9.62508773803711,-8.7738037109375e-05
goose,rodent,-9.750076293945312,-7.62939453125e-05
goose,bat,-9.875072479248047,-7.2479248046875e-05
goose,bear,-9.750076293945312,-7.62939453125e-05
goose,cat,-9.937564849853516,-6.4849853515625e-05
goose,cheetah,-10.000064849853516,-6.4849853515625e-05
goose,leopard,-9.625089645385742,-8.96453857421875e-05
goose,lion,-9.750076293945312,-7.62939453125e-05
goose,panther,-9.750080108642578,-8.0108642578125e-05
goose,tiger,-9.750078201293945,-7.82012939453125e-05
goose,dog,-10.000062942504883,-6.29425048828125e-05
goose,fox,-10.06256103515625,-6.103515625e-05
goose,hyena,-9.687585830688477,-8.58306884765625e-05
goose,wolf,-10.000064849853516,-6.4849853515625e-05
goose,raccoon,-9.562593460083008,-9.34600830078125e-05
goose,skunk,-9.625085830688477,-8.58306884765625e-05
goose,otter,-9.625085830688477,-8.58306884765625e-05
goose,beaver,-9.687580108642578,-8.0108642578125e-05
goose,chipmunk,-9.750080108642578,-8.0108642578125e-05
goose,squirrel,-9.81257438659668,-7.43865966796875e-05
goose,gerbil,-9.562591552734375,-9.1552734375e-05
goose,guinea_pig,-9.500097274780273,-9.72747802734375e-05
goose,hamster,-9.750076293945312,-7.62939453125e-05
goose,mouse,-9.75007438659668,-7.43865966796875e-05
goose,porcupine,-9.562593460083008,-9.34600830078125e-05
goose,rat,-9.687582015991211,-8.20159912109375e-05
goose,buffalo,-9.312614440917969,-0.00011444091796875
goose,cow,-9.687582015991211,-8.20159912109375e-05
goose,ox,-9.312614440917969,-0.00011444091796875
goose,goat,-9.750078201293945,-7.82012939453125e-05
goose,sheep,-9.875068664550781,-6.866455078125e-05
goose,deer,-9.875070571899414,-7.05718994140625e-05
goose,moose,-9.750080108642578,-8.0108642578125e-05
goose,giraffe,-9.50009536743164,-9.5367431640625e-05
goose,camel,-9.500097274780273,-9.72747802734375e-05
goose,hippo,-9.437602996826172,-0.000102996826171875
goose,llama,-9.437599182128906,-9.918212890625e-05
goose,pig,-9.687583923339844,-8.392333984375e-05
goose,donkey,-9.750080108642578,-8.0108642578125e-05
goose,horse,-9.875072479248047,-7.2479248046875e-05
goose,pony,-9.625085830688477,-8.58306884765625e-05
goose,zebra,-9.750080108642578,-8.0108642578125e-05
goose,rhino,-9.62508773803711,-8.7738037109375e-05
goose,gorilla,-9.500097274780273,-9.72747802734375e-05
goose,monkey,-9.937568664550781,-6.866455078125e-05
goose,hedgehog,-9.687583923339844,-8.392333984375e-05
goose,rabbit,-9.875070571899414,-7.05718994140625e-05
goose,seal,-9.750076293945312,-7.62939453125e-05
goose,walrus,-9.500097274780273,-9.72747802734375e-05
goose,dolphin,-9.750078201293945,-7.82012939453125e-05
goose,whale,-9.750076293945312,-7.62939453125e-05
goose,elephant,-9.750076293945312,-7.62939453125e-05
goose,kangaroo,-9.750076293945312,-7.62939453125e-05
goose,platypus,-9.62508773803711,-8.7738037109375e-05
goose,crocodile,-9.750076293945312,-7.62939453125e-05
goose,alligator,-9.81257438659668,-7.43865966796875e-05
goose,lizard,-10.125057220458984,-5.7220458984375e-05
goose,iguana,-9.750078201293945,-7.82012939453125e-05
goose,rattlesnake,-9.750080108642578,-8.0108642578125e-05
goose,tortoise,-9.875070571899414,-7.05718994140625e-05
goose,turtle,-9.875070571899414,-7.05718994140625e-05
goose,frog,-10.125055313110352,-5.53131103515625e-05
goose,toad,-9.687583923339844,-8.392333984375e-05
goose,budgie,-9.312610626220703,-0.000110626220703125
goose,parakeet,-9.937570571899414,-7.05718994140625e-05
goose,buzzard,-9.81257438659668,-7.43865966796875e-05
goose,falcon,-10.062559127807617,-5.91278076171875e-05
goose,hawk,-10.125057220458984,-5.7220458984375e-05
goose,eagle,-10.062557220458984,-5.7220458984375e-05
goose,owl,-10.00006103515625,-6.103515625e-05
goose,canary,-9.687580108642578,-8.0108642578125e-05
goose,magpie,-9.875070571899414,-7.05718994140625e-05
goose,raven,-9.812572479248047,-7.2479248046875e-05
goose,nightingale,-9.562589645385742,-8.96453857421875e-05
goose,robin,-9.812570571899414,-7.05718994140625e-05
goose,starling,-9.625085830688477,-8.58306884765625e-05
goose,sparrow,-9.750076293945312,-7.62939453125e-05
goose,wren,-9.687580108642578,-8.0108642578125e-05
goose,chicken,-9.000143051147461,-0.0001430511474609375
goose,cockerel,-9.500099182128906,-9.918212890625e-05
goose,turkey,-9.31260871887207,-0.0001087188720703125
goose,dove,-9.625082015991211,-8.20159912109375e-05
goose,pigeon,-9.375102996826172,-0.000102996826171875
goose,partridge,-9.625083923339844,-8.392333984375e-05
goose,peacock,-9.50009536743164,-9.5367431640625e-05
goose,crane,-7.625537872314453,-0.000537872314453125
goose,flamingo,-9.625083923339844,-8.392333984375e-05
goose,heron,-9.312612533569336,-0.0001125335693359375
goose,duck,-6.252033233642578,-0.002033233642578125
goose,goose,-0.0001506805419921875,-9.562650680541992
goose,pelican,-9.687580108642578,-8.0108642578125e-05
goose,penguin,-9.625083923339844,-8.392333984375e-05
goose,seagull,-9.875066757202148,-6.67572021484375e-05
goose,swan,-9.187627792358398,-0.0001277923583984375
goose,hummingbird,-9.750078201293945,-7.82012939453125e-05
goose,kingfisher,-9.750076293945312,-7.62939453125e-05
goose,woodpecker,-9.625085830688477,-8.58306884765625e-05
goose,emu,-9.62508773803711,-8.7738037109375e-05
goose,ostrich,-9.562589645385742,-8.96453857421875e-05
goose,carp,-9.562591552734375,-9.1552734375e-05
goose,goldfish,-9.500097274780273,-9.72747802734375e-05
goose,minnow,-9.687583923339844,-8.392333984375e-05
goose,cod,-9.1876220703125,-0.0001220703125
goose,herring,-9.437601089477539,-0.0001010894775390625
goose,sardine,-9.687582015991211,-8.20159912109375e-05
goose,salmon,-9.687580108642578,-8.0108642578125e-05
goose,trout,-9.500093460083008,-9.34600830078125e-05
goose,eel,-9.81257438659668,-7.43865966796875e-05
goose,flounder,-9.562589645385742,-8.96453857421875e-05
goose,mackerel,-9.437602996826172,-0.000102996826171875
goose,tuna,-9.562589645385742,-8.96453857421875e-05
goose,seahorse,-9.687583923339844,-8.392333984375e-05
goose,shark,-9.750078201293945,-7.82012939453125e-05
goose,bee,-9.875070571899414,-7.05718994140625e-05
goose,hornet,-9.625091552734375,-9.1552734375e-05
goose,wasp,-9.687585830688477,-8.58306884765625e-05
goose,ant,-9.562591552734375,-9.1552734375e-05
goose,beetle,-10.062559127807617,-5.91278076171875e-05
goose,ladybird,-9.375106811523438,-0.0001068115234375
goose,butterfly,-9.875072479248047,-7.2479248046875e-05
goose,moth,-9.437602996826172,-0.000102996826171875
goose,cockroach,-9.56259536743164,-9.5367431640625e-05
goose,cricket,-9.687583923339844,-8.392333984375e-05
goose,grasshopper,-10.062559127807617,-5.91278076171875e-05
goose,locust,-9.500099182128906,-9.918212890625e-05
goose,dragonfly,-9.750078201293945,-7.82012939453125e-05
goose,flea,-9.62508773803711,-8.7738037109375e-05
goose,housefly,-9.750080108642578,-8.0108642578125e-05
goose,mosquito,-9.62508773803711,-8.7738037109375e-05
goose,stick_insect,-9.437599182128906,-9.918212890625e-05
goose,termite,-9.625085830688477,-8.58306884765625e-05
goose,centipede,-9.68758773803711,-8.7738037109375e-05
goose,millipede,-9.437604904174805,-0.0001049041748046875
goose,scorpion,-9.875072479248047,-7.2479248046875e-05
goose,spider,-9.87507438659668,-7.43865966796875e-05
goose,tarantula,-9.625089645385742,-8.96453857421875e-05
goose,crab,-9.62508773803711,-8.7738037109375e-05
goose,crayfish,-9.625089645385742,-8.96453857421875e-05
goose,lobster,-9.562589645385742,-8.96453857421875e-05
goose,prawn,-9.50009536743164,-9.5367431640625e-05
goose,shrimp,-9.687582015991211,-8.20159912109375e-05
goose,slug,-9.625085830688477,-8.58306884765625e-05
goose,snail,-9.687582015991211,-8.20159912109375e-05
goose,clam,-9.37510871887207,-0.0001087188720703125
goose,mussel,-9.312616348266602,-0.0001163482666015625
goose,scallop,-9.437602996826172,-0.000102996826171875
goose,oyster,-9.250120162963867,-0.0001201629638671875
goose,squid,-9.750076293945312,-7.62939453125e-05
goose,octopus,-9.625089645385742,-8.96453857421875e-05
goose,worm,-10.06256103515625,-6.103515625e-05
goose,jellyfish,-9.87507438659668,-7.43865966796875e-05
pelican,animal,-6.866455078125e-05,-11.312568664550781
pelican,vertebrate,-7.2479248046875e-05,-10.687572479248047
pelican,invertebrate,-9.812578201293945,-7.82012939453125e-05
pelican,mammal,-9.750076293945312,-7.62939453125e-05
pelican,bird,-3.62396240234375e-05,-12.187536239624023
pelican,reptile,-9.875072479248047,-7.2479248046875e-05
pelican,amphibian,-10.062562942504883,-6.29425048828125e-05
pelican,fish,-9.812572479248047,-7.2479248046875e-05
pelican,arthropod,-10.062568664550781,-6.866455078125e-05
pelican,insect,-10.062564849853516,-6.4849853515625e-05
pelican,bird of prey,-5.379953384399414,-0.0049533843994140625
pelican,aquatic bird,-0.0007915496826171875,-7.500791549682617
pelican,canine,-9.750082015991211,-8.20159912109375e-05
pelican,feline,-9.687583923339844,-8.392333984375e-05
pelican,primate,-9.812578201293945,-7.82012939453125e-05
pelican,aquatic mammal,-9.562593460083008,-9.34600830078125e-05
pelican,rodent,-9.750080108642578,-8.0108642578125e-05
pelican,bat,-9.750080108642578,-8.0108642578125e-05
pelican,bear,-9.62508773803711,-8.7738037109375e-05
pelican,cat,-9.750080108642578,-8.0108642578125e-05
pelican,cheetah,-9.750082015991211,-8.20159912109375e-05
pelican,leopard,-9.43760871887207,-0.0001087188720703125
pelican,lion,-9.437606811523438,-0.0001068115234375
pelican,panther,-9.500101089477539,-0.0001010894775390625
pelican,tiger,-9.625091552734375,-9.1552734375e-05
pelican,dog,-9.750080108642578,-8.0108642578125e-05
pelican,fox,-9.812576293945312,-7.62939453125e-05
pelican,hyena,-9.750080108642578,-8.0108642578125e-05
pelican,wolf,-9.750080108642578,-8.0108642578125e-05
pelican,raccoon,-9.437604904174805,-0.0001049041748046875
pelican,skunk,-9.500099182128906,-9.918212890625e-05
pelican,otter,-9.625085830688477,-8.58306884765625e-05
pelican,beaver,-9.500097274780273,-9.72747802734375e-05
pelican,chipmunk,-9.62508773803711,-8.7738037109375e-05
pelican,squirrel,-9.625089645385742,-8.96453857421875e-05
pelican,gerbil,-9.437602996826172,-0.000102996826171875
pelican,guinea_pig,-9.437604904174805,-0.0001049041748046875
pelican,hamster,-9.562589645385742,-8.96453857421875e-05
pelican,mouse,-9.625085830688477,-8.58306884765625e-05
pelican,porcupine,-9.437606811523438,-0.0001068115234375
pelican,rat,-9.625089645385742,-8.96453857421875e-05
pelican,buffalo,-9.500101089477539,-0.0001010894775390625
pelican,cow,-9.687585830688477,-8.58306884765625e-05
pelican,ox,-9.375110626220703,-0.000110626220703125
pelican,goat,-9.625089645385742,-8.96453857421875e-05
pelican,sheep,-9.687585830688477,-8.58306884765625e-05
pelican,deer,-9.625091552734375,-9.1552734375e-05
pelican,moose,-9.625089645385742,-8.96453857421875e-05
pelican,giraffe,-9.437604904174805,-0.0001049041748046875
pelican,camel,-9.437602996826172,-0.000102996826171875
pelican,hippo,-9.312616348266602,-0.0001163482666015625
pelican,llama,-9.562591552734375,-9.1552734375e-05
pelican,pig,-9.500102996826172,-0.000102996826171875
pelican,donkey,-9.500101089477539,-0.0001010894775390625
pelican,horse,-9.625091552734375,-9.1552734375e-05
pelican,pony,-9.437606811523438,-0.0001068115234375
pelican,zebra,-9.625093460083008,-9.34600830078125e-05
pelican,rhino,-9.500101089477539,-0.0001010894775390625
pelican,gorilla,-9.500099182128906,-9.918212890625e-05
pelican,monkey,-9.750080108642578,-8.0108642578125e-05
pelican,hedgehog,-9.687585830688477,-8.58306884765625e-05
pelican,rabbit,-9.750080108642578,-8.0108642578125e-05
pelican,seal,-9.750078201293945,-7.82012939453125e-05
pelican,walrus,-9.437604904174805,-0.0001049041748046875
pelican,dolphin,-9.875070571899414,-7.05718994140625e-05
pelican,whale,-9.750078201293945,-7.82012939453125e-05
pelican,elephant,-9.500099182128906,-9.918212890625e-05
pelican,kangaroo,-9.562593460083008,-9.34600830078125e-05
pelican,platypus,-9.562593460083008,-9.34600830078125e-05
pelican,crocodile,-9.625085830688477,-8.58306884765625e-05
pelican,alligator,-9.687582015991211,-8.20159912109375e-05
pelican,lizard,-10.000064849853516,-6.4849853515625e-05
pelican,iguana,-9.62508773803711,-8.7738037109375e-05
pelican,rattlesnake,-9.68758773803711,-8.7738037109375e-05
pelican,tortoise,-9.750078201293945,-7.82012939453125e-05
pelican,turtle,-9.750080108642578,-8.0108642578125e-05
pelican,frog,-9.875072479248047,-7.2479248046875e-05
pelican,toad,-9.62508773803711,-8.7738037109375e-05
pelican,budgie,-9.312612533569336,-0.0001125335693359375
pelican,parakeet,-9.812576293945312,-7.62939453125e-05
pelican,buzzard,-9.437602996826172,-0.000102996826171875
pelican,falcon,-9.750078201293945,-7.82012939453125e-05
pelican,hawk,-9.81257438659668,-7.43865966796875e-05
pelican,eagle,-9.625083923339844,-8.392333984375e-05
pelican,owl,-9.875068664550781,-6.866455078125e-05
pelican,canary,-9.500093460083008,-9.34600830078125e-05
pelican,magpie,-9.687583923339844,-8.392333984375e-05
pelican,raven,-9.750078201293945,-7.82012939453125e-05
pelican,nightingale,-9.375106811523438,-0.0001068115234375
pelican,robin,-9.562589645385742,-8.96453857421875e-05
pelican,starling,-9.562593460083008,-9.34600830078125e-05
pelican,sparrow,-9.625085830688477,-8.58306884765625e-05
pelican,wren,-9.562591552734375,-9.1552734375e-05
pelican,chicken,-9.375104904174805,-0.0001049041748046875
pelican,cockerel,-9.312618255615234,-0.000118255615234375
pelican,turkey,-9.312612533569336,-0.0001125335693359375
pelican,dove,-9.562589645385742,-8.96453857421875e-05
pelican,pigeon,-9.687580108642578,-8.0108642578125e-05
pelican,partridge,-9.562593460083008,-9.34600830078125e-05
pelican,peacock,-9.562593460083008,-9.34600830078125e-05
pelican,crane,-9.375104904174805,-0.0001049041748046875
pelican,flamingo,-9.625083923339844,-8.392333984375e-05
pelican,heron,-6.751243591308594,-0.00124359130859375
pelican,duck,-9.500093460083008,-9.34600830078125e-05
pelican,goose,-9.75007438659668,-7.43865966796875e-05
pelican,pelican,-0.0001735687255859375,-9.562673568725586
pelican,penguin,-9.687580108642578,-8.0108642578125e-05
pelican,seagull,-9.375101089477539,-0.0001010894775390625
pelican,swan,-9.687580108642578,-8.0108642578125e-05
pelican,hummingbird,-9.750076293945312,-7.62939453125e-05
pelican,kingfisher,-9.500093460083008,-9.34600830078125e-05
pelican,woodpecker,-9.625083923339844,-8.392333984375e-05
pelican,emu,-9.437601089477539,-0.0001010894775390625
pelican,ostrich,-9.50009536743164,-9.5367431640625e-05
pelican,carp,-9.437602996826172,-0.000102996826171875
pelican,goldfish,-9.437601089477539,-0.0001010894775390625
pelican,minnow,-9.56259536743164,-9.5367431640625e-05
pelican,cod,-9.250114440917969,-0.00011444091796875
pelican,herring,-9.250118255615234,-0.000118255615234375
pelican,sardine,-9.50009536743164,-9.5367431640625e-05
pelican,salmon,-9.50009536743164,-9.5367431640625e-05
pelican,trout,-9.562589645385742,-8.96453857421875e-05
pelican,eel,-9.750080108642578,-8.0108642578125e-05
pelican,flounder,-9.437601089477539,-0.0001010894775390625
pelican,mackerel,-9.37510871887207,-0.0001087188720703125
pelican,tuna,-9.437601089477539,-0.0001010894775390625
pelican,seahorse,-9.687582015991211,-8.20159912109375e-05
pelican,shark,-9.750080108642578,-8.0108642578125e-05
pelican,bee,-9.687583923339844,-8.392333984375e-05
pelican,hornet,-9.56259536743164,-9.5367431640625e-05
pelican,wasp,-9.68758773803711,-8.7738037109375e-05
pelican,ant,-9.500099182128906,-9.918212890625e-05
pelican,beetle,-9.81257438659668,-7.43865966796875e-05
pelican,ladybird,-9.312612533569336,-0.0001125335693359375
pelican,butterfly,-9.750080108642578,-8.0108642578125e-05
pelican,moth,-9.375110626220703,-0.000110626220703125
pelican,cockroach,-9.500101089477539,-0.0001010894775390625
pelican,cricket,-9.562593460083008,-9.34600830078125e-05
pelican,grasshopper,-9.812572479248047,-7.2479248046875e-05
pelican,locust,-9.56259536743164,-9.5367431640625e-05
pelican,dragonfly,-9.750078201293945,-7.82012939453125e-05
pelican,flea,-9.62508773803711,-8.7738037109375e-05
pelican,housefly,-9.562591552734375,-9.1552734375e-05
pelican,mosquito,-9.437604904174805,-0.0001049041748046875
pelican,stick_insect,-9.375106811523438,-0.0001068115234375
pelican,termite,-9.500097274780273,-9.72747802734375e-05
pelican,centipede,-9.68758773803711,-8.7738037109375e-05
pelican,millipede,-9.43760871887207,-0.0001087188720703125
pelican,scorpion,-9.750082015991211,-8.20159912109375e-05
pelican,spider,-9.750082015991211,-8.20159912109375e-05
pelican,tarantula,-9.437606811523438,-0.0001068115234375
pelican,crab,-9.625089645385742,-8.96453857421875e-05
pelican,crayfish,-9.437604904174805,-0.0001049041748046875
pelican,lobster,-9.437602996826172,-0.000102996826171875
pelican,prawn,-9.375104904174805,-0.0001049041748046875
pelican,shrimp,-9.437602996826172,-0.000102996826171875
pelican,slug,-9.687582015991211,-8.20159912109375e-05
pelican,snail,-9.750078201293945,-7.82012939453125e-05
pelican,clam,-9.2501220703125,-0.0001220703125
pelican,mussel,-9.12513542175293,-0.0001354217529296875
pelican,scallop,-9.437604904174805,-0.0001049041748046875
pelican,oyster,-8.62520980834961,-0.000209808349609375
pelican,squid,-9.750078201293945,-7.82012939453125e-05
pelican,octopus,-9.687585830688477,-8.58306884765625e-05
pelican,worm,-9.750078201293945,-7.82012939453125e-05
pelican,jellyfish,-9.875072479248047,-7.2479248046875e-05
penguin,animal,-5.7220458984375e-05,-11.562557220458984
penguin,vertebrate,-6.4849853515625e-05,-10.750064849853516
penguin,invertebrate,-9.750083923339844,-8.392333984375e-05
penguin,mammal,-9.375106811523438,-0.0001068115234375
penguin,bird,-4.00543212890625e-05,-11.937540054321289
penguin,reptile,-10.062562942504883,-6.29425048828125e-05
penguin,amphibian,-10.125059127807617,-5.91278076171875e-05
penguin,fish,-10.187551498413086,-5.14984130859375e-05
penguin,arthropod,-10.125066757202148,-6.67572021484375e-05
penguin,insect,-10.125062942504883,-6.29425048828125e-05
penguin,bird of prey,-9.750076293945312,-7.62939453125e-05
penguin,aquatic bird,-0.0003414154052734375,-8.375341415405273
penguin,canine,-9.750078201293945,-7.82012939453125e-05
penguin,feline,-9.750076293945312,-7.62939453125e-05
penguin,primate,-9.812576293945312,-7.62939453125e-05
penguin,aquatic mammal,-8.687707901000977,-0.0002079010009765625
penguin,rodent,-9.875068664550781,-6.866455078125e-05
penguin,bat,-9.750080108642578,-8.0108642578125e-05
penguin,bear,-9.750078201293945,-7.82012939453125e-05
penguin,cat,-9.812572479248047,-7.2479248046875e-05
penguin,cheetah,-9.750082015991211,-8.20159912109375e-05
penguin,leopard,-9.125141143798828,-0.000141143798828125
penguin,lion,-9.562593460083008,-9.34600830078125e-05
penguin,panther,-9.437606811523438,-0.0001068115234375
penguin,tiger,-9.56259536743164,-9.5367431640625e-05
penguin,dog,-9.81257438659668,-7.43865966796875e-05
penguin,fox,-9.875072479248047,-7.2479248046875e-05
penguin,hyena,-9.500101089477539,-0.0001010894775390625
penguin,wolf,-9.687583923339844,-8.392333984375e-05
penguin,raccoon,-9.437606811523438,-0.0001068115234375
penguin,skunk,-9.250123977661133,-0.0001239776611328125
penguin,otter,-9.625085830688477,-8.58306884765625e-05
penguin,beaver,-9.500097274780273,-9.72747802734375e-05
penguin,chipmunk,-9.437604904174805,-0.0001049041748046875
penguin,squirrel,-9.562593460083008,-9.34600830078125e-05
penguin,gerbil,-9.437602996826172,-0.000102996826171875
penguin,guinea_pig,-9.437606811523438,-0.0001068115234375
penguin,hamster,-9.50009536743164,-9.5367431640625e-05
penguin,mouse,-9.56258773803711,-8.7738037109375e-05
penguin,porcupine,-9.437606811523438,-0.0001068115234375
penguin,rat,-9.437601089477539,-0.0001010894775390625
penguin,buffalo,-9.500101089477539,-0.0001010894775390625
penguin,cow,-9.62508773803711,-8.7738037109375e-05
penguin,ox,-9.375110626220703,-0.000110626220703125
penguin,goat,-9.500099182128906,-9.918212890625e-05
penguin,sheep,-9.687583923339844,-8.392333984375e-05
penguin,deer,-9.625089645385742,-8.96453857421875e-05
penguin,moose,-9.562593460083008,-9.34600830078125e-05
penguin,giraffe,-9.437604904174805,-0.0001049041748046875
penguin,camel,-9.437602996826172,-0.000102996826171875
penguin,hippo,-9.375112533569336,-0.0001125335693359375
penguin,llama,-9.437602996826172,-0.000102996826171875
penguin,pig,-9.375112533569336,-0.0001125335693359375
penguin,donkey,-9.625089645385742,-8.96453857421875e-05
penguin,horse,-9.750080108642578,-8.0108642578125e-05
penguin,pony,-9.375110626220703,-0.000110626220703125
penguin,zebra,-9.625091552734375,-9.1552734375e-05
penguin,rhino,-9.625089645385742,-8.96453857421875e-05
penguin,gorilla,-9.437602996826172,-0.000102996826171875
penguin,monkey,-9.812578201293945,-7.82012939453125e-05
penguin,hedgehog,-9.500101089477539,-0.0001010894775390625
penguin,rabbit,-9.750078201293945,-7.82012939453125e-05
penguin,seal,-9.687582015991211,-8.20159912109375e-05
penguin,walrus,-9.562593460083008,-9.34600830078125e-05
penguin,dolphin,-9.750078201293945,-7.82012939453125e-05
penguin,whale,-9.750080108642578,-8.0108642578125e-05
penguin,elephant,-9.562593460083008,-9.34600830078125e-05
penguin,kangaroo,-9.625089645385742,-8.96453857421875e-05
penguin,platypus,-9.62508773803711,-8.7738037109375e-05
penguin,crocodile,-9.750082015991211,-8.20159912109375e-05
penguin,alligator,-9.750082015991211,-8.20159912109375e-05
penguin,lizard,-10.125059127807617,-5.91278076171875e-05
penguin,iguana,-9.687583923339844,-8.392333984375e-05
penguin,rattlesnake,-9.625091552734375,-9.1552734375e-05
penguin,tortoise,-9.750078201293945,-7.82012939453125e-05
penguin,turtle,-9.81257438659668,-7.43865966796875e-05
penguin,frog,-10.000064849853516,-6.4849853515625e-05
penguin,toad,-9.62508773803711,-8.7738037109375e-05
penguin,budgie,-9.250118255615234,-0.000118255615234375
penguin,parakeet,-9.812576293945312,-7.62939453125e-05
penguin,buzzard,-9.937570571899414,-7.05718994140625e-05
penguin,falcon,-9.750082015991211,-8.20159912109375e-05
penguin,hawk,-9.750080108642578,-8.0108642578125e-05
penguin,eagle,-9.875072479248047,-7.2479248046875e-05
penguin,owl,-9.750076293945312,-7.62939453125e-05
penguin,canary,-9.37510871887207,-0.0001087188720703125
penguin,magpie,-9.437602996826172,-0.000102996826171875
penguin,raven,-9.437604904174805,-0.0001049041748046875
penguin,nightingale,-9.250120162963867,-0.0001201629638671875
penguin,robin,-9.375104904174805,-0.0001049041748046875
penguin,starling,-9.125139236450195,-0.0001392364501953125
penguin,sparrow,-9.562589645385742,-8.96453857421875e-05
penguin,wren,-8.812675476074219,-0.00017547607421875
penguin,chicken,-8.875164031982422,-0.000164031982421875
penguin,cockerel,-9.250125885009766,-0.000125885009765625
penguin,turkey,-9.312612533569336,-0.0001125335693359375
penguin,dove,-9.50009536743164,-9.5367431640625e-05
penguin,pigeon,-9.562589645385742,-8.96453857421875e-05
penguin,partridge,-9.437602996826172,-0.000102996826171875
penguin,peacock,-9.500097274780273,-9.72747802734375e-05
penguin,crane,-9.625085830688477,-8.58306884765625e-05
penguin,flamingo,-9.625085830688477,-8.58306884765625e-05
penguin,heron,-9.750082015991211,-8.20159912109375e-05
penguin,duck,-9.750078201293945,-7.82012939453125e-05
penguin,goose,-9.750076293945312,-7.62939453125e-05
penguin,pelican,-9.625089645385742,-8.96453857421875e-05
penguin,penguin,-0.0001888275146484375,-9.437688827514648
penguin,seagull,-9.937564849853516,-6.4849853515625e-05
penguin,swan,-9.81257438659668,-7.43865966796875e-05
penguin,hummingbird,-9.62508773803711,-8.7738037109375e-05
penguin,kingfisher,-9.375112533569336,-0.0001125335693359375
penguin,woodpecker,-9.437599182128906,-9.918212890625e-05
penguin,emu,-9.562597274780273,-9.72747802734375e-05
penguin,ostrich,-9.562593460083008,-9.34600830078125e-05
penguin,carp,-9.437602996826172,-0.000102996826171875
penguin,goldfish,-9.562591552734375,-9.1552734375e-05
penguin,minnow,-9.312616348266602,-0.0001163482666015625
penguin,cod,-9.06263542175293,-0.0001354217529296875
penguin,herring,-9.250120162963867,-0.0001201629638671875
penguin,sardine,-9.312614440917969,-0.00011444091796875
penguin,salmon,-9.62508773803711,-8.7738037109375e-05
penguin,trout,-9.437601089477539,-0.0001010894775390625
penguin,eel,-9.750078201293945,-7.82012939453125e-05
penguin,flounder,-9.250118255615234,-0.000118255615234375
penguin,mackerel,-9.000150680541992,-0.0001506805419921875
penguin,tuna,-9.437601089477539,-0.0001010894775390625
penguin,seahorse,-9.500099182128906,-9.918212890625e-05
penguin,shark,-9.875070571899414,-7.05718994140625e-05
penguin,bee,-9.750082015991211,-8.20159912109375e-05
penguin,hornet,-9.437606811523438,-0.0001068115234375
penguin,wasp,-9.68758773803711,-8.7738037109375e-05
penguin,ant,-9.437602996826172,-0.000102996826171875
penguin,beetle,-9.812572479248047,-7.2479248046875e-05
penguin,ladybird,-9.187627792358398,-0.0001277923583984375
penguin,butterfly,-9.750082015991211,-8.20159912109375e-05
penguin,moth,-9.375110626220703,-0.000110626220703125
penguin,cockroach,-9.437606811523438,-0.0001068115234375
penguin,cricket,-9.437604904174805,-0.0001049041748046875
penguin,grasshopper,-9.750080108642578,-8.0108642578125e-05
penguin,locust,-9.625089645385742,-8.96453857421875e-05
penguin,dragonfly,-9.750078201293945,-7.82012939453125e-05
penguin,flea,-9.500099182128906,-9.918212890625e-05
penguin,housefly,-9.687583923339844,-8.392333984375e-05
penguin,mosquito,-9.56259536743164,-9.5367431640625e-05
penguin,stick_insect,-9.375106811523438,-0.0001068115234375
penguin,termite,-9.37510871887207,-0.0001087188720703125
penguin,centipede,-9.68758773803711,-8.7738037109375e-05
penguin,millipede,-9.375118255615234,-0.000118255615234375
penguin,scorpion,-9.68758773803711,-8.7738037109375e-05
penguin,spider,-9.750082015991211,-8.20159912109375e-05
penguin,tarantula,-9.500101089477539,-0.0001010894775390625
penguin,crab,-9.56259536743164,-9.5367431640625e-05
penguin,crayfish,-9.37510871887207,-0.0001087188720703125
penguin,lobster,-9.312614440917969,-0.00011444091796875
penguin,prawn,-9.250120162963867,-0.0001201629638671875
penguin,shrimp,-9.375110626220703,-0.000110626220703125
penguin,slug,-9.437602996826172,-0.000102996826171875
penguin,snail,-9.62508773803711,-8.7738037109375e-05
penguin,clam,-9.250123977661133,-0.0001239776611328125
penguin,mussel,-9.062644958496094,-0.00014495849609375
penguin,scallop,-9.2501220703125,-0.0001220703125
penguin,oyster,-8.937658309936523,-0.0001583099365234375
penguin,squid,-9.812572479248047,-7.2479248046875e-05
penguin,octopus,-9.500101089477539,-0.0001010894775390625
penguin,worm,-9.750078201293945,-7.82012939453125e-05
penguin,jellyfish,-9.812576293945312,-7.62939453125e-05
seagull,animal,-5.7220458984375e-05,-11.312557220458984
seagull,vertebrate,-0.0001087188720703125,-10.06260871887207
seagull,invertebrate,-10.062562942504883,-6.29425048828125e-05
seagull,mammal,-10.062559127807617,-5.91278076171875e-05
seagull,bird,-3.62396240234375e-05,-12.062536239624023
seagull,reptile,-9.81257438659668,-7.43865966796875e-05
seagull,amphibian,-10.125057220458984,-5.7220458984375e-05
seagull,fish,-10.062559127807617,-5.91278076171875e-05
seagull,arthropod,-10.125066757202148,-6.67572021484375e-05
seagull,insect,-10.125057220458984,-5.7220458984375e-05
seagull,bird of prey,-1.8116912841796875,-0.1866912841796875
seagull,aquatic bird,-3.774415969848633,-0.024415969848632812
seagull,canine,-9.750078201293945,-7.82012939453125e-05
seagull,feline,-9.750078201293945,-7.82012939453125e-05
seagull,primate,-9.750078201293945,-7.82012939453125e-05
seagull,aquatic mammal,-9.500102996826172,-0.000102996826171875
seagull,rodent,-9.875070571899414,-7.05718994140625e-05
seagull,bat,-9.750080108642578,-8.0108642578125e-05
seagull,bear,-9.687582015991211,-8.20159912109375e-05
seagull,cat,-9.812572479248047,-7.2479248046875e-05
seagull,cheetah,-9.81257438659668,-7.43865966796875e-05
seagull,leopard,-9.437604904174805,-0.0001049041748046875
seagull,lion,-9.562593460083008,-9.34600830078125e-05
seagull,panther,-9.687583923339844,-8.392333984375e-05
seagull,tiger,-9.687583923339844,-8.392333984375e-05
seagull,dog,-9.750080108642578,-8.0108642578125e-05
seagull,fox,-9.62508773803711,-8.7738037109375e-05
seagull,hyena,-9.625089645385742,-8.96453857421875e-05
seagull,wolf,-9.750078201293945,-7.82012939453125e-05
seagull,raccoon,-9.437602996826172,-0.000102996826171875
seagull,skunk,-9.500099182128906,-9.918212890625e-05
seagull,otter,-9.62508773803711,-8.7738037109375e-05
seagull,beaver,-9.562591552734375,-9.1552734375e-05
seagull,chipmunk,-9.750080108642578,-8.0108642578125e-05
seagull,squirrel,-9.750080108642578,-8.0108642578125e-05
seagull,gerbil,-9.437602996826172,-0.000102996826171875
seagull,guinea_pig,-9.437606811523438,-0.0001068115234375
seagull,hamster,-9.625085830688477,-8.58306884765625e-05
seagull,mouse,-9.625085830688477,-8.58306884765625e-05
seagull,porcupine,-9.500101089477539,-0.0001010894775390625
seagull,rat,-9.562591552734375,-9.1552734375e-05
seagull,buffalo,-9.56259536743164,-9.5367431640625e-05
seagull,cow,-9.62508773803711,-8.7738037109375e-05
seagull,ox,-9.500099182128906,-9.918212890625e-05
seagull,goat,-9.625089645385742,-8.96453857421875e-05
seagull,sheep,-9.687583923339844,-8.392333984375e-05
seagull,deer,-9.687583923339844,-8.392333984375e-05
seagull,moose,-9.62508773803711,-8.7738037109375e-05
seagull,giraffe,-9.625089645385742,-8.96453857421875e-05
seagull,camel,-9.500097274780273,-9.72747802734375e-05
seagull,hippo,-9.500099182128906,-9.918212890625e-05
seagull,llama,-9.437602996826172,-0.000102996826171875
seagull,pig,-9.56259536743164,-9.5367431640625e-05
seagull,donkey,-9.687585830688477,-8.58306884765625e-05
seagull,horse,-9.750080108642578,-8.0108642578125e-05
seagull,pony,-9.437604904174805,-0.0001049041748046875
seagull,zebra,-9.625089645385742,-8.96453857421875e-05
seagull,rhino,-9.687585830688477,-8.58306884765625e-05
seagull,gorilla,-9.437602996826172,-0.000102996826171875
seagull,monkey,-9.750080108642578,-8.0108642578125e-05
seagull,hedgehog,-9.750080108642578,-8.0108642578125e-05
seagull,rabbit,-9.62508773803711,-8.7738037109375e-05
seagull,seal,-9.625085830688477,-8.58306884765625e-05
seagull,walrus,-9.500097274780273,-9.72747802734375e-05
seagull,dolphin,-9.750076293945312,-7.62939453125e-05
seagull,whale,-9.750076293945312,-7.62939453125e-05
seagull,elephant,-9.62508773803711,-8.7738037109375e-05
seagull,kangaroo,-9.687583923339844,-8.392333984375e-05
seagull,platypus,-9.750080108642578,-8.0108642578125e-05
seagull,crocodile,-9.687582015991211,-8.20159912109375e-05
seagull,alligator,-9.750078201293945,-7.82012939453125e-05
seagull,lizard,-9.875070571899414,-7.05718994140625e-05
seagull,iguana,-9.62508773803711,-8.7738037109375e-05
seagull,rattlesnake,-9.750082015991211,-8.20159912109375e-05
seagull,tortoise,-9.81257438659668,-7.43865966796875e-05
seagull,turtle,-9.81257438659668,-7.43865966796875e-05
seagull,frog,-10.062562942504883,-6.29425048828125e-05
seagull,toad,-9.750078201293945,-7.82012939453125e-05
seagull,budgie,-9.31260871887207,-0.0001087188720703125
seagull,parakeet,-9.62508773803711,-8.7738037109375e-05
seagull,buzzard,-8.812679290771484,-0.000179290771484375
seagull,falcon,-8.500228881835938,-0.0002288818359375
seagull,hawk,-9.250116348266602,-0.0001163482666015625
seagull,eagle,-9.062639236450195,-0.0001392364501953125
seagull,owl,-9.75007438659668,-7.43865966796875e-05
seagull,canary,-9.31260871887207,-0.0001087188720703125
seagull,magpie,-9.437601089477539,-0.0001010894775390625
seagull,raven,-9.31260871887207,-0.0001087188720703125
seagull,nightingale,-9.562589645385742,-8.96453857421875e-05
seagull,robin,-9.500091552734375,-9.1552734375e-05
seagull,starling,-9.187627792358398,-0.0001277923583984375
seagull,sparrow,-9.000144958496094,-0.00014495849609375
seagull,wren,-9.312610626220703,-0.000110626220703125
seagull,chicken,-8.312774658203125,-0.000274658203125
seagull,cockerel,-9.187633514404297,-0.000133514404296875
seagull,turkey,-9.312610626220703,-0.000110626220703125
seagull,dove,-8.812671661376953,-0.000171661376953125
seagull,pigeon,-7.563056945800781,-0.00055694580078125
seagull,partridge,-9.437602996826172,-0.000102996826171875
seagull,peacock,-9.437601089477539,-0.0001010894775390625
seagull,crane,-8.50023078918457,-0.0002307891845703125
seagull,flamingo,-9.56258773803711,-8.7738037109375e-05
seagull,heron,-8.12533187866211,-0.000331878662109375
seagull,duck,-9.687580108642578,-8.0108642578125e-05
seagull,goose,-8.250289916992188,-0.0002899169921875
seagull,pelican,-9.500093460083008,-9.34600830078125e-05
seagull,penguin,-9.625083923339844,-8.392333984375e-05
seagull,seagull,-0.0001373291015625,-9.750137329101562
seagull,swan,-9.562585830688477,-8.58306884765625e-05
seagull,hummingbird,-9.750076293945312,-7.62939453125e-05
seagull,kingfisher,-9.50009536743164,-9.5367431640625e-05
seagull,woodpecker,-9.500093460083008,-9.34600830078125e-05
seagull,emu,-9.312614440917969,-0.00011444091796875
seagull,ostrich,-9.437599182128906,-9.918212890625e-05
seagull,carp,-9.500097274780273,-9.72747802734375e-05
seagull,goldfish,-9.500093460083008,-9.34600830078125e-05
seagull,minnow,-9.687583923339844,-8.392333984375e-05
seagull,cod,-9.125127792358398,-0.0001277923583984375
seagull,herring,-9.125131607055664,-0.0001316070556640625
seagull,sardine,-9.500093460083008,-9.34600830078125e-05
seagull,salmon,-9.500093460083008,-9.34600830078125e-05
seagull,trout,-9.687580108642578,-8.0108642578125e-05
seagull,eel,-9.750078201293945,-7.82012939453125e-05
seagull,flounder,-9.500093460083008,-9.34600830078125e-05
seagull,mackerel,-9.250120162963867,-0.0001201629638671875
seagull,tuna,-9.437599182128906,-9.918212890625e-05
seagull,seahorse,-9.562593460083008,-9.34600830078125e-05
seagull,shark,-9.687582015991211,-8.20159912109375e-05
seagull,bee,-9.937568664550781,-6.866455078125e-05
seagull,hornet,-9.750082015991211,-8.20159912109375e-05
seagull,wasp,-9.750082015991211,-8.20159912109375e-05
seagull,ant,-9.62508773803711,-8.7738037109375e-05
seagull,beetle,-10.000064849853516,-6.4849853515625e-05
seagull,ladybird,-9.50009536743164,-9.5367431640625e-05
seagull,butterfly,-9.875070571899414,-7.05718994140625e-05
seagull,moth,-9.375106811523438,-0.0001068115234375
seagull,cockroach,-9.562591552734375,-9.1552734375e-05
seagull,cricket,-9.62508773803711,-8.7738037109375e-05
seagull,grasshopper,-10.000062942504883,-6.29425048828125e-05
seagull,locust,-9.750078201293945,-7.82012939453125e-05
seagull,dragonfly,-9.750076293945312,-7.62939453125e-05
seagull,flea,-9.750078201293945,-7.82012939453125e-05
seagull,housefly,-9.750080108642578,-8.0108642578125e-05
seagull,mosquito,-9.62508773803711,-8.7738037109375e-05
seagull,stick_insect,-9.437599182128906,-9.918212890625e-05
seagull,termite,-9.687582015991211,-8.20159912109375e-05
seagull,centipede,-9.812580108642578,-8.0108642578125e-05
seagull,millipede,-9.625091552734375,-9.1552734375e-05
seagull,scorpion,-9.750082015991211,-8.20159912109375e-05
seagull,spider,-9.875072479248047,-7.2479248046875e-05
seagull,tarantula,-9.687583923339844,-8.392333984375e-05
seagull,crab,-9.687583923339844,-8.392333984375e-05
seagull,crayfish,-9.500099182128906,-9.918212890625e-05
seagull,lobster,-9.500097274780273,-9.72747802734375e-05
seagull,prawn,-9.437601089477539,-0.0001010894775390625
seagull,shrimp,-9.62508773803711,-8.7738037109375e-05
seagull,slug,-9.62508773803711,-8.7738037109375e-05
seagull,snail,-9.750078201293945,-7.82012939453125e-05
seagull,clam,-9.312614440917969,-0.00011444091796875
seagull,mussel,-9.312614440917969,-0.00011444091796875
seagull,scallop,-9.250120162963867,-0.0001201629638671875
seagull,oyster,-8.875165939331055,-0.0001659393310546875
seagull,squid,-9.687580108642578,-8.0108642578125e-05
seagull,octopus,-9.625089645385742,-8.96453857421875e-05
seagull,worm,-9.875068664550781,-6.866455078125e-05
seagull,jellyfish,-10.000064849853516,-6.4849853515625e-05
swan,animal,-5.14984130859375e-05,-11.500051498413086
swan,vertebrate,-5.14984130859375e-05,-11.250051498413086
swan,invertebrate,-10.125062942504883,-6.29425048828125e-05
swan,mammal,-10.187555313110352,-5.53131103515625e-05
swan,bird,-3.24249267578125e-05,-12.250032424926758
swan,reptile,-10.250053405761719,-5.340576171875e-05
swan,amphibian,-10.187557220458984,-5.7220458984375e-05
swan,fish,-10.000062942504883,-6.29425048828125e-05
swan,arthropod,-10.125070571899414,-7.05718994140625e-05
swan,insect,-10.187559127807617,-5.91278076171875e-05
swan,bird of prey,-9.750080108642578,-8.0108642578125e-05
swan,aquatic bird,-6.29425048828125e-05,-10.687562942504883
swan,canine,-9.937570571899414,-7.05718994140625e-05
swan,feline,-9.750080108642578,-8.0108642578125e-05
swan,primate,-10.062562942504883,-6.29425048828125e-05
swan,aquatic mammal,-9.625089645385742,-8.96453857421875e-05
swan,rodent,-10.000064849853516,-6.4849853515625e-05
swan,bat,-9.812580108642578,-8.0108642578125e-05
swan,bear,-9.87507438659668,-7.43865966796875e-05
swan,cat,-9.937568664550781,-6.866455078125e-05
swan,cheetah,-10.000068664550781,-6.866455078125e-05
swan,leopard,-9.62509536743164,-9.5367431640625e-05
swan,lion,-9.68758773803711,-8.7738037109375e-05
swan,panther,-9.750085830688477,-8.58306884765625e-05
swan,tiger,-9.937572479248047,-7.2479248046875e-05
swan,dog,-9.875072479248047,-7.2479248046875e-05
swan,fox,-9.875076293945312,-7.62939453125e-05
swan,hyena,-9.875076293945312,-7.62939453125e-05
swan,wolf,-9.812580108642578,-8.0108642578125e-05
swan,raccoon,-9.562597274780273,-9.72747802734375e-05
swan,skunk,-9.562597274780273,-9.72747802734375e-05
swan,otter,-9.750078201293945,-7.82012939453125e-05
swan,beaver,-9.687583923339844,-8.392333984375e-05
swan,chipmunk,-9.750083923339844,-8.392333984375e-05
swan,squirrel,-9.812576293945312,-7.62939453125e-05
swan,gerbil,-9.687583923339844,-8.392333984375e-05
swan,guinea_pig,-9.562599182128906,-9.918212890625e-05
swan,hamster,-9.625089645385742,-8.96453857421875e-05
swan,mouse,-9.62508773803711,-8.7738037109375e-05
swan,porcupine,-9.62509536743164,-9.5367431640625e-05
swan,rat,-9.687585830688477,-8.58306884765625e-05
swan,buffalo,-9.500102996826172,-0.000102996826171875
swan,cow,-9.625091552734375,-9.1552734375e-05
swan,ox,-9.312616348266602,-0.0001163482666015625
swan,goat,-9.625093460083008,-9.34600830078125e-05
swan,sheep,-9.87507438659668,-7.43865966796875e-05
swan,deer,-9.937570571899414,-7.05718994140625e-05
swan,moose,-9.750082015991211,-8.20159912109375e-05
swan,giraffe,-9.500102996826172,-0.000102996826171875
swan,camel,-9.625089645385742,-8.96453857421875e-05
swan,hippo,-9.56259536743164,-9.5367431640625e-05
swan,llama,-9.625089645385742,-8.96453857421875e-05
swan,pig,-9.625091552734375,-9.1552734375e-05
swan,donkey,-9.937572479248047,-7.2479248046875e-05
swan,horse,-9.812580108642578,-8.0108642578125e-05
swan,pony,-9.62508773803711,-8.7738037109375e-05
swan,zebra,-9.937572479248047,-7.2479248046875e-05
swan,rhino,-9.68758773803711,-8.7738037109375e-05
swan,gorilla,-9.625089645385742,-8.96453857421875e-05
swan,monkey,-9.937570571899414,-7.05718994140625e-05
swan,hedgehog,-9.750083923339844,-8.392333984375e-05
swan,rabbit,-9.812578201293945,-7.82012939453125e-05
swan,seal,-9.750080108642578,-8.0108642578125e-05
swan,walrus,-9.625091552734375,-9.1552734375e-05
swan,dolphin,-9.937570571899414,-7.05718994140625e-05
swan,whale,-10.06256103515625,-6.103515625e-05
swan,elephant,-9.812576293945312,-7.62939453125e-05
swan,kangaroo,-9.750080108642578,-8.0108642578125e-05
swan,platypus,-9.625091552734375,-9.1552734375e-05
swan,crocodile,-9.750080108642578,-8.0108642578125e-05
swan,alligator,-9.937570571899414,-7.05718994140625e-05
swan,lizard,-10.062562942504883,-6.29425048828125e-05
swan,iguana,-10.000066757202148,-6.67572021484375e-05
swan,rattlesnake,-9.875076293945312,-7.62939453125e-05
swan,tortoise,-9.87507438659668,-7.43865966796875e-05
swan,turtle,-9.937568664550781,-6.866455078125e-05
swan,frog,-10.062562942504883,-6.29425048828125e-05
swan,toad,-9.87507438659668,-7.43865966796875e-05
swan,budgie,-9.500097274780273,-9.72747802734375e-05
swan,parakeet,-9.93757438659668,-7.43865966796875e-05
swan,buzzard,-10.12506103515625,-6.103515625e-05
swan,falcon,-10.125059127807617,-5.91278076171875e-05
swan,hawk,-10.187559127807617,-5.91278076171875e-05
swan,eagle,-10.06256103515625,-6.103515625e-05
swan,owl,-10.000064849853516,-6.4849853515625e-05
swan,canary,-9.62508773803711,-8.7738037109375e-05
swan,magpie,-10.000064849853516,-6.4849853515625e-05
swan,raven,-9.812578201293945,-7.82012939453125e-05
swan,nightingale,-9.56259536743164,-9.5367431640625e-05
swan,robin,-9.750078201293945,-7.82012939453125e-05
swan,starling,-9.500101089477539,-0.0001010894775390625
swan,sparrow,-9.687582015991211,-8.20159912109375e-05
swan,wren,-9.687583923339844,-8.392333984375e-05
swan,chicken,-9.250118255615234,-0.000118255615234375
swan,cockerel,-9.687585830688477,-8.58306884765625e-05
swan,turkey,-9.62508773803711,-8.7738037109375e-05
swan,dove,-9.50009536743164,-9.5367431640625e-05
swan,pigeon,-9.625083923339844,-8.392333984375e-05
swan,partridge,-9.87507438659668,-7.43865966796875e-05
swan,peacock,-9.750080108642578,-8.0108642578125e-05
swan,crane,-6.626434326171875,-0.001434326171875
swan,flamingo,-9.875072479248047,-7.2479248046875e-05
swan,heron,-7.313226699829102,-0.0007266998291015625
swan,duck,-4.573213577270508,-0.010713577270507812
swan,goose,-2.813190460205078,-0.06319046020507812
swan,pelican,-9.81257438659668,-7.43865966796875e-05
swan,penguin,-9.875070571899414,-7.05718994140625e-05
swan,seagull,-10.06256103515625,-6.103515625e-05
swan,swan,-0.00018310546875,-9.37518310546875
swan,hummingbird,-9.875072479248047,-7.2479248046875e-05
swan,kingfisher,-9.750083923339844,-8.392333984375e-05
swan,woodpecker,-9.750080108642578,-8.0108642578125e-05
swan,emu,-9.812578201293945,-7.82012939453125e-05
swan,ostrich,-9.875068664550781,-6.866455078125e-05
swan,carp,-9.187627792358398,-0.0001277923583984375
swan,goldfish,-9.562591552734375,-9.1552734375e-05
swan,minnow,-9.625091552734375,-9.1552734375e-05
swan,cod,-9.250118255615234,-0.000118255615234375
swan,herring,-9.500097274780273,-9.72747802734375e-05
swan,sardine,-9.62508773803711,-8.7738037109375e-05
swan,salmon,-9.81257438659668,-7.43865966796875e-05
swan,trout,-9.687582015991211,-8.20159912109375e-05
swan,eel,-10.000064849853516,-6.4849853515625e-05
swan,flounder,-9.500101089477539,-0.0001010894775390625
swan,mackerel,-9.375112533569336,-0.0001125335693359375
swan,tuna,-9.62508773803711,-8.7738037109375e-05
swan,seahorse,-9.687585830688477,-8.58306884765625e-05
swan,shark,-10.000068664550781,-6.866455078125e-05
swan,bee,-9.937572479248047,-7.2479248046875e-05
swan,hornet,-9.750085830688477,-8.58306884765625e-05
swan,wasp,-9.562599182128906,-9.918212890625e-05
swan,ant,-9.687585830688477,-8.58306884765625e-05
swan,beetle,-10.000064849853516,-6.4849853515625e-05
swan,ladybird,-9.375110626220703,-0.000110626220703125
swan,butterfly,-9.937570571899414,-7.05718994140625e-05
swan,moth,-9.250127792358398,-0.0001277923583984375
swan,cockroach,-9.625093460083008,-9.34600830078125e-05
swan,cricket,-9.750082015991211,-8.20159912109375e-05
swan,grasshopper,-9.937570571899414,-7.05718994140625e-05
swan,locust,-9.750085830688477,-8.58306884765625e-05
swan,dragonfly,-9.937570571899414,-7.05718994140625e-05
swan,flea,-9.625091552734375,-9.1552734375e-05
swan,housefly,-9.750083923339844,-8.392333984375e-05
swan,mosquito,-9.437606811523438,-0.0001068115234375
swan,stick_insect,-9.312614440917969,-0.00011444091796875
swan,termite,-9.500101089477539,-0.0001010894775390625
swan,centipede,-10.000070571899414,-7.05718994140625e-05
swan,millipede,-9.562601089477539,-0.0001010894775390625
swan,scorpion,-9.93757438659668,-7.43865966796875e-05
swan,spider,-9.93757438659668,-7.43865966796875e-05
swan,tarantula,-9.62509536743164,-9.5367431640625e-05
swan,crab,-9.937572479248047,-7.2479248046875e-05
swan,crayfish,-9.750085830688477,-8.58306884765625e-05
swan,lobster,-9.625089645385742,-8.96453857421875e-05
swan,prawn,-9.62508773803711,-8.7738037109375e-05
swan,shrimp,-9.687583923339844,-8.392333984375e-05
swan,slug,-9.56259536743164,-9.5367431640625e-05
swan,snail,-9.87507438659668,-7.43865966796875e-05
swan,clam,-9.500102996826172,-0.000102996826171875
swan,mussel,-9.312620162963867,-0.0001201629638671875
swan,scallop,-9.375112533569336,-0.0001125335693359375
swan,oyster,-9.312618255615234,-0.000118255615234375
swan,squid,-9.937568664550781,-6.866455078125e-05
swan,octopus,-9.68758773803711,-8.7738037109375e-05
swan,worm,-10.000066757202148,-6.67572021484375e-05
swan,jellyfish,-10.12506103515625,-6.103515625e-05
hummingbird,animal,-6.103515625e-05,-11.25006103515625
hummingbird,vertebrate,-0.000316619873046875,-8.437816619873047
hummingbird,invertebrate,-10.000066757202148,-6.67572021484375e-05
hummingbird,mammal,-10.187553405761719,-5.340576171875e-05
hummingbird,bird,-3.814697265625e-05,-12.062538146972656
hummingbird,reptile,-10.187553405761719,-5.340576171875e-05
hummingbird,amphibian,-10.312553405761719,-5.340576171875e-05
hummingbird,fish,-10.187553405761719,-5.340576171875e-05
hummingbird,arthropod,-10.250059127807617,-5.91278076171875e-05
hummingbird,insect,-10.062559127807617,-5.91278076171875e-05
hummingbird,bird of prey,-9.687580108642578,-8.0108642578125e-05
hummingbird,aquatic bird,-9.562593460083008,-9.34600830078125e-05
hummingbird,canine,-10.000064849853516,-6.4849853515625e-05
hummingbird,feline,-9.750078201293945,-7.82012939453125e-05
hummingbird,primate,-10.125059127807617,-5.91278076171875e-05
hummingbird,aquatic mammal,-9.875082015991211,-8.20159912109375e-05
hummingbird,rodent,-10.06256103515625,-6.103515625e-05
hummingbird,bat,-10.187555313110352,-5.53131103515625e-05
hummingbird,bear,-9.875068664550781,-6.866455078125e-05
hummingbird,cat,-9.750080108642578,-8.0108642578125e-05
hummingbird,cheetah,-10.000064849853516,-6.4849853515625e-05
hummingbird,leopard,-9.562597274780273,-9.72747802734375e-05
hummingbird,lion,-9.687585830688477,-8.58306884765625e-05
hummingbird,panther,-9.625091552734375,-9.1552734375e-05
hummingbird,tiger,-9.625089645385742,-8.96453857421875e-05
hummingbird,dog,-10.000064849853516,-6.4849853515625e-05
hummingbird,fox,-10.000064849853516,-6.4849853515625e-05
hummingbird,hyena,-9.875072479248047,-7.2479248046875e-05
hummingbird,wolf,-10.000064849853516,-6.4849853515625e-05
hummingbird,raccoon,-9.687583923339844,-8.392333984375e-05
hummingbird,skunk,-9.62508773803711,-8.7738037109375e-05
hummingbird,otter,-9.62508773803711,-8.7738037109375e-05
hummingbird,beaver,-9.812572479248047,-7.2479248046875e-05
hummingbird,chipmunk,-10.06256103515625,-6.103515625e-05
hummingbird,squirrel,-10.06256103515625,-6.103515625e-05
hummingbird,gerbil,-9.750078201293945,-7.82012939453125e-05
hummingbird,guinea_pig,-9.687585830688477,-8.58306884765625e-05
hummingbird,hamster,-10.000062942504883,-6.29425048828125e-05
hummingbird,mouse,-9.937566757202148,-6.67572021484375e-05
hummingbird,porcupine,-9.68758773803711,-8.7738037109375e-05
hummingbird,rat,-9.875072479248047,-7.2479248046875e-05
hummingbird,buffalo,-9.68758773803711,-8.7738037109375e-05
hummingbird,cow,-9.87507438659668,-7.43865966796875e-05
hummingbird,ox,-9.437602996826172,-0.000102996826171875
hummingbird,goat,-9.68758773803711,-8.7738037109375e-05
hummingbird,sheep,-10.062562942504883,-6.29425048828125e-05
hummingbird,deer,-9.750082015991211,-8.20159912109375e-05
hummingbird,moose,-9.750082015991211,-8.20159912109375e-05
hummingbird,giraffe,-9.625091552734375,-9.1552734375e-05
hummingbird,camel,-9.625089645385742,-8.96453857421875e-05
hummingbird,hippo,-9.687585830688477,-8.58306884765625e-05
hummingbird,llama,-9.562593460083008,-9.34600830078125e-05
hummingbird,pig,-9.750082015991211,-8.20159912109375e-05
hummingbird,donkey,-9.812582015991211,-8.20159912109375e-05
hummingbird,horse,-9.937570571899414,-7.05718994140625e-05
hummingbird,pony,-9.687585830688477,-8.58306884765625e-05
hummingbird,zebra,-9.750082015991211,-8.20159912109375e-05
hummingbird,rhino,-9.812578201293945,-7.82012939453125e-05
hummingbird,gorilla,-9.750078201293945,-7.82012939453125e-05
hummingbird,monkey,-9.937568664550781,-6.866455078125e-05
hummingbird,hedgehog,-9.87507438659668,-7.43865966796875e-05
hummingbird,rabbit,-9.937566757202148,-6.67572021484375e-05
hummingbird,seal,-10.000064849853516,-6.4849853515625e-05
hummingbird,walrus,-9.750080108642578,-8.0108642578125e-05
hummingbird,dolphin,-9.875072479248047,-7.2479248046875e-05
hummingbird,whale,-10.000064849853516,-6.4849853515625e-05
hummingbird,elephant,-9.750078201293945,-7.82012939453125e-05
hummingbird,kangaroo,-9.875072479248047,-7.2479248046875e-05
hummingbird,platypus,-9.937568664550781,-6.866455078125e-05
hummingbird,crocodile,-9.750080108642578,-8.0108642578125e-05
hummingbird,alligator,-9.87507438659668,-7.43865966796875e-05
hummingbird,lizard,-10.125059127807617,-5.91278076171875e-05
hummingbird,iguana,-10.06256103515625,-6.103515625e-05
hummingbird,rattlesnake,-9.68758773803711,-8.7738037109375e-05
hummingbird,tortoise,-9.937566757202148,-6.67572021484375e-05
hummingbird,turtle,-9.937568664550781,-6.866455078125e-05
hummingbird,frog,-10.062562942504883,-6.29425048828125e-05
hummingbird,toad,-9.937568664550781,-6.866455078125e-05
hummingbird,budgie,-9.75007438659668,-7.43865966796875e-05
hummingbird,parakeet,-10.06256103515625,-6.103515625e-05
hummingbird,buzzard,-10.125059127807617,-5.91278076171875e-05
hummingbird,falcon,-10.125057220458984,-5.7220458984375e-05
hummingbird,hawk,-10.125055313110352,-5.53131103515625e-05
hummingbird,eagle,-10.187553405761719,-5.340576171875e-05
hummingbird,owl,-10.125055313110352,-5.53131103515625e-05
hummingbird,canary,-9.875066757202148,-6.67572021484375e-05
hummingbird,magpie,-10.000062942504883,-6.29425048828125e-05
hummingbird,raven,-9.937568664550781,-6.866455078125e-05
hummingbird,nightingale,-9.875066757202148,-6.67572021484375e-05
hummingbird,robin,-10.00006103515625,-6.103515625e-05
hummingbird,starling,-9.750078201293945,-7.82012939453125e-05
hummingbird,sparrow,-10.000062942504883,-6.29425048828125e-05
hummingbird,wren,-9.00014877319336,-0.000148773193359375
hummingbird,chicken,-9.875068664550781,-6.866455078125e-05
hummingbird,cockerel,-9.56259536743164,-9.5367431640625e-05
hummingbird,turkey,-9.500099182128906,-9.918212890625e-05
hummingbird,dove,-10.062557220458984,-5.7220458984375e-05
hummingbird,pigeon,-10.187553405761719,-5.340576171875e-05
hummingbird,partridge,-9.875070571899414,-7.05718994140625e-05
hummingbird,peacock,-9.625089645385742,-8.96453857421875e-05
hummingbird,crane,-9.937564849853516,-6.4849853515625e-05
hummingbird,flamingo,-9.875068664550781,-6.866455078125e-05
hummingbird,heron,-10.125059127807617,-5.91278076171875e-05
hummingbird,duck,-10.312549591064453,-4.9591064453125e-05
hummingbird,goose,-10.062559127807617,-5.91278076171875e-05
hummingbird,pelican,-9.81257438659668,-7.43865966796875e-05
hummingbird,penguin,-9.812576293945312,-7.62939453125e-05
hummingbird,seagull,-10.187555313110352,-5.53131103515625e-05
hummingbird,swan,-10.125057220458984,-5.7220458984375e-05
hummingbird,hummingbird,-0.0001983642578125,-9.437698364257812
hummingbird,kingfisher,-10.062557220458984,-5.7220458984375e-05
hummingbird,woodpecker,-9.75007438659668,-7.43865966796875e-05
hummingbird,emu,-9.750080108642578,-8.0108642578125e-05
hummingbird,ostrich,-9.812572479248047,-7.2479248046875e-05
hummingbird,carp,-9.62508773803711,-8.7738037109375e-05
hummingbird,goldfish,-9.750080108642578,-8.0108642578125e-05
hummingbird,minnow,-9.875076293945312,-7.62939453125e-05
hummingbird,cod,-9.312610626220703,-0.000110626220703125
hummingbird,herring,-9.437604904174805,-0.0001049041748046875
hummingbird,sardine,-9.812576293945312,-7.62939453125e-05
hummingbird,salmon,-9.750076293945312,-7.62939453125e-05
hummingbird,trout,-9.687583923339844,-8.392333984375e-05
hummingbird,eel,-10.000064849853516,-6.4849853515625e-05
hummingbird,flounder,-9.62508773803711,-8.7738037109375e-05
hummingbird,mackerel,-9.250123977661133,-0.0001239776611328125
hummingbird,tuna,-9.687583923339844,-8.392333984375e-05
hummingbird,seahorse,-9.750080108642578,-8.0108642578125e-05
hummingbird,shark,-9.875072479248047,-7.2479248046875e-05
hummingbird,bee,-10.125053405761719,-5.340576171875e-05
hummingbird,hornet,-9.937568664550781,-6.866455078125e-05
hummingbird,wasp,-10.06256103515625,-6.103515625e-05
hummingbird,ant,-9.687582015991211,-8.20159912109375e-05
hummingbird,beetle,-10.187553405761719,-5.340576171875e-05
hummingbird,ladybird,-9.312612533569336,-0.0001125335693359375
hummingbird,butterfly,-10.250049591064453,-4.9591064453125e-05
hummingbird,moth,-9.937564849853516,-6.4849853515625e-05
hummingbird,cockroach,-9.750082015991211,-8.20159912109375e-05
hummingbird,cricket,-10.062559127807617,-5.91278076171875e-05
hummingbird,grasshopper,-10.125057220458984,-5.7220458984375e-05
hummingbird,locust,-9.812578201293945,-7.82012939453125e-05
hummingbird,dragonfly,-10.000062942504883,-6.29425048828125e-05
hummingbird,flea,-9.875072479248047,-7.2479248046875e-05
hummingbird,housefly,-9.937566757202148,-6.67572021484375e-05
hummingbird,mosquito,-9.937568664550781,-6.866455078125e-05
hummingbird,stick_insect,-9.687582015991211,-8.20159912109375e-05
hummingbird,termite,-9.750078201293945,-7.82012939453125e-05
hummingbird,centipede,-9.93757438659668,-7.43865966796875e-05
hummingbird,millipede,-9.68758773803711,-8.7738037109375e-05
hummingbird,scorpion,-9.937570571899414,-7.05718994140625e-05
hummingbird,spider,-10.000066757202148,-6.67572021484375e-05
hummingbird,tarantula,-9.68758773803711,-8.7738037109375e-05
hummingbird,crab,-9.937568664550781,-6.866455078125e-05
hummingbird,crayfish,-9.750083923339844,-8.392333984375e-05
hummingbird,lobster,-9.62508773803711,-8.7738037109375e-05
hummingbird,prawn,-9.750078201293945,-7.82012939453125e-05
hummingbird,shrimp,-9.750080108642578,-8.0108642578125e-05
hummingbird,slug,-9.937568664550781,-6.866455078125e-05
hummingbird,snail,-10.06256103515625,-6.103515625e-05
hummingbird,clam,-9.625091552734375,-9.1552734375e-05
hummingbird,mussel,-9.625091552734375,-9.1552734375e-05
hummingbird,scallop,-9.500101089477539,-0.0001010894775390625
hummingbird,oyster,-9.312618255615234,-0.000118255615234375
hummingbird,squid,-10.06256103515625,-6.103515625e-05
hummingbird,octopus,-9.750082015991211,-8.20159912109375e-05
hummingbird,worm,-10.125055313110352,-5.53131103515625e-05
hummingbird,jellyfish,-10.000066757202148,-6.67572021484375e-05
kingfisher,animal,-7.62939453125e-05,-10.625076293945312
kingfisher,vertebrate,-0.0001049041748046875,-10.125104904174805
kingfisher,invertebrate,-9.87507438659668,-7.43865966796875e-05
kingfisher,mammal,-10.000062942504883,-6.29425048828125e-05
kingfisher,bird,-3.814697265625e-05,-12.125038146972656
kingfisher,reptile,-9.937568664550781,-6.866455078125e-05
kingfisher,amphibian,-9.937570571899414,-7.05718994140625e-05
kingfisher,fish,-9.62508773803711,-8.7738037109375e-05
kingfisher,arthropod,-9.937576293945312,-7.62939453125e-05
kingfisher,insect,-9.937568664550781,-6.866455078125e-05
kingfisher,bird of prey,-2.579923629760742,-0.07992362976074219
kingfisher,aquatic bird,-0.9786663055419922,-0.4786663055419922
kingfisher,canine,-9.750078201293945,-7.82012939453125e-05
kingfisher,feline,-9.562591552734375,-9.1552734375e-05
kingfisher,primate,-9.937568664550781,-6.866455078125e-05
kingfisher,aquatic mammal,-9.625091552734375,-9.1552734375e-05
kingfisher,rodent,-9.812572479248047,-7.2479248046875e-05
kingfisher,bat,-9.687583923339844,-8.392333984375e-05
kingfisher,bear,-9.62508773803711,-8.7738037109375e-05
kingfisher,cat,-9.562591552734375,-9.1552734375e-05
kingfisher,cheetah,-9.750080108642578,-8.0108642578125e-05
kingfisher,leopard,-9.312618255615234,-0.000118255615234375
kingfisher,lion,-9.500101089477539,-0.0001010894775390625
kingfisher,panther,-9.56259536743164,-9.5367431640625e-05
kingfisher,tiger,-9.312616348266602,-0.0001163482666015625
kingfisher,dog,-9.687583923339844,-8.392333984375e-05
kingfisher,fox,-9.687582015991211,-8.20159912109375e-05
kingfisher,hyena,-9.625089645385742,-8.96453857421875e-05
kingfisher,wolf,-9.687583923339844,-8.392333984375e-05
kingfisher,raccoon,-9.437604904174805,-0.0001049041748046875
kingfisher,skunk,-9.375110626220703,-0.000110626220703125
kingfisher,otter,-9.625085830688477,-8.58306884765625e-05
kingfisher,beaver,-9.625085830688477,-8.58306884765625e-05
kingfisher,chipmunk,-9.687582015991211,-8.20159912109375e-05
kingfisher,squirrel,-9.750078201293945,-7.82012939453125e-05
kingfisher,gerbil,-9.437602996826172,-0.000102996826171875
kingfisher,guinea_pig,-9.375114440917969,-0.00011444091796875
kingfisher,hamster,-9.625085830688477,-8.58306884765625e-05
kingfisher,mouse,-9.562589645385742,-8.96453857421875e-05
kingfisher,porcupine,-9.500101089477539,-0.0001010894775390625
kingfisher,rat,-9.500099182128906,-9.918212890625e-05
kingfisher,buffalo,-9.375114440917969,-0.00011444091796875
kingfisher,cow,-9.312616348266602,-0.0001163482666015625
kingfisher,ox,-9.062646865844727,-0.0001468658447265625
kingfisher,goat,-9.500101089477539,-0.0001010894775390625
kingfisher,sheep,-9.687585830688477,-8.58306884765625e-05
kingfisher,deer,-9.687583923339844,-8.392333984375e-05
kingfisher,moose,-9.62508773803711,-8.7738037109375e-05
kingfisher,giraffe,-9.437606811523438,-0.0001068115234375
kingfisher,camel,-9.375110626220703,-0.000110626220703125
kingfisher,hippo,-9.312618255615234,-0.000118255615234375
kingfisher,llama,-9.375110626220703,-0.000110626220703125
kingfisher,pig,-9.500101089477539,-0.0001010894775390625
kingfisher,donkey,-9.43760871887207,-0.0001087188720703125
kingfisher,horse,-9.56259536743164,-9.5367431640625e-05
kingfisher,pony,-9.250127792358398,-0.0001277923583984375
kingfisher,zebra,-9.500101089477539,-0.0001010894775390625
kingfisher,rhino,-9.500102996826172,-0.000102996826171875
kingfisher,gorilla,-9.37510871887207,-0.0001087188720703125
kingfisher,monkey,-9.687583923339844,-8.392333984375e-05
kingfisher,hedgehog,-9.625089645385742,-8.96453857421875e-05
kingfisher,rabbit,-9.62508773803711,-8.7738037109375e-05
kingfisher,seal,-9.625085830688477,-8.58306884765625e-05
kingfisher,walrus,-9.437604904174805,-0.0001049041748046875
kingfisher,dolphin,-9.687582015991211,-8.20159912109375e-05
kingfisher,whale,-9.750078201293945,-7.82012939453125e-05
kingfisher,elephant,-9.500101089477539,-0.0001010894775390625
kingfisher,kangaroo,-9.687582015991211,-8.20159912109375e-05
kingfisher,platypus,-9.500099182128906,-9.918212890625e-05
kingfisher,crocodile,-9.562591552734375,-9.1552734375e-05
kingfisher,alligator,-9.625089645385742,-8.96453857421875e-05
kingfisher,lizard,-9.750078201293945,-7.82012939453125e-05
kingfisher,iguana,-9.687582015991211,-8.20159912109375e-05
kingfisher,rattlesnake,-9.625089645385742,-8.96453857421875e-05
kingfisher,tortoise,-9.62508773803711,-8.7738037109375e-05
kingfisher,turtle,-9.62508773803711,-8.7738037109375e-05
kingfisher,frog,-9.750080108642578,-8.0108642578125e-05
kingfisher,toad,-9.62508773803711,-8.7738037109375e-05
kingfisher,budgie,-9.062637329101562,-0.0001373291015625
kingfisher,parakeet,-9.375104904174805,-0.0001049041748046875
kingfisher,buzzard,-10.000062942504883,-6.29425048828125e-05
kingfisher,falcon,-7.375669479370117,-0.0006694793701171875
kingfisher,hawk,-9.125131607055664,-0.0001316070556640625
kingfisher,eagle,-9.75007438659668,-7.43865966796875e-05
kingfisher,owl,-10.000059127807617,-5.91278076171875e-05
kingfisher,canary,-9.562585830688477,-8.58306884765625e-05
kingfisher,magpie,-9.500093460083008,-9.34600830078125e-05
kingfisher,raven,-10.00006103515625,-6.103515625e-05
kingfisher,nightingale,-9.50009536743164,-9.5367431640625e-05
kingfisher,robin,-9.375102996826172,-0.000102996826171875
kingfisher,starling,-9.375104904174805,-0.0001049041748046875
kingfisher,sparrow,-9.687580108642578,-8.0108642578125e-05
kingfisher,wren,-9.31260871887207,-0.0001087188720703125
kingfisher,chicken,-9.375104904174805,-0.0001049041748046875
kingfisher,cockerel,-9.12513542175293,-0.0001354217529296875
kingfisher,turkey,-9.312610626220703,-0.000110626220703125
kingfisher,dove,-9.625083923339844,-8.392333984375e-05
kingfisher,pigeon,-9.812568664550781,-6.866455078125e-05
kingfisher,partridge,-9.437599182128906,-9.918212890625e-05
kingfisher,peacock,-9.437599182128906,-9.918212890625e-05
kingfisher,crane,-10.00006103515625,-6.103515625e-05
kingfisher,flamingo,-9.562589645385742,-8.96453857421875e-05
kingfisher,heron,-9.125133514404297,-0.000133514404296875
kingfisher,duck,-9.312610626220703,-0.000110626220703125
kingfisher,goose,-9.75007438659668,-7.43865966796875e-05
kingfisher,pelican,-9.625083923339844,-8.392333984375e-05
kingfisher,penguin,-9.750076293945312,-7.62939453125e-05
kingfisher,seagull,-10.062557220458984,-5.7220458984375e-05
kingfisher,swan,-10.00006103515625,-6.103515625e-05
kingfisher,hummingbird,-9.500093460083008,-9.34600830078125e-05
kingfisher,kingfisher,-0.00019073486328125,-9.312690734863281
kingfisher,woodpecker,-9.437597274780273,-9.72747802734375e-05
kingfisher,emu,-9.50009536743164,-9.5367431640625e-05
kingfisher,ostrich,-9.50009536743164,-9.5367431640625e-05
kingfisher,carp,-9.312612533569336,-0.0001125335693359375
kingfisher,goldfish,-9.187623977661133,-0.0001239776611328125
kingfisher,minnow,-9.187629699707031,-0.00012969970703125
kingfisher,cod,-8.937654495239258,-0.0001544952392578125
kingfisher,herring,-9.125133514404297,-0.000133514404296875
kingfisher,sardine,-9.312614440917969,-0.00011444091796875
kingfisher,salmon,-9.375102996826172,-0.000102996826171875
kingfisher,trout,-9.250118255615234,-0.000118255615234375
kingfisher,eel,-9.687582015991211,-8.20159912109375e-05
kingfisher,flounder,-9.250118255615234,-0.000118255615234375
kingfisher,mackerel,-8.937654495239258,-0.0001544952392578125
kingfisher,tuna,-9.312610626220703,-0.000110626220703125
kingfisher,seahorse,-9.437602996826172,-0.000102996826171875
kingfisher,shark,-9.750080108642578,-8.0108642578125e-05
kingfisher,bee,-9.625085830688477,-8.58306884765625e-05
kingfisher,hornet,-9.500097274780273,-9.72747802734375e-05
kingfisher,wasp,-9.437602996826172,-0.000102996826171875
kingfisher,ant,-9.187625885009766,-0.000125885009765625
kingfisher,beetle,-9.312612533569336,-0.0001125335693359375
kingfisher,ladybird,-9.00014877319336,-0.000148773193359375
kingfisher,butterfly,-9.750078201293945,-7.82012939453125e-05
kingfisher,moth,-9.250118255615234,-0.000118255615234375
kingfisher,cockroach,-9.312616348266602,-0.0001163482666015625
kingfisher,cricket,-9.250120162963867,-0.0001201629638671875
kingfisher,grasshopper,-9.625085830688477,-8.58306884765625e-05
kingfisher,locust,-9.500101089477539,-0.0001010894775390625
kingfisher,dragonfly,-9.500093460083008,-9.34600830078125e-05
kingfisher,flea,-9.562591552734375,-9.1552734375e-05
kingfisher,housefly,-9.625083923339844,-8.392333984375e-05
kingfisher,mosquito,-9.562591552734375,-9.1552734375e-05
kingfisher,stick_insect,-9.250118255615234,-0.000118255615234375
kingfisher,termite,-9.50009536743164,-9.5367431640625e-05
kingfisher,centipede,-9.562597274780273,-9.72747802734375e-05
kingfisher,millipede,-9.437604904174805,-0.0001049041748046875
kingfisher,scorpion,-9.562597274780273,-9.72747802734375e-05
kingfisher,spider,-9.56259536743164,-9.5367431640625e-05
kingfisher,tarantula,-9.43760871887207,-0.0001087188720703125
kingfisher,crab,-9.562593460083008,-9.34600830078125e-05
kingfisher,crayfish,-9.437604904174805,-0.0001049041748046875
kingfisher,lobster,-9.437602996826172,-0.000102996826171875
kingfisher,prawn,-9.00014877319336,-0.000148773193359375
kingfisher,shrimp,-9.2501220703125,-0.0001220703125
kingfisher,slug,-9.62508773803711,-8.7738037109375e-05
kingfisher,snail,-9.687583923339844,-8.392333984375e-05
kingfisher,clam,-9.312620162963867,-0.0001201629638671875
kingfisher,mussel,-9.187629699707031,-0.00012969970703125
kingfisher,scallop,-9.312618255615234,-0.000118255615234375
kingfisher,oyster,-8.812677383422852,-0.0001773834228515625
kingfisher,squid,-9.750078201293945,-7.82012939453125e-05
kingfisher,octopus,-9.500101089477539,-0.0001010894775390625
kingfisher,worm,-9.62508773803711,-8.7738037109375e-05
kingfisher,jellyfish,-9.750082015991211,-8.20159912109375e-05
woodpecker,animal,-5.7220458984375e-05,-11.375057220458984
woodpecker,vertebrate,-5.91278076171875e-05,-10.937559127807617
woodpecker,invertebrate,-9.937568664550781,-6.866455078125e-05
woodpecker,mammal,-9.937564849853516,-6.4849853515625e-05
woodpecker,bird,-3.62396240234375e-05,-12.000036239624023
woodpecker,reptile,-10.062557220458984,-5.7220458984375e-05
woodpecker,amphibian,-10.06256103515625,-6.103515625e-05
woodpecker,fish,-9.875068664550781,-6.866455078125e-05
woodpecker,arthropod,-9.93757438659668,-7.43865966796875e-05
woodpecker,insect,-9.937564849853516,-6.4849853515625e-05
woodpecker,bird of prey,-9.062637329101562,-0.0001373291015625
woodpecker,aquatic bird,-9.750076293945312,-7.62939453125e-05
woodpecker,canine,-9.687580108642578,-8.0108642578125e-05
woodpecker,feline,-9.75007438659668,-7.43865966796875e-05
woodpecker,primate,-9.750078201293945,-7.82012939453125e-05
woodpecker,aquatic mammal,-9.625091552734375,-9.1552734375e-05
woodpecker,rodent,-10.00006103515625,-6.103515625e-05
woodpecker,bat,-9.937566757202148,-6.67572021484375e-05
woodpecker,bear,-9.56258773803711,-8.7738037109375e-05
woodpecker,cat,-9.562589645385742,-8.96453857421875e-05
woodpecker,cheetah,-9.937566757202148,-6.67572021484375e-05
woodpecker,leopard,-9.375106811523438,-0.0001068115234375
woodpecker,lion,-9.625085830688477,-8.58306884765625e-05
woodpecker,panther,-9.62508773803711,-8.7738037109375e-05
woodpecker,tiger,-9.50009536743164,-9.5367431640625e-05
woodpecker,dog,-9.750078201293945,-7.82012939453125e-05
woodpecker,fox,-9.937566757202148,-6.67572021484375e-05
woodpecker,hyena,-9.62508773803711,-8.7738037109375e-05
woodpecker,wolf,-9.875070571899414,-7.05718994140625e-05
woodpecker,raccoon,-9.375104904174805,-0.0001049041748046875
woodpecker,skunk,-9.500093460083008,-9.34600830078125e-05
woodpecker,otter,-9.56258773803711,-8.7738037109375e-05
woodpecker,beaver,-9.625082015991211,-8.20159912109375e-05
woodpecker,chipmunk,-9.625083923339844,-8.392333984375e-05
woodpecker,squirrel,-9.375102996826172,-0.000102996826171875
woodpecker,gerbil,-9.437601089477539,-0.0001010894775390625
woodpecker,guinea_pig,-9.375106811523438,-0.0001068115234375
woodpecker,hamster,-9.687576293945312,-7.62939453125e-05
woodpecker,mouse,-9.750072479248047,-7.2479248046875e-05
woodpecker,porcupine,-9.50009536743164,-9.5367431640625e-05
woodpecker,rat,-9.625083923339844,-8.392333984375e-05
woodpecker,buffalo,-9.500097274780273,-9.72747802734375e-05
woodpecker,cow,-9.437602996826172,-0.000102996826171875
woodpecker,ox,-9.312614440917969,-0.00011444091796875
woodpecker,goat,-9.375110626220703,-0.000110626220703125
woodpecker,sheep,-9.687582015991211,-8.20159912109375e-05
woodpecker,deer,-9.625085830688477,-8.58306884765625e-05
woodpecker,moose,-9.500093460083008,-9.34600830078125e-05
woodpecker,giraffe,-9.312614440917969,-0.00011444091796875
woodpecker,camel,-9.312612533569336,-0.0001125335693359375
woodpecker,hippo,-9.312614440917969,-0.00011444091796875
woodpecker,llama,-9.437601089477539,-0.0001010894775390625
woodpecker,pig,-9.562589645385742,-8.96453857421875e-05
woodpecker,donkey,-9.62508773803711,-8.7738037109375e-05
woodpecker,horse,-9.562589645385742,-8.96453857421875e-05
woodpecker,pony,-9.37510871887207,-0.0001087188720703125
woodpecker,zebra,-9.562591552734375,-9.1552734375e-05
woodpecker,rhino,-9.62508773803711,-8.7738037109375e-05
woodpecker,gorilla,-9.250120162963867,-0.0001201629638671875
woodpecker,monkey,-9.687582015991211,-8.20159912109375e-05
woodpecker,hedgehog,-9.625085830688477,-8.58306884765625e-05
woodpecker,rabbit,-9.625083923339844,-8.392333984375e-05
woodpecker,seal,-9.562589645385742,-8.96453857421875e-05
woodpecker,walrus,-9.437602996826172,-0.000102996826171875
woodpecker,dolphin,-9.625085830688477,-8.58306884765625e-05
woodpecker,whale,-9.50009536743164,-9.5367431640625e-05
woodpecker,elephant,-9.437601089477539,-0.0001010894775390625
woodpecker,kangaroo,-9.750076293945312,-7.62939453125e-05
woodpecker,platypus,-9.625085830688477,-8.58306884765625e-05
woodpecker,crocodile,-9.50009536743164,-9.5367431640625e-05
woodpecker,alligator,-9.562591552734375,-9.1552734375e-05
woodpecker,lizard,-9.937562942504883,-6.29425048828125e-05
woodpecker,iguana,-9.750076293945312,-7.62939453125e-05
woodpecker,rattlesnake,-9.750078201293945,-7.82012939453125e-05
woodpecker,tortoise,-9.750078201293945,-7.82012939453125e-05
woodpecker,turtle,-9.75007438659668,-7.43865966796875e-05
woodpecker,frog,-9.937564849853516,-6.4849853515625e-05
woodpecker,toad,-9.687582015991211,-8.20159912109375e-05
woodpecker,budgie,-9.625080108642578,-8.0108642578125e-05
woodpecker,parakeet,-9.937564849853516,-6.4849853515625e-05
woodpecker,buzzard,-10.000062942504883,-6.29425048828125e-05
woodpecker,falcon,-10.000059127807617,-5.91278076171875e-05
woodpecker,hawk,-10.125053405761719,-5.340576171875e-05
woodpecker,eagle,-10.00006103515625,-6.103515625e-05
woodpecker,owl,-10.000059127807617,-5.91278076171875e-05
woodpecker,canary,-9.625082015991211,-8.20159912109375e-05
woodpecker,magpie,-9.625082015991211,-8.20159912109375e-05
woodpecker,raven,-9.875066757202148,-6.67572021484375e-05
woodpecker,nightingale,-9.625080108642578,-8.0108642578125e-05
woodpecker,robin,-9.500091552734375,-9.1552734375e-05
woodpecker,starling,-9.500093460083008,-9.34600830078125e-05
woodpecker,sparrow,-9.562585830688477,-8.58306884765625e-05
woodpecker,wren,-9.31260871887207,-0.0001087188720703125
woodpecker,chicken,-8.437740325927734,-0.000240325927734375
woodpecker,cockerel,-9.062639236450195,-0.0001392364501953125
woodpecker,turkey,-8.812667846679688,-0.0001678466796875
woodpecker,dove,-9.625082015991211,-8.20159912109375e-05
woodpecker,pigeon,-9.625082015991211,-8.20159912109375e-05
woodpecker,partridge,-9.31260871887207,-0.0001087188720703125
woodpecker,peacock,-9.375106811523438,-0.0001068115234375
woodpecker,crane,-9.625082015991211,-8.20159912109375e-05
woodpecker,flamingo,-9.56258773803711,-8.7738037109375e-05
woodpecker,heron,-10.000062942504883,-6.29425048828125e-05
woodpecker,duck,-9.875068664550781,-6.866455078125e-05
woodpecker,goose,-9.625082015991211,-8.20159912109375e-05
woodpecker,pelican,-9.687580108642578,-8.0108642578125e-05
woodpecker,penguin,-9.687578201293945,-7.82012939453125e-05
woodpecker,seagull,-10.00006103515625,-6.103515625e-05
woodpecker,swan,-9.75007438659668,-7.43865966796875e-05
woodpecker,hummingbird,-9.875066757202148,-6.67572021484375e-05
woodpecker,kingfisher,-9.625082015991211,-8.20159912109375e-05
woodpecker,woodpecker,-0.000164031982421875,-9.687664031982422
woodpecker,emu,-9.500093460083008,-9.34600830078125e-05
woodpecker,ostrich,-9.437597274780273,-9.72747802734375e-05
woodpecker,carp,-9.437599182128906,-9.918212890625e-05
woodpecker,goldfish,-9.500093460083008,-9.34600830078125e-05
woodpecker,minnow,-9.750076293945312,-7.62939453125e-05
woodpecker,cod,-9.1876220703125,-0.0001220703125
woodpecker,herring,-9.125131607055664,-0.0001316070556640625
woodpecker,sardine,-9.687580108642578,-8.0108642578125e-05
woodpecker,salmon,-9.56258773803711,-8.7738037109375e-05
woodpecker,trout,-9.43759536743164,-9.5367431640625e-05
woodpecker,eel,-9.812572479248047,-7.2479248046875e-05
woodpecker,flounder,-9.500093460083008,-9.34600830078125e-05
woodpecker,mackerel,-9.375106811523438,-0.0001068115234375
woodpecker,tuna,-9.437599182128906,-9.918212890625e-05
woodpecker,seahorse,-9.562591552734375,-9.1552734375e-05
woodpecker,shark,-9.750076293945312,-7.62939453125e-05
woodpecker,bee,-9.875068664550781,-6.866455078125e-05
woodpecker,hornet,-9.875070571899414,-7.05718994140625e-05
woodpecker,wasp,-9.937566757202148,-6.67572021484375e-05
woodpecker,ant,-9.187623977661133,-0.0001239776611328125
woodpecker,beetle,-9.56258773803711,-8.7738037109375e-05
woodpecker,ladybird,-9.375102996826172,-0.000102996826171875
woodpecker,butterfly,-9.937566757202148,-6.67572021484375e-05
woodpecker,moth,-9.750078201293945,-7.82012939453125e-05
woodpecker,cockroach,-9.562591552734375,-9.1552734375e-05
woodpecker,cricket,-9.687576293945312,-7.62939453125e-05
woodpecker,grasshopper,-9.937564849853516,-6.4849853515625e-05
woodpecker,locust,-9.312612533569336,-0.0001125335693359375
woodpecker,dragonfly,-9.875068664550781,-6.866455078125e-05
woodpecker,flea,-9.62508773803711,-8.7738037109375e-05
woodpecker,housefly,-9.812570571899414,-7.05718994140625e-05
woodpecker,mosquito,-9.500097274780273,-9.72747802734375e-05
woodpecker,stick_insect,-9.31260871887207,-0.0001087188720703125
woodpecker,termite,-9.125129699707031,-0.00012969970703125
woodpecker,centipede,-9.687583923339844,-8.392333984375e-05
woodpecker,millipede,-9.500097274780273,-9.72747802734375e-05
woodpecker,scorpion,-9.625089645385742,-8.96453857421875e-05
woodpecker,spider,-9.937566757202148,-6.67572021484375e-05
woodpecker,tarantula,-9.562593460083008,-9.34600830078125e-05
woodpecker,crab,-9.562591552734375,-9.1552734375e-05
woodpecker,crayfish,-9.312614440917969,-0.00011444091796875
woodpecker,lobster,-9.375104904174805,-0.0001049041748046875
woodpecker,prawn,-9.375104904174805,-0.0001049041748046875
woodpecker,shrimp,-9.500093460083008,-9.34600830078125e-05
woodpecker,slug,-9.875070571899414,-7.05718994140625e-05
woodpecker,snail,-9.812572479248047,-7.2479248046875e-05
woodpecker,clam,-9.437602996826172,-0.000102996826171875
woodpecker,mussel,-9.187627792358398,-0.0001277923583984375
woodpecker,scallop,-9.312614440917969,-0.00011444091796875
woodpecker,oyster,-8.62520980834961,-0.000209808349609375
woodpecker,squid,-9.750076293945312,-7.62939453125e-05
woodpecker,octopus,-9.687582015991211,-8.20159912109375e-05
woodpecker,worm,-9.312612533569336,-0.0001125335693359375
woodpecker,jellyfish,-9.875072479248047,-7.2479248046875e-05
emu,animal,-7.05718994140625e-05,-11.250070571899414
emu,vertebrate,-7.62939453125e-05,-10.687576293945312
emu,invertebrate,-10.000070571899414,-7.05718994140625e-05
emu,mammal,-10.250051498413086,-5.14984130859375e-05
emu,bird,-4.9591064453125e-05,-11.562549591064453
emu,reptile,-10.187559127807617,-5.91278076171875e-05
emu,amphibian,-10.250055313110352,-5.53131103515625e-05
emu,fish,-10.312549591064453,-4.9591064453125e-05
emu,arthropod,-10.250059127807617,-5.91278076171875e-05
emu,insect,-10.062566757202148,-6.67572021484375e-05
emu,bird of prey,-10.250053405761719,-5.340576171875e-05
emu,aquatic bird,-9.812578201293945,-7.82012939453125e-05
emu,canine,-10.06256103515625,-6.103515625e-05
emu,feline,-10.000062942504883,-6.29425048828125e-05
emu,primate,-10.187557220458984,-5.7220458984375e-05
emu,aquatic mammal,-9.875082015991211,-8.20159912109375e-05
emu,rodent,-10.125057220458984,-5.7220458984375e-05
emu,bat,-10.000068664550781,-6.866455078125e-05
emu,bear,-10.000064849853516,-6.4849853515625e-05
emu,cat,-10.125057220458984,-5.7220458984375e-05
emu,cheetah,-10.062562942504883,-6.29425048828125e-05
emu,leopard,-9.750082015991211,-8.20159912109375e-05
emu,lion,-9.875072479248047,-7.2479248046875e-05
emu,panther,-9.875076293945312,-7.62939453125e-05
emu,tiger,-9.937570571899414,-7.05718994140625e-05
emu,dog,-10.250053405761719,-5.340576171875e-05
emu,fox,-10.187557220458984,-5.7220458984375e-05
emu,hyena,-10.062564849853516,-6.4849853515625e-05
emu,wolf,-10.12506103515625,-6.103515625e-05
emu,raccoon,-9.750082015991211,-8.20159912109375e-05
emu,skunk,-9.687585830688477,-8.58306884765625e-05
emu,otter,-9.875072479248047,-7.2479248046875e-05
emu,beaver,-10.06256103515625,-6.103515625e-05
emu,chipmunk,-9.812578201293945,-7.82012939453125e-05
emu,squirrel,-10.000066757202148,-6.67572021484375e-05
emu,gerbil,-9.687583923339844,-8.392333984375e-05
emu,guinea_pig,-9.875072479248047,-7.2479248046875e-05
emu,hamster,-10.000062942504883,-6.29425048828125e-05
emu,mouse,-9.875068664550781,-6.866455078125e-05
emu,porcupine,-9.625093460083008,-9.34600830078125e-05
emu,rat,-9.687582015991211,-8.20159912109375e-05
emu,buffalo,-9.500099182128906,-9.918212890625e-05
emu,cow,-10.000064849853516,-6.4849853515625e-05
emu,ox,-9.312612533569336,-0.0001125335693359375
emu,goat,-10.000066757202148,-6.67572021484375e-05
emu,sheep,-10.125057220458984,-5.7220458984375e-05
emu,deer,-10.062559127807617,-5.91278076171875e-05
emu,moose,-10.000064849853516,-6.4849853515625e-05
emu,giraffe,-9.687583923339844,-8.392333984375e-05
emu,camel,-9.50009536743164,-9.5367431640625e-05
emu,hippo,-9.56259536743164,-9.5367431640625e-05
emu,llama,-9.750076293945312,-7.62939453125e-05
emu,pig,-9.87507438659668,-7.43865966796875e-05
emu,donkey,-10.000064849853516,-6.4849853515625e-05
emu,horse,-10.00006103515625,-6.103515625e-05
emu,pony,-9.625085830688477,-8.58306884765625e-05
emu,zebra,-10.06256103515625,-6.103515625e-05
emu,rhino,-10.000066757202148,-6.67572021484375e-05
emu,gorilla,-9.875072479248047,-7.2479248046875e-05
emu,monkey,-10.12506103515625,-6.103515625e-05
emu,hedgehog,-10.062562942504883,-6.29425048828125e-05
emu,rabbit,-10.000062942504883,-6.29425048828125e-05
emu,seal,-9.937570571899414,-7.05718994140625e-05
emu,walrus,-9.750083923339844,-8.392333984375e-05
emu,dolphin,-10.062562942504883,-6.29425048828125e-05
emu,whale,-9.937572479248047,-7.2479248046875e-05
emu,elephant,-9.937568664550781,-6.866455078125e-05
emu,kangaroo,-9.750076293945312,-7.62939453125e-05
emu,platypus,-9.875070571899414,-7.05718994140625e-05
emu,crocodile,-9.937568664550781,-6.866455078125e-05
emu,alligator,-10.062564849853516,-6.4849853515625e-05
emu,lizard,-10.250053405761719,-5.340576171875e-05
emu,iguana,-10.125057220458984,-5.7220458984375e-05
emu,rattlesnake,-10.125064849853516,-6.4849853515625e-05
emu,tortoise,-10.125059127807617,-5.91278076171875e-05
emu,turtle,-10.125059127807617,-5.91278076171875e-05
emu,frog,-10.187557220458984,-5.7220458984375e-05
emu,toad,-9.937570571899414,-7.05718994140625e-05
emu,budgie,-9.625083923339844,-8.392333984375e-05
emu,parakeet,-10.000070571899414,-7.05718994140625e-05
emu,buzzard,-10.12506103515625,-6.103515625e-05
emu,falcon,-10.062562942504883,-6.29425048828125e-05
emu,hawk,-10.125062942504883,-6.29425048828125e-05
emu,eagle,-10.187555313110352,-5.53131103515625e-05
emu,owl,-10.187555313110352,-5.53131103515625e-05
emu,canary,-9.687583923339844,-8.392333984375e-05
emu,magpie,-9.562591552734375,-9.1552734375e-05
emu,raven,-9.875072479248047,-7.2479248046875e-05
emu,nightingale,-9.375106811523438,-0.0001068115234375
emu,robin,-9.312610626220703,-0.000110626220703125
emu,starling,-9.437606811523438,-0.0001068115234375
emu,sparrow,-9.625085830688477,-8.58306884765625e-05
emu,wren,-9.437602996826172,-0.000102996826171875
emu,chicken,-6.501577377319336,-0.0015773773193359375
emu,cockerel,-9.437606811523438,-0.0001068115234375
emu,turkey,-7.563060760498047,-0.000560760498046875
emu,dove,-9.625085830688477,-8.58306884765625e-05
emu,pigeon,-9.125129699707031,-0.00012969970703125
emu,partridge,-8.68769645690918,-0.0001964569091796875
emu,peacock,-9.50009536743164,-9.5367431640625e-05
emu,crane,-7.375673294067383,-0.0006732940673828125
emu,flamingo,-9.750076293945312,-7.62939453125e-05
emu,heron,-9.687585830688477,-8.58306884765625e-05
emu,duck,-10.000062942504883,-6.29425048828125e-05
emu,goose,-9.687580108642578,-8.0108642578125e-05
emu,pelican,-9.750078201293945,-7.82012939453125e-05
emu,penguin,-9.875070571899414,-7.05718994140625e-05
emu,seagull,-10.062562942504883,-6.29425048828125e-05
emu,swan,-10.000064849853516,-6.4849853515625e-05
emu,hummingbird,-9.937566757202148,-6.67572021484375e-05
emu,kingfisher,-9.687582015991211,-8.20159912109375e-05
emu,woodpecker,-9.625085830688477,-8.58306884765625e-05
emu,emu,-0.0003070831298828125,-8.625307083129883
emu,ostrich,-7.4381561279296875,-0.0006561279296875
emu,carp,-9.625089645385742,-8.96453857421875e-05
emu,goldfish,-9.62508773803711,-8.7738037109375e-05
emu,minnow,-9.625093460083008,-9.34600830078125e-05
emu,cod,-9.312612533569336,-0.0001125335693359375
emu,herring,-9.625089645385742,-8.96453857421875e-05
emu,sardine,-9.750080108642578,-8.0108642578125e-05
emu,salmon,-9.750078201293945,-7.82012939453125e-05
emu,trout,-9.812572479248047,-7.2479248046875e-05
emu,eel,-9.750082015991211,-8.20159912109375e-05
emu,flounder,-9.562593460083008,-9.34600830078125e-05
emu,mackerel,-9.375112533569336,-0.0001125335693359375
emu,tuna,-9.750078201293945,-7.82012939453125e-05
emu,seahorse,-9.750083923339844,-8.392333984375e-05
emu,shark,-10.062562942504883,-6.29425048828125e-05
emu,bee,-9.937572479248047,-7.2479248046875e-05
emu,hornet,-9.62509536743164,-9.5367431640625e-05
emu,wasp,-10.000068664550781,-6.866455078125e-05
emu,ant,-9.187629699707031,-0.00012969970703125
emu,beetle,-10.125059127807617,-5.91278076171875e-05
emu,ladybird,-9.312618255615234,-0.000118255615234375
emu,butterfly,-9.937572479248047,-7.2479248046875e-05
emu,moth,-9.500102996826172,-0.000102996826171875
emu,cockroach,-9.437606811523438,-0.0001068115234375
emu,cricket,-9.500097274780273,-9.72747802734375e-05
emu,grasshopper,-9.750080108642578,-8.0108642578125e-05
emu,locust,-9.375114440917969,-0.00011444091796875
emu,dragonfly,-9.937568664550781,-6.866455078125e-05
emu,flea,-9.750080108642578,-8.0108642578125e-05
emu,housefly,-9.87507438659668,-7.43865966796875e-05
emu,mosquito,-9.56259536743164,-9.5367431640625e-05
emu,stick_insect,-9.125137329101562,-0.0001373291015625
emu,termite,-9.500097274780273,-9.72747802734375e-05
emu,centipede,-9.937572479248047,-7.2479248046875e-05
emu,millipede,-9.500101089477539,-0.0001010894775390625
emu,scorpion,-10.062564849853516,-6.4849853515625e-05
emu,spider,-9.875078201293945,-7.82012939453125e-05
emu,tarantula,-9.875078201293945,-7.82012939453125e-05
emu,crab,-9.937570571899414,-7.05718994140625e-05
emu,crayfish,-9.750080108642578,-8.0108642578125e-05
emu,lobster,-9.62508773803711,-8.7738037109375e-05
emu,prawn,-9.37510871887207,-0.0001087188720703125
emu,shrimp,-9.500099182128906,-9.918212890625e-05
emu,slug,-9.875072479248047,-7.2479248046875e-05
emu,snail,-9.937568664550781,-6.866455078125e-05
emu,clam,-9.56259536743164,-9.5367431640625e-05
emu,mussel,-9.375110626220703,-0.000110626220703125
emu,scallop,-9.500101089477539,-0.0001010894775390625
emu,oyster,-9.250120162963867,-0.0001201629638671875
emu,squid,-10.000064849853516,-6.4849853515625e-05
emu,octopus,-9.750082015991211,-8.20159912109375e-05
emu,worm,-9.937568664550781,-6.866455078125e-05
emu,jellyfish,-10.000068664550781,-6.866455078125e-05
ostrich,animal,-6.4849853515625e-05,-11.250064849853516
ostrich,vertebrate,-4.9591064453125e-05,-11.375049591064453
ostrich,invertebrate,-10.062562942504883,-6.29425048828125e-05
ostrich,mammal,-10.125055313110352,-5.53131103515625e-05
ostrich,bird,-4.57763671875e-05,-11.687545776367188
ostrich,reptile,-9.562593460083008,-9.34600830078125e-05
ostrich,amphibian,-10.187555313110352,-5.53131103515625e-05
ostrich,fish,-10.187553405761719,-5.340576171875e-05
ostrich,arthropod,-10.18756103515625,-6.103515625e-05
ostrich,insect,-10.062562942504883,-6.29425048828125e-05
ostrich,bird of prey,-10.125057220458984,-5.7220458984375e-05
ostrich,aquatic bird,-9.625089645385742,-8.96453857421875e-05
ostrich,canine,-10.06256103515625,-6.103515625e-05
ostrich,feline,-10.062559127807617,-5.91278076171875e-05
ostrich,primate,-10.06256103515625,-6.103515625e-05
ostrich,aquatic mammal,-9.750085830688477,-8.58306884765625e-05
ostrich,rodent,-10.062559127807617,-5.91278076171875e-05
ostrich,bat,-10.000064849853516,-6.4849853515625e-05
ostrich,bear,-10.06256103515625,-6.103515625e-05
ostrich,cat,-10.062559127807617,-5.91278076171875e-05
ostrich,cheetah,-10.125057220458984,-5.7220458984375e-05
ostrich,leopard,-9.750080108642578,-8.0108642578125e-05
ostrich,lion,-9.875068664550781,-6.866455078125e-05
ostrich,panther,-10.062564849853516,-6.4849853515625e-05
ostrich,tiger,-10.125059127807617,-5.91278076171875e-05
ostrich,dog,-10.06256103515625,-6.103515625e-05
ostrich,fox,-10.06256103515625,-6.103515625e-05
ostrich,hyena,-9.750080108642578,-8.0108642578125e-05
ostrich,wolf,-10.06256103515625,-6.103515625e-05
ostrich,raccoon,-9.500099182128906,-9.918212890625e-05
ostrich,skunk,-9.437602996826172,-0.000102996826171875
ostrich,otter,-9.62508773803711,-8.7738037109375e-05
ostrich,beaver,-9.750076293945312,-7.62939453125e-05
ostrich,chipmunk,-9.81257438659668,-7.43865966796875e-05
ostrich,squirrel,-9.750078201293945,-7.82012939453125e-05
ostrich,gerbil,-9.625085830688477,-8.58306884765625e-05
ostrich,guinea_pig,-9.62508773803711,-8.7738037109375e-05
ostrich,hamster,-9.75007438659668,-7.43865966796875e-05
ostrich,mouse,-9.812570571899414,-7.05718994140625e-05
ostrich,porcupine,-9.562593460083008,-9.34600830078125e-05
ostrich,rat,-9.687580108642578,-8.0108642578125e-05
ostrich,buffalo,-9.750078201293945,-7.82012939453125e-05
ostrich,cow,-10.062559127807617,-5.91278076171875e-05
ostrich,ox,-9.312614440917969,-0.00011444091796875
ostrich,goat,-9.875070571899414,-7.05718994140625e-05
ostrich,sheep,-10.125057220458984,-5.7220458984375e-05
ostrich,deer,-10.000062942504883,-6.29425048828125e-05
ostrich,moose,-9.81257438659668,-7.43865966796875e-05
ostrich,giraffe,-9.62508773803711,-8.7738037109375e-05
ostrich,camel,-9.437601089477539,-0.0001010894775390625
ostrich,hippo,-9.500097274780273,-9.72747802734375e-05
ostrich,llama,-9.500093460083008,-9.34600830078125e-05
ostrich,pig,-9.750080108642578,-8.0108642578125e-05
ostrich,donkey,-10.000062942504883,-6.29425048828125e-05
ostrich,horse,-10.062559127807617,-5.91278076171875e-05
ostrich,pony,-9.500093460083008,-9.34600830078125e-05
ostrich,zebra,-9.875070571899414,-7.05718994140625e-05
ostrich,rhino,-9.750078201293945,-7.82012939453125e-05
ostrich,gorilla,-9.750078201293945,-7.82012939453125e-05
ostrich,monkey,-10.06256103515625,-6.103515625e-05
ostrich,hedgehog,-9.81257438659668,-7.43865966796875e-05
ostrich,rabbit,-10.062557220458984,-5.7220458984375e-05
ostrich,seal,-9.81257438659668,-7.43865966796875e-05
ostrich,walrus,-9.687585830688477,-8.58306884765625e-05
ostrich,dolphin,-9.937566757202148,-6.67572021484375e-05
ostrich,whale,-9.875070571899414,-7.05718994140625e-05
ostrich,elephant,-10.00006103515625,-6.103515625e-05
ostrich,kangaroo,-9.875070571899414,-7.05718994140625e-05
ostrich,platypus,-9.812576293945312,-7.62939453125e-05
ostrich,crocodile,-9.750078201293945,-7.82012939453125e-05
ostrich,alligator,-10.06256103515625,-6.103515625e-05
ostrich,lizard,-10.125057220458984,-5.7220458984375e-05
ostrich,iguana,-9.812572479248047,-7.2479248046875e-05
ostrich,rattlesnake,-10.000066757202148,-6.67572021484375e-05
ostrich,tortoise,-10.062559127807617,-5.91278076171875e-05
ostrich,turtle,-10.06256103515625,-6.103515625e-05
ostrich,frog,-10.125057220458984,-5.7220458984375e-05
ostrich,toad,-9.875070571899414,-7.05718994140625e-05
ostrich,budgie,-9.437599182128906,-9.918212890625e-05
ostrich,parakeet,-10.062562942504883,-6.29425048828125e-05
ostrich,buzzard,-10.062562942504883,-6.29425048828125e-05
ostrich,falcon,-10.000064849853516,-6.4849853515625e-05
ostrich,hawk,-10.125059127807617,-5.91278076171875e-05
ostrich,eagle,-10.187553405761719,-5.340576171875e-05
ostrich,owl,-10.062559127807617,-5.91278076171875e-05
ostrich,canary,-9.687580108642578,-8.0108642578125e-05
ostrich,magpie,-9.62508773803711,-8.7738037109375e-05
ostrich,raven,-9.62508773803711,-8.7738037109375e-05
ostrich,nightingale,-9.500093460083008,-9.34600830078125e-05
ostrich,robin,-9.437597274780273,-9.72747802734375e-05
ostrich,starling,-9.187629699707031,-0.00012969970703125
ostrich,sparrow,-9.750076293945312,-7.62939453125e-05
ostrich,wren,-9.500093460083008,-9.34600830078125e-05
ostrich,chicken,-6.189634323120117,-0.0021343231201171875
ostrich,cockerel,-9.500097274780273,-9.72747802734375e-05
ostrich,turkey,-9.125129699707031,-0.00012969970703125
ostrich,dove,-9.687580108642578,-8.0108642578125e-05
ostrich,pigeon,-9.812570571899414,-7.05718994140625e-05
ostrich,partridge,-9.062639236450195,-0.0001392364501953125
ostrich,peacock,-9.50009536743164,-9.5367431640625e-05
ostrich,crane,-8.437744140625,-0.000244140625
ostrich,flamingo,-9.562589645385742,-8.96453857421875e-05
ostrich,heron,-9.500099182128906,-9.918212890625e-05
ostrich,duck,-10.062559127807617,-5.91278076171875e-05
ostrich,goose,-10.00006103515625,-6.103515625e-05
ostrich,pelican,-9.687582015991211,-8.20159912109375e-05
ostrich,penguin,-9.875066757202148,-6.67572021484375e-05
ostrich,seagull,-9.875070571899414,-7.05718994140625e-05
ostrich,swan,-10.000062942504883,-6.29425048828125e-05
ostrich,hummingbird,-9.812572479248047,-7.2479248046875e-05
ostrich,kingfisher,-9.625085830688477,-8.58306884765625e-05
ostrich,woodpecker,-9.437599182128906,-9.918212890625e-05
ostrich,emu,-9.125143051147461,-0.0001430511474609375
ostrich,ostrich,-0.000408172607421875,-8.250408172607422
ostrich,carp,-9.62508773803711,-8.7738037109375e-05
ostrich,goldfish,-9.687582015991211,-8.20159912109375e-05
ostrich,minnow,-9.625089645385742,-8.96453857421875e-05
ostrich,cod,-9.250116348266602,-0.0001163482666015625
ostrich,herring,-9.562589645385742,-8.96453857421875e-05
ostrich,sardine,-9.750076293945312,-7.62939453125e-05
ostrich,salmon,-9.687582015991211,-8.20159912109375e-05
ostrich,trout,-9.625083923339844,-8.392333984375e-05
ostrich,eel,-9.937566757202148,-6.67572021484375e-05
ostrich,flounder,-9.562589645385742,-8.96453857421875e-05
ostrich,mackerel,-9.500097274780273,-9.72747802734375e-05
ostrich,tuna,-9.562589645385742,-8.96453857421875e-05
ostrich,seahorse,-9.687583923339844,-8.392333984375e-05
ostrich,shark,-10.000062942504883,-6.29425048828125e-05
ostrich,bee,-9.812572479248047,-7.2479248046875e-05
ostrich,hornet,-9.750082015991211,-8.20159912109375e-05
ostrich,wasp,-9.750080108642578,-8.0108642578125e-05
ostrich,ant,-9.250120162963867,-0.0001201629638671875
ostrich,beetle,-10.062559127807617,-5.91278076171875e-05
ostrich,ladybird,-9.437601089477539,-0.0001010894775390625
ostrich,butterfly,-10.000062942504883,-6.29425048828125e-05
ostrich,moth,-9.625089645385742,-8.96453857421875e-05
ostrich,cockroach,-9.62508773803711,-8.7738037109375e-05
ostrich,cricket,-9.562591552734375,-9.1552734375e-05
ostrich,grasshopper,-9.875068664550781,-6.866455078125e-05
ostrich,locust,-9.2501220703125,-0.0001220703125
ostrich,dragonfly,-9.750078201293945,-7.82012939453125e-05
ostrich,flea,-9.687582015991211,-8.20159912109375e-05
ostrich,housefly,-9.750078201293945,-7.82012939453125e-05
ostrich,mosquito,-9.62508773803711,-8.7738037109375e-05
ostrich,stick_insect,-9.375106811523438,-0.0001068115234375
ostrich,termite,-9.375106811523438,-0.0001068115234375
ostrich,centipede,-9.750082015991211,-8.20159912109375e-05
ostrich,millipede,-9.500101089477539,-0.0001010894775390625
ostrich,scorpion,-9.875072479248047,-7.2479248046875e-05
ostrich,spider,-10.000064849853516,-6.4849853515625e-05
ostrich,tarantula,-9.687585830688477,-8.58306884765625e-05
ostrich,crab,-9.81257438659668,-7.43865966796875e-05
ostrich,crayfish,-9.750078201293945,-7.82012939453125e-05
ostrich,lobster,-9.562591552734375,-9.1552734375e-05
ostrich,prawn,-9.50009536743164,-9.5367431640625e-05
ostrich,shrimp,-9.437599182128906,-9.918212890625e-05
ostrich,slug,-9.687582015991211,-8.20159912109375e-05
ostrich,snail,-9.812572479248047,-7.2479248046875e-05
ostrich,clam,-9.562593460083008,-9.34600830078125e-05
ostrich,mussel,-9.562591552734375,-9.1552734375e-05
ostrich,scallop,-9.500097274780273,-9.72747802734375e-05
ostrich,oyster,-9.312614440917969,-0.00011444091796875
ostrich,squid,-9.81257438659668,-7.43865966796875e-05
ostrich,octopus,-9.687585830688477,-8.58306884765625e-05
ostrich,worm,-9.750078201293945,-7.82012939453125e-05
ostrich,jellyfish,-9.875072479248047,-7.2479248046875e-05
carp,animal,-8.0108642578125e-05,-11.125080108642578
carp,vertebrate,-5.91278076171875e-05,-11.125059127807617
carp,invertebrate,-10.000070571899414,-7.05718994140625e-05
carp,mammal,-10.312549591064453,-4.9591064453125e-05
carp,bird,-9.87507438659668,-7.43865966796875e-05
carp,reptile,-10.312553405761719,-5.340576171875e-05
carp,amphibian,-10.250055313110352,-5.53131103515625e-05
carp,fish,-4.00543212890625e-05,-12.125040054321289
carp,arthropod,-10.25006103515625,-6.103515625e-05
carp,insect,-10.125064849853516,-6.4849853515625e-05
carp,bird of prey,-9.875082015991211,-8.20159912109375e-05
carp,aquatic bird,-9.812582015991211,-8.20159912109375e-05
carp,canine,-9.937570571899414,-7.05718994140625e-05
carp,feline,-9.750078201293945,-7.82012939453125e-05
carp,primate,-9.937570571899414,-7.05718994140625e-05
carp,aquatic mammal,-10.000068664550781,-6.866455078125e-05
carp,rodent,-10.062564849853516,-6.4849853515625e-05
carp,bat,-9.500104904174805,-0.0001049041748046875
carp,bear,-9.56259536743164,-9.5367431640625e-05
carp,cat,-9.500099182128906,-9.918212890625e-05
carp,cheetah,-9.750082015991211,-8.20159912109375e-05
carp,leopard,-9.000158309936523,-0.0001583099365234375
carp,lion,-9.500102996826172,-0.000102996826171875
carp,panther,-9.3126220703125,-0.0001220703125
carp,tiger,-8.56273078918457,-0.0002307891845703125
carp,dog,-9.875078201293945,-7.82012939453125e-05
carp,fox,-9.625091552734375,-9.1552734375e-05
carp,hyena,-9.62509536743164,-9.5367431640625e-05
carp,wolf,-9.500102996826172,-0.000102996826171875
carp,raccoon,-9.18763542175293,-0.0001354217529296875
carp,skunk,-9.250125885009766,-0.000125885009765625
carp,otter,-9.625091552734375,-9.1552734375e-05
carp,beaver,-9.562591552734375,-9.1552734375e-05
carp,chipmunk,-9.500099182128906,-9.918212890625e-05
carp,squirrel,-9.750082015991211,-8.20159912109375e-05
carp,gerbil,-9.562593460083008,-9.34600830078125e-05
carp,guinea_pig,-9.56259536743164,-9.5367431640625e-05
carp,hamster,-9.625089645385742,-8.96453857421875e-05
carp,mouse,-9.625085830688477,-8.58306884765625e-05
carp,porcupine,-9.3126220703125,-0.0001220703125
carp,rat,-9.625091552734375,-9.1552734375e-05
carp,buffalo,-8.25030517578125,-0.00030517578125
carp,cow,-9.687585830688477,-8.58306884765625e-05
carp,ox,-8.812681198120117,-0.0001811981201171875
carp,goat,-9.750083923339844,-8.392333984375e-05
carp,sheep,-9.875076293945312,-7.62939453125e-05
carp,deer,-9.625093460083008,-9.34600830078125e-05
carp,moose,-9.56259536743164,-9.5367431640625e-05
carp,giraffe,-9.437606811523438,-0.0001068115234375
carp,camel,-9.375112533569336,-0.0001125335693359375
carp,hippo,-9.187633514404297,-0.000133514404296875
carp,llama,-9.500101089477539,-0.0001010894775390625
carp,pig,-9.43760871887207,-0.0001087188720703125
carp,donkey,-9.500106811523438,-0.0001068115234375
carp,horse,-9.500104904174805,-0.0001049041748046875
carp,pony,-9.375112533569336,-0.0001125335693359375
carp,zebra,-9.000160217285156,-0.00016021728515625
carp,rhino,-9.500101089477539,-0.0001010894775390625
carp,gorilla,-9.375110626220703,-0.000110626220703125
carp,monkey,-9.625091552734375,-9.1552734375e-05
carp,hedgehog,-9.625093460083008,-9.34600830078125e-05
carp,rabbit,-9.87507438659668,-7.43865966796875e-05
carp,seal,-9.687583923339844,-8.392333984375e-05
carp,walrus,-9.562597274780273,-9.72747802734375e-05
carp,dolphin,-9.81257438659668,-7.43865966796875e-05
carp,whale,-9.750080108642578,-8.0108642578125e-05
carp,elephant,-9.437604904174805,-0.0001049041748046875
carp,kangaroo,-9.62508773803711,-8.7738037109375e-05
carp,platypus,-9.87507438659668,-7.43865966796875e-05
carp,crocodile,-9.750080108642578,-8.0108642578125e-05
carp,alligator,-9.87507438659668,-7.43865966796875e-05
carp,lizard,-10.125062942504883,-6.29425048828125e-05
carp,iguana,-9.687585830688477,-8.58306884765625e-05
carp,rattlesnake,-9.750082015991211,-8.20159912109375e-05
carp,tortoise,-9.937570571899414,-7.05718994140625e-05
carp,turtle,-10.000066757202148,-6.67572021484375e-05
carp,frog,-10.125059127807617,-5.91278076171875e-05
carp,toad,-9.750082015991211,-8.20159912109375e-05
carp,budgie,-9.500099182128906,-9.918212890625e-05
carp,parakeet,-9.687589645385742,-8.96453857421875e-05
carp,buzzard,-9.62509536743164,-9.5367431640625e-05
carp,falcon,-9.562597274780273,-9.72747802734375e-05
carp,hawk,-9.500104904174805,-0.0001049041748046875
carp,eagle,-9.562597274780273,-9.72747802734375e-05
carp,owl,-9.56259536743164,-9.5367431640625e-05
carp,canary,-9.500097274780273,-9.72747802734375e-05
carp,magpie,-9.56259536743164,-9.5367431640625e-05
carp,raven,-9.312620162963867,-0.0001201629638671875
carp,nightingale,-9.187629699707031,-0.00012969970703125
carp,robin,-9.312620162963867,-0.0001201629638671875
carp,starling,-9.43760871887207,-0.0001087188720703125
carp,sparrow,-9.56259536743164,-9.5367431640625e-05
carp,wren,-9.37510871887207,-0.0001087188720703125
carp,chicken,-9.875072479248047,-7.2479248046875e-05
carp,cockerel,-9.250127792358398,-0.0001277923583984375
carp,turkey,-9.437602996826172,-0.000102996826171875
carp,dove,-9.56259536743164,-9.5367431640625e-05
carp,pigeon,-9.687583923339844,-8.392333984375e-05
carp,partridge,-9.500101089477539,-0.0001010894775390625
carp,peacock,-9.312620162963867,-0.0001201629638671875
carp,crane,-9.062646865844727,-0.0001468658447265625
carp,flamingo,-9.562591552734375,-9.1552734375e-05
carp,heron,-9.687589645385742,-8.96453857421875e-05
carp,duck,-9.87507438659668,-7.43865966796875e-05
carp,goose,-9.62508773803711,-8.7738037109375e-05
carp,pelican,-9.500099182128906,-9.918212890625e-05
carp,penguin,-9.62508773803711,-8.7738037109375e-05
carp,seagull,-9.687585830688477,-8.58306884765625e-05
carp,swan,-9.62508773803711,-8.7738037109375e-05
carp,hummingbird,-9.56259536743164,-9.5367431640625e-05
carp,kingfisher,-9.562593460083008,-9.34600830078125e-05
carp,woodpecker,-9.500099182128906,-9.918212890625e-05
carp,emu,-9.562597274780273,-9.72747802734375e-05
carp,ostrich,-9.500099182128906,-9.918212890625e-05
carp,carp,-0.0002880096435546875,-8.875288009643555
carp,goldfish,-7.75047492980957,-0.0004749298095703125
carp,minnow,-7.250764846801758,-0.0007648468017578125
carp,cod,-9.875068664550781,-6.866455078125e-05
carp,herring,-9.62508773803711,-8.7738037109375e-05
carp,sardine,-9.81257438659668,-7.43865966796875e-05
carp,salmon,-10.000062942504883,-6.29425048828125e-05
carp,trout,-10.062559127807617,-5.91278076171875e-05
carp,eel,-10.187555313110352,-5.53131103515625e-05
carp,flounder,-10.062559127807617,-5.91278076171875e-05
carp,mackerel,-9.750078201293945,-7.82012939453125e-05
carp,tuna,-9.687580108642578,-8.0108642578125e-05
carp,seahorse,-9.625089645385742,-8.96453857421875e-05
carp,shark,-10.187555313110352,-5.53131103515625e-05
carp,bee,-9.750082015991211,-8.20159912109375e-05
carp,hornet,-9.500106811523438,-0.0001068115234375
carp,wasp,-9.75008773803711,-8.7738037109375e-05
carp,ant,-9.500104904174805,-0.0001049041748046875
carp,beetle,-9.937572479248047,-7.2479248046875e-05
carp,ladybird,-9.312616348266602,-0.0001163482666015625
carp,butterfly,-9.500104904174805,-0.0001049041748046875
carp,moth,-9.250131607055664,-0.0001316070556640625
carp,cockroach,-9.43760871887207,-0.0001087188720703125
carp,cricket,-9.500102996826172,-0.000102996826171875
carp,grasshopper,-9.937572479248047,-7.2479248046875e-05
carp,locust,-9.375114440917969,-0.00011444091796875
carp,dragonfly,-9.750082015991211,-8.20159912109375e-05
carp,flea,-9.437606811523438,-0.0001068115234375
carp,housefly,-9.750082015991211,-8.20159912109375e-05
carp,mosquito,-9.500102996826172,-0.000102996826171875
carp,stick_insect,-9.437604904174805,-0.0001049041748046875
carp,termite,-9.625089645385742,-8.96453857421875e-05
carp,centipede,-9.750083923339844,-8.392333984375e-05
carp,millipede,-9.500102996826172,-0.000102996826171875
carp,scorpion,-9.562601089477539,-0.0001010894775390625
carp,spider,-9.812582015991211,-8.20159912109375e-05
carp,tarantula,-9.562597274780273,-9.72747802734375e-05
carp,crab,-9.87507438659668,-7.43865966796875e-05
carp,crayfish,-10.125059127807617,-5.91278076171875e-05
carp,lobster,-10.000064849853516,-6.4849853515625e-05
carp,prawn,-10.000062942504883,-6.29425048828125e-05
carp,shrimp,-10.125057220458984,-5.7220458984375e-05
carp,slug,-9.56259536743164,-9.5367431640625e-05
carp,snail,-10.000066757202148,-6.67572021484375e-05
carp,clam,-9.750082015991211,-8.20159912109375e-05
carp,mussel,-9.687583923339844,-8.392333984375e-05
carp,scallop,-9.750080108642578,-8.0108642578125e-05
carp,oyster,-9.625089645385742,-8.96453857421875e-05
carp,squid,-10.125057220458984,-5.7220458984375e-05
carp,octopus,-9.750082015991211,-8.20159912109375e-05
carp,worm,-9.875070571899414,-7.05718994140625e-05
carp,jellyfish,-10.062564849853516,-6.4849853515625e-05
goldfish,animal,-5.53131103515625e-05,-11.500055313110352
goldfish,vertebrate,-7.62939453125e-05,-10.562576293945312
goldfish,invertebrate,-9.937570571899414,-7.05718994140625e-05
goldfish,mammal,-10.125057220458984,-5.7220458984375e-05
goldfish,bird,-9.625091552734375,-9.1552734375e-05
goldfish,reptile,-10.062562942504883,-6.29425048828125e-05
goldfish,amphibian,-10.312551498413086,-5.14984130859375e-05
goldfish,fish,-6.29425048828125e-05,-11.125062942504883
goldfish,arthropod,-10.250059127807617,-5.91278076171875e-05
goldfish,insect,-10.000070571899414,-7.05718994140625e-05
goldfish,bird of prey,-9.562601089477539,-0.0001010894775390625
goldfish,aquatic bird,-9.500104904174805,-0.0001049041748046875
goldfish,canine,-9.750080108642578,-8.0108642578125e-05
goldfish,feline,-9.625085830688477,-8.58306884765625e-05
goldfish,primate,-9.750080108642578,-8.0108642578125e-05
goldfish,aquatic mammal,-10.062562942504883,-6.29425048828125e-05
goldfish,rodent,-9.875070571899414,-7.05718994140625e-05
goldfish,bat,-9.625089645385742,-8.96453857421875e-05
goldfish,bear,-9.437602996826172,-0.000102996826171875
goldfish,cat,-9.875070571899414,-7.05718994140625e-05
goldfish,cheetah,-9.62508773803711,-8.7738037109375e-05
goldfish,leopard,-8.687704086303711,-0.0002040863037109375
goldfish,lion,-9.12513542175293,-0.0001354217529296875
goldfish,panther,-9.125141143798828,-0.000141143798828125
goldfish,tiger,-8.750190734863281,-0.00019073486328125
goldfish,dog,-9.812576293945312,-7.62939453125e-05
goldfish,fox,-9.312616348266602,-0.0001163482666015625
goldfish,hyena,-9.625091552734375,-9.1552734375e-05
goldfish,wolf,-9.312616348266602,-0.0001163482666015625
goldfish,raccoon,-9.312618255615234,-0.000118255615234375
goldfish,skunk,-9.187633514404297,-0.000133514404296875
goldfish,otter,-9.437604904174805,-0.0001049041748046875
goldfish,beaver,-9.437602996826172,-0.000102996826171875
goldfish,chipmunk,-9.687585830688477,-8.58306884765625e-05
goldfish,squirrel,-9.562597274780273,-9.72747802734375e-05
goldfish,gerbil,-9.750080108642578,-8.0108642578125e-05
goldfish,guinea_pig,-9.812578201293945,-7.82012939453125e-05
goldfish,hamster,-9.81257438659668,-7.43865966796875e-05
goldfish,mouse,-9.687582015991211,-8.20159912109375e-05
goldfish,porcupine,-9.43760871887207,-0.0001087188720703125
goldfish,rat,-9.62508773803711,-8.7738037109375e-05
goldfish,buffalo,-9.187633514404297,-0.000133514404296875
goldfish,cow,-9.750080108642578,-8.0108642578125e-05
goldfish,ox,-9.312618255615234,-0.000118255615234375
goldfish,goat,-9.437610626220703,-0.000110626220703125
goldfish,sheep,-9.56259536743164,-9.5367431640625e-05
goldfish,deer,-9.375112533569336,-0.0001125335693359375
goldfish,moose,-9.437604904174805,-0.0001049041748046875
goldfish,giraffe,-9.437606811523438,-0.0001068115234375
goldfish,camel,-9.437604904174805,-0.0001049041748046875
goldfish,hippo,-9.375110626220703,-0.000110626220703125
goldfish,llama,-9.437606811523438,-0.0001068115234375
goldfish,pig,-9.375114440917969,-0.00011444091796875
goldfish,donkey,-9.562597274780273,-9.72747802734375e-05
goldfish,horse,-9.500099182128906,-9.918212890625e-05
goldfish,pony,-9.312618255615234,-0.000118255615234375
goldfish,zebra,-9.125141143798828,-0.000141143798828125
goldfish,rhino,-9.500101089477539,-0.0001010894775390625
goldfish,gorilla,-9.375110626220703,-0.000110626220703125
goldfish,monkey,-9.687585830688477,-8.58306884765625e-05
goldfish,hedgehog,-9.500104904174805,-0.0001049041748046875
goldfish,rabbit,-9.750080108642578,-8.0108642578125e-05
goldfish,seal,-9.500099182128906,-9.918212890625e-05
goldfish,walrus,-9.375110626220703,-0.000110626220703125
goldfish,dolphin,-9.750078201293945,-7.82012939453125e-05
goldfish,whale,-9.750078201293945,-7.82012939453125e-05
goldfish,elephant,-9.625085830688477,-8.58306884765625e-05
goldfish,kangaroo,-9.62508773803711,-8.7738037109375e-05
goldfish,platypus,-9.625089645385742,-8.96453857421875e-05
goldfish,crocodile,-9.625085830688477,-8.58306884765625e-05
goldfish,alligator,-9.56259536743164,-9.5367431640625e-05
goldfish,lizard,-9.937570571899414,-7.05718994140625e-05
goldfish,iguana,-9.750080108642578,-8.0108642578125e-05
goldfish,rattlesnake,-9.562597274780273,-9.72747802734375e-05
goldfish,tortoise,-9.875072479248047,-7.2479248046875e-05
goldfish,turtle,-10.000066757202148,-6.67572021484375e-05
goldfish,frog,-10.000066757202148,-6.67572021484375e-05
goldfish,toad,-9.625089645385742,-8.96453857421875e-05
goldfish,budgie,-9.500099182128906,-9.918212890625e-05
goldfish,parakeet,-9.93757438659668,-7.43865966796875e-05
goldfish,buzzard,-9.500102996826172,-0.000102996826171875
goldfish,falcon,-9.375110626220703,-0.000110626220703125
goldfish,hawk,-9.375112533569336,-0.0001125335693359375
goldfish,eagle,-9.437604904174805,-0.0001049041748046875
goldfish,owl,-9.500097274780273,-9.72747802734375e-05
goldfish,canary,-9.437604904174805,-0.0001049041748046875
goldfish,magpie,-9.312618255615234,-0.000118255615234375
goldfish,raven,-9.250123977661133,-0.0001239776611328125
goldfish,nightingale,-9.187629699707031,-0.00012969970703125
goldfish,robin,-9.187627792358398,-0.0001277923583984375
goldfish,starling,-9.250125885009766,-0.000125885009765625
goldfish,sparrow,-9.312618255615234,-0.000118255615234375
goldfish,wren,-9.2501220703125,-0.0001220703125
goldfish,chicken,-9.625089645385742,-8.96453857421875e-05
goldfish,cockerel,-9.312618255615234,-0.000118255615234375
goldfish,turkey,-9.312616348266602,-0.0001163482666015625
goldfish,dove,-9.375112533569336,-0.0001125335693359375
goldfish,pigeon,-9.562593460083008,-9.34600830078125e-05
goldfish,partridge,-9.250125885009766,-0.000125885009765625
goldfish,peacock,-9.187631607055664,-0.0001316070556640625
goldfish,crane,-9.187629699707031,-0.00012969970703125
goldfish,flamingo,-9.375106811523438,-0.0001068115234375
goldfish,heron,-9.250127792358398,-0.0001277923583984375
goldfish,duck,-9.625089645385742,-8.96453857421875e-05
goldfish,goose,-9.312616348266602,-0.0001163482666015625
goldfish,pelican,-9.312618255615234,-0.000118255615234375
goldfish,penguin,-9.437602996826172,-0.000102996826171875
goldfish,seagull,-9.625089645385742,-8.96453857421875e-05
goldfish,swan,-9.562591552734375,-9.1552734375e-05
goldfish,hummingbird,-9.375114440917969,-0.00011444091796875
goldfish,kingfisher,-9.187631607055664,-0.0001316070556640625
goldfish,woodpecker,-9.375110626220703,-0.000110626220703125
goldfish,emu,-9.437604904174805,-0.0001049041748046875
goldfish,ostrich,-9.562591552734375,-9.1552734375e-05
goldfish,carp,-0.00037384033203125,-8.312873840332031
goldfish,goldfish,-0.0006809234619140625,-7.875680923461914
goldfish,minnow,-0.5252704620361328,-0.9002704620361328
goldfish,cod,-8.50023078918457,-0.0002307891845703125
goldfish,herring,-8.31277847290039,-0.000278472900390625
goldfish,sardine,-9.437599182128906,-9.918212890625e-05
goldfish,salmon,-9.000146865844727,-0.0001468658447265625
goldfish,trout,-9.50009536743164,-9.5367431640625e-05
goldfish,eel,-10.000064849853516,-6.4849853515625e-05
goldfish,flounder,-9.437602996826172,-0.000102996826171875
goldfish,mackerel,-9.000150680541992,-0.0001506805419921875
goldfish,tuna,-9.437599182128906,-9.918212890625e-05
goldfish,seahorse,-9.625089645385742,-8.96453857421875e-05
goldfish,shark,-9.81257438659668,-7.43865966796875e-05
goldfish,bee,-9.625091552734375,-9.1552734375e-05
goldfish,hornet,-9.500104904174805,-0.0001049041748046875
goldfish,wasp,-9.62509536743164,-9.5367431640625e-05
goldfish,ant,-9.500101089477539,-0.0001010894775390625
goldfish,beetle,-9.875076293945312,-7.62939453125e-05
goldfish,ladybird,-9.00015640258789,-0.000156402587890625
goldfish,butterfly,-9.625089645385742,-8.96453857421875e-05
goldfish,moth,-9.375114440917969,-0.00011444091796875
goldfish,cockroach,-9.625093460083008,-9.34600830078125e-05
goldfish,cricket,-9.56259536743164,-9.5367431640625e-05
goldfish,grasshopper,-9.812580108642578,-8.0108642578125e-05
goldfish,locust,-9.43760871887207,-0.0001087188720703125
goldfish,dragonfly,-9.562597274780273,-9.72747802734375e-05
goldfish,flea,-9.500101089477539,-0.0001010894775390625
goldfish,housefly,-9.625093460083008,-9.34600830078125e-05
goldfish,mosquito,-9.375114440917969,-0.00011444091796875
goldfish,stick_insect,-9.56259536743164,-9.5367431640625e-05
goldfish,termite,-9.500101089477539,-0.0001010894775390625
goldfish,centipede,-9.750085830688477,-8.58306884765625e-05
goldfish,millipede,-9.625093460083008,-9.34600830078125e-05
goldfish,scorpion,-9.625091552734375,-9.1552734375e-05
goldfish,spider,-9.562601089477539,-0.0001010894775390625
goldfish,tarantula,-9.562593460083008,-9.34600830078125e-05
goldfish,crab,-10.06256103515625,-6.103515625e-05
goldfish,crayfish,-9.750082015991211,-8.20159912109375e-05
goldfish,lobster,-9.437602996826172,-0.000102996826171875
goldfish,prawn,-9.50009536743164,-9.5367431640625e-05
goldfish,shrimp,-9.87507438659668,-7.43865966796875e-05
goldfish,slug,-9.500101089477539,-0.0001010894775390625
goldfish,snail,-9.937570571899414,-7.05718994140625e-05
goldfish,clam,-9.56259536743164,-9.5367431640625e-05
goldfish,mussel,-9.312618255615234,-0.000118255615234375
goldfish,scallop,-9.312616348266602,-0.0001163482666015625
goldfish,oyster,-9.312618255615234,-0.000118255615234375
goldfish,squid,-9.875070571899414,-7.05718994140625e-05
goldfish,octopus,-9.750080108642578,-8.0108642578125e-05
goldfish,worm,-9.937566757202148,-6.67572021484375e-05
goldfish,jellyfish,-10.000068664550781,-6.866455078125e-05
minnow,animal,-0.0001010894775390625,-10.437601089477539
minnow,vertebrate,-0.0001735687255859375,-9.437673568725586
minnow,invertebrate,-9.875080108642578,-8.0108642578125e-05
minnow,mammal,-10.06256103515625,-6.103515625e-05
minnow,bird,-9.812578201293945,-7.82012939453125e-05
minnow,reptile,-10.250055313110352,-5.53131103515625e-05
minnow,amphibian,-10.250057220458984,-5.7220458984375e-05
minnow,fish,-5.14984130859375e-05,-11.687551498413086
minnow,arthropod,-10.25006103515625,-6.103515625e-05
minnow,insect,-9.875078201293945,-7.82012939453125e-05
minnow,bird of prey,-9.812583923339844,-8.392333984375e-05
minnow,aquatic bird,-9.75008773803711,-8.7738037109375e-05
minnow,canine,-9.625091552734375,-9.1552734375e-05
minnow,feline,-9.750083923339844,-8.392333984375e-05
minnow,primate,-9.87507438659668,-7.43865966796875e-05
minnow,aquatic mammal,-9.937570571899414,-7.05718994140625e-05
minnow,rodent,-10.000064849853516,-6.4849853515625e-05
minnow,bat,-9.562599182128906,-9.918212890625e-05
minnow,bear,-9.562593460083008,-9.34600830078125e-05
minnow,cat,-9.625089645385742,-8.96453857421875e-05
minnow,cheetah,-9.750082015991211,-8.20159912109375e-05
minnow,leopard,-9.00015640258789,-0.000156402587890625
minnow,lion,-9.562597274780273,-9.72747802734375e-05
minnow,panther,-9.437606811523438,-0.0001068115234375
minnow,tiger,-8.687705993652344,-0.00020599365234375
minnow,dog,-9.625089645385742,-8.96453857421875e-05
minnow,fox,-9.687583923339844,-8.392333984375e-05
minnow,hyena,-9.625093460083008,-9.34600830078125e-05
minnow,wolf,-9.500102996826172,-0.000102996826171875
minnow,raccoon,-9.312618255615234,-0.000118255615234375
minnow,skunk,-9.312618255615234,-0.000118255615234375
minnow,otter,-9.625089645385742,-8.96453857421875e-05
minnow,beaver,-9.500097274780273,-9.72747802734375e-05
minnow,chipmunk,-9.562597274780273,-9.72747802734375e-05
minnow,squirrel,-9.750082015991211,-8.20159912109375e-05
minnow,gerbil,-9.56259536743164,-9.5367431640625e-05
minnow,guinea_pig,-9.687585830688477,-8.58306884765625e-05
minnow,hamster,-9.687583923339844,-8.392333984375e-05
minnow,mouse,-9.625089645385742,-8.96453857421875e-05
minnow,porcupine,-9.43760871887207,-0.0001087188720703125
minnow,rat,-9.687583923339844,-8.392333984375e-05
minnow,buffalo,-9.062646865844727,-0.0001468658447265625
minnow,cow,-9.625089645385742,-8.96453857421875e-05
minnow,ox,-9.250125885009766,-0.000125885009765625
minnow,goat,-9.562597274780273,-9.72747802734375e-05
minnow,sheep,-9.625091552734375,-9.1552734375e-05
minnow,deer,-9.625089645385742,-8.96453857421875e-05
minnow,moose,-9.500101089477539,-0.0001010894775390625
minnow,giraffe,-9.375110626220703,-0.000110626220703125
minnow,camel,-9.375112533569336,-0.0001125335693359375
minnow,hippo,-9.312618255615234,-0.000118255615234375
minnow,llama,-9.312616348266602,-0.0001163482666015625
minnow,pig,-9.43760871887207,-0.0001087188720703125
minnow,donkey,-9.562597274780273,-9.72747802734375e-05
minnow,horse,-9.375112533569336,-0.0001125335693359375
minnow,pony,-9.312618255615234,-0.000118255615234375
minnow,zebra,-9.06264877319336,-0.000148773193359375
minnow,rhino,-9.562597274780273,-9.72747802734375e-05
minnow,gorilla,-9.500099182128906,-9.918212890625e-05
minnow,monkey,-9.687585830688477,-8.58306884765625e-05
minnow,hedgehog,-9.625091552734375,-9.1552734375e-05
minnow,rabbit,-9.750082015991211,-8.20159912109375e-05
minnow,seal,-9.56259536743164,-9.5367431640625e-05
minnow,walrus,-9.375110626220703,-0.000110626220703125
minnow,dolphin,-9.562591552734375,-9.1552734375e-05
minnow,whale,-9.687582015991211,-8.20159912109375e-05
minnow,elephant,-9.500099182128906,-9.918212890625e-05
minnow,kangaroo,-9.625091552734375,-9.1552734375e-05
minnow,platypus,-9.562597274780273,-9.72747802734375e-05
minnow,crocodile,-9.687583923339844,-8.392333984375e-05
minnow,alligator,-9.625089645385742,-8.96453857421875e-05
minnow,lizard,-10.062562942504883,-6.29425048828125e-05
minnow,iguana,-9.750080108642578,-8.0108642578125e-05
minnow,rattlesnake,-9.68758773803711,-8.7738037109375e-05
minnow,tortoise,-9.937568664550781,-6.866455078125e-05
minnow,turtle,-9.937568664550781,-6.866455078125e-05
minnow,frog,-10.000066757202148,-6.67572021484375e-05
minnow,toad,-9.875072479248047,-7.2479248046875e-05
minnow,budgie,-9.000150680541992,-0.0001506805419921875
minnow,parakeet,-9.62509536743164,-9.5367431640625e-05
minnow,buzzard,-9.875080108642578,-8.0108642578125e-05
minnow,falcon,-9.562597274780273,-9.72747802734375e-05
minnow,hawk,-9.687585830688477,-8.58306884765625e-05
minnow,eagle,-9.687585830688477,-8.58306884765625e-05
minnow,owl,-9.625089645385742,-8.96453857421875e-05
minnow,canary,-9.312614440917969,-0.00011444091796875
minnow,magpie,-9.625089645385742,-8.96453857421875e-05
minnow,raven,-9.500102996826172,-0.000102996826171875
minnow,nightingale,-9.187627792358398,-0.0001277923583984375
minnow,robin,-9.375110626220703,-0.000110626220703125
minnow,starling,-9.312620162963867,-0.0001201629638671875
minnow,sparrow,-9.437606811523438,-0.0001068115234375
minnow,wren,-9.312616348266602,-0.0001163482666015625
minnow,chicken,-9.500101089477539,-0.0001010894775390625
minnow,cockerel,-9.187631607055664,-0.0001316070556640625
minnow,turkey,-9.187629699707031,-0.00012969970703125
minnow,dove,-9.375112533569336,-0.0001125335693359375
minnow,pigeon,-9.562593460083008,-9.34600830078125e-05
minnow,partridge,-9.500102996826172,-0.000102996826171875
minnow,peacock,-9.187631607055664,-0.0001316070556640625
minnow,crane,-9.437604904174805,-0.0001049041748046875
minnow,flamingo,-9.312614440917969,-0.00011444091796875
minnow,heron,-9.625091552734375,-9.1552734375e-05
minnow,duck,-9.750080108642578,-8.0108642578125e-05
minnow,goose,-9.562593460083008,-9.34600830078125e-05
minnow,pelican,-9.375110626220703,-0.000110626220703125
minnow,penguin,-9.562591552734375,-9.1552734375e-05
minnow,seagull,-9.625093460083008,-9.34600830078125e-05
minnow,swan,-9.500099182128906,-9.918212890625e-05
minnow,hummingbird,-9.437604904174805,-0.0001049041748046875
minnow,kingfisher,-9.500097274780273,-9.72747802734375e-05
minnow,woodpecker,-9.687582015991211,-8.20159912109375e-05
minnow,emu,-9.500104904174805,-0.0001049041748046875
minnow,ostrich,-9.562591552734375,-9.1552734375e-05
minnow,carp,-7.063419342041016,-0.000919342041015625
minnow,goldfish,-9.312610626220703,-0.000110626220703125
minnow,minnow,-0.00046539306640625,-8.312965393066406
minnow,cod,-9.250114440917969,-0.00011444091796875
minnow,herring,-6.564022064208984,-0.001522064208984375
minnow,sardine,-8.312782287597656,-0.00028228759765625
minnow,salmon,-9.1876220703125,-0.0001220703125
minnow,trout,-9.1876220703125,-0.0001220703125
minnow,eel,-10.062559127807617,-5.91278076171875e-05
minnow,flounder,-9.625085830688477,-8.58306884765625e-05
minnow,mackerel,-8.62520980834961,-0.000209808349609375
minnow,tuna,-9.000144958496094,-0.00014495849609375
minnow,seahorse,-9.62508773803711,-8.7738037109375e-05
minnow,shark,-10.125057220458984,-5.7220458984375e-05
minnow,bee,-9.937570571899414,-7.05718994140625e-05
minnow,hornet,-9.562602996826172,-0.000102996826171875
minnow,wasp,-9.812583923339844,-8.392333984375e-05
minnow,ant,-9.750085830688477,-8.58306884765625e-05
minnow,beetle,-10.000066757202148,-6.67572021484375e-05
minnow,ladybird,-9.437606811523438,-0.0001068115234375
minnow,butterfly,-9.87507438659668,-7.43865966796875e-05
minnow,moth,-9.18763542175293,-0.0001354217529296875
minnow,cockroach,-9.750082015991211,-8.20159912109375e-05
minnow,cricket,-9.812580108642578,-8.0108642578125e-05
minnow,grasshopper,-9.87507438659668,-7.43865966796875e-05
minnow,locust,-9.812580108642578,-8.0108642578125e-05
minnow,dragonfly,-9.937568664550781,-6.866455078125e-05
minnow,flea,-9.56259536743164,-9.5367431640625e-05
minnow,housefly,-9.875072479248047,-7.2479248046875e-05
minnow,mosquito,-9.56259536743164,-9.5367431640625e-05
minnow,stick_insect,-9.62508773803711,-8.7738037109375e-05
minnow,termite,-9.625091552734375,-9.1552734375e-05
minnow,centipede,-9.93757438659668,-7.43865966796875e-05
minnow,millipede,-9.43760871887207,-0.0001087188720703125
minnow,scorpion,-9.937572479248047,-7.2479248046875e-05
minnow,spider,-10.000068664550781,-6.866455078125e-05
minnow,tarantula,-9.625091552734375,-9.1552734375e-05
minnow,crab,-10.062562942504883,-6.29425048828125e-05
minnow,crayfish,-10.062562942504883,-6.29425048828125e-05
minnow,lobster,-9.750076293945312,-7.62939453125e-05
minnow,prawn,-9.625085830688477,-8.58306884765625e-05
minnow,shrimp,-10.000062942504883,-6.29425048828125e-05
minnow,slug,-9.812578201293945,-7.82012939453125e-05
minnow,snail,-10.062562942504883,-6.29425048828125e-05
minnow,clam,-9.687585830688477,-8.58306884765625e-05
minnow,mussel,-9.750080108642578,-8.0108642578125e-05
minnow,scallop,-9.625089645385742,-8.96453857421875e-05
minnow,oyster,-9.62508773803711,-8.7738037109375e-05
minnow,squid,-10.125057220458984,-5.7220458984375e-05
minnow,octopus,-9.750080108642578,-8.0108642578125e-05
minnow,worm,-10.250053405761719,-5.340576171875e-05
minnow,jellyfish,-10.187557220458984,-5.7220458984375e-05
cod,animal,-0.0004177093505859375,-8.312917709350586
cod,vertebrate,-7.05718994140625e-05,-10.812570571899414
cod,invertebrate,-9.750082015991211,-8.20159912109375e-05
cod,mammal,-10.125057220458984,-5.7220458984375e-05
cod,bird,-9.250120162963867,-0.0001201629638671875
cod,reptile,-9.937570571899414,-7.05718994140625e-05
cod,amphibian,-10.187557220458984,-5.7220458984375e-05
cod,fish,-4.38690185546875e-05,-12.062543869018555
cod,arthropod,-9.937576293945312,-7.62939453125e-05
cod,insect,-9.937572479248047,-7.2479248046875e-05
cod,bird of prey,-9.187641143798828,-0.000141143798828125
cod,aquatic bird,-8.750200271606445,-0.0002002716064453125
cod,canine,-9.312616348266602,-0.0001163482666015625
cod,feline,-9.250118255615234,-0.000118255615234375
cod,primate,-9.937568664550781,-6.866455078125e-05
cod,aquatic mammal,-9.812576293945312,-7.62939453125e-05
cod,rodent,-9.812576293945312,-7.62939453125e-05
cod,bat,-8.875175476074219,-0.00017547607421875
cod,bear,-9.062641143798828,-0.000141143798828125
cod,cat,-8.93765640258789,-0.000156402587890625
cod,cheetah,-9.375106811523438,-0.0001068115234375
cod,leopard,-8.562725067138672,-0.000225067138671875
cod,lion,-9.062641143798828,-0.000141143798828125
cod,panther,-9.187629699707031,-0.00012969970703125
cod,tiger,-8.562726974487305,-0.0002269744873046875
cod,dog,-8.812681198120117,-0.0001811981201171875
cod,fox,-9.062643051147461,-0.0001430511474609375
cod,hyena,-9.375110626220703,-0.000110626220703125
cod,wolf,-9.062644958496094,-0.00014495849609375
cod,raccoon,-8.750192642211914,-0.0001926422119140625
cod,skunk,-8.625211715698242,-0.0002117156982421875
cod,otter,-9.000150680541992,-0.0001506805419921875
cod,beaver,-9.125131607055664,-0.0001316070556640625
cod,chipmunk,-8.812679290771484,-0.000179290771484375
cod,squirrel,-9.312614440917969,-0.00011444091796875
cod,gerbil,-9.187625885009766,-0.000125885009765625
cod,guinea_pig,-9.187631607055664,-0.0001316070556640625
cod,hamster,-9.437599182128906,-9.918212890625e-05
cod,mouse,-8.750188827514648,-0.0001888275146484375
cod,porcupine,-9.000152587890625,-0.000152587890625
cod,rat,-9.312614440917969,-0.00011444091796875
cod,buffalo,-9.000154495239258,-0.0001544952392578125
cod,cow,-9.500097274780273,-9.72747802734375e-05
cod,ox,-8.875167846679688,-0.0001678466796875
cod,goat,-9.250123977661133,-0.0001239776611328125
cod,sheep,-9.437601089477539,-0.0001010894775390625
cod,deer,-9.37510871887207,-0.0001087188720703125
cod,moose,-9.250120162963867,-0.0001201629638671875
cod,giraffe,-9.187625885009766,-0.000125885009765625
cod,camel,-9.12513542175293,-0.0001354217529296875
cod,hippo,-8.937662124633789,-0.0001621246337890625
cod,llama,-9.187625885009766,-0.000125885009765625
cod,pig,-9.500099182128906,-9.918212890625e-05
cod,donkey,-9.125139236450195,-0.0001392364501953125
cod,horse,-9.062641143798828,-0.000141143798828125
cod,pony,-8.562726974487305,-0.0002269744873046875
cod,zebra,-9.187629699707031,-0.00012969970703125
cod,rhino,-9.312616348266602,-0.0001163482666015625
cod,gorilla,-9.062641143798828,-0.000141143798828125
cod,monkey,-9.437604904174805,-0.0001049041748046875
cod,hedgehog,-8.937662124633789,-0.0001621246337890625
cod,rabbit,-9.50009536743164,-9.5367431640625e-05
cod,seal,-9.250120162963867,-0.0001201629638671875
cod,walrus,-9.125133514404297,-0.000133514404296875
cod,dolphin,-9.062641143798828,-0.000141143798828125
cod,whale,-9.375104904174805,-0.0001049041748046875
cod,elephant,-9.375104904174805,-0.0001049041748046875
cod,kangaroo,-9.37510871887207,-0.0001087188720703125
cod,platypus,-9.437602996826172,-0.000102996826171875
cod,crocodile,-9.500097274780273,-9.72747802734375e-05
cod,alligator,-9.500097274780273,-9.72747802734375e-05
cod,lizard,-9.500099182128906,-9.918212890625e-05
cod,iguana,-9.37510871887207,-0.0001087188720703125
cod,rattlesnake,-9.375112533569336,-0.0001125335693359375
cod,tortoise,-9.187625885009766,-0.000125885009765625
cod,turtle,-9.312614440917969,-0.00011444091796875
cod,frog,-9.81257438659668,-7.43865966796875e-05
cod,toad,-9.187629699707031,-0.00012969970703125
cod,budgie,-8.12533187866211,-0.000331878662109375
cod,parakeet,-9.2501220703125,-0.0001220703125
cod,buzzard,-9.187633514404297,-0.000133514404296875
cod,falcon,-9.000152587890625,-0.000152587890625
cod,hawk,-9.187629699707031,-0.00012969970703125
cod,eagle,-9.250120162963867,-0.0001201629638671875
cod,owl,-9.00014877319336,-0.000148773193359375
cod,canary,-8.75018310546875,-0.00018310546875
cod,magpie,-8.875167846679688,-0.0001678466796875
cod,raven,-8.500238418579102,-0.0002384185791015625
cod,nightingale,-8.875167846679688,-0.0001678466796875
cod,robin,-8.687700271606445,-0.0002002716064453125
cod,starling,-8.437755584716797,-0.000255584716796875
cod,sparrow,-8.875165939331055,-0.0001659393310546875
cod,wren,-8.687700271606445,-0.0002002716064453125
cod,chicken,-9.937568664550781,-6.866455078125e-05
cod,cockerel,-8.68769645690918,-0.0001964569091796875
cod,turkey,-9.312612533569336,-0.0001125335693359375
cod,dove,-8.562723159790039,-0.0002231597900390625
cod,pigeon,-8.875167846679688,-0.0001678466796875
cod,partridge,-9.2501220703125,-0.0001220703125
cod,peacock,-8.937658309936523,-0.0001583099365234375
cod,crane,-7.937902450561523,-0.0004024505615234375
cod,flamingo,-9.000146865844727,-0.0001468658447265625
cod,heron,-8.81268310546875,-0.00018310546875
cod,duck,-9.437601089477539,-0.0001010894775390625
cod,goose,-8.875165939331055,-0.0001659393310546875
cod,pelican,-8.875167846679688,-0.0001678466796875
cod,penguin,-9.125131607055664,-0.0001316070556640625
cod,seagull,-9.187625885009766,-0.000125885009765625
cod,swan,-9.250120162963867,-0.0001201629638671875
cod,hummingbird,-9.125133514404297,-0.000133514404296875
cod,kingfisher,-8.87516975402832,-0.0001697540283203125
cod,woodpecker,-9.00014877319336,-0.000148773193359375
cod,emu,-9.12513542175293,-0.0001354217529296875
cod,ostrich,-9.250118255615234,-0.000118255615234375
cod,carp,-9.125131607055664,-0.0001316070556640625
cod,goldfish,-9.1876220703125,-0.0001220703125
cod,minnow,-8.312774658203125,-0.000274658203125
cod,cod,-0.0003147125244140625,-8.625314712524414
cod,herring,-8.062849044799805,-0.0003490447998046875
cod,sardine,-9.250116348266602,-0.0001163482666015625
cod,salmon,-9.875066757202148,-6.67572021484375e-05
cod,trout,-8.062841415405273,-0.0003414154052734375
cod,eel,-9.625085830688477,-8.58306884765625e-05
cod,flounder,-9.375104904174805,-0.0001049041748046875
cod,mackerel,-8.812675476074219,-0.00017547607421875
cod,tuna,-9.812572479248047,-7.2479248046875e-05
cod,seahorse,-9.50009536743164,-9.5367431640625e-05
cod,shark,-10.125057220458984,-5.7220458984375e-05
cod,bee,-9.500099182128906,-9.918212890625e-05
cod,hornet,-9.125137329101562,-0.0001373291015625
cod,wasp,-9.187633514404297,-0.000133514404296875
cod,ant,-9.062643051147461,-0.0001430511474609375
cod,beetle,-9.2501220703125,-0.0001220703125
cod,ladybird,-8.187814712524414,-0.0003147125244140625
cod,butterfly,-9.2501220703125,-0.0001220703125
cod,moth,-7.563089370727539,-0.0005893707275390625
cod,cockroach,-9.125141143798828,-0.000141143798828125
cod,cricket,-8.812677383422852,-0.0001773834228515625
cod,grasshopper,-9.62508773803711,-8.7738037109375e-05
cod,locust,-9.500099182128906,-9.918212890625e-05
cod,dragonfly,-9.2501220703125,-0.0001220703125
cod,flea,-8.87516975402832,-0.0001697540283203125
cod,housefly,-9.12513542175293,-0.0001354217529296875
cod,mosquito,-9.062643051147461,-0.0001430511474609375
cod,stick_insect,-8.62520980834961,-0.000209808349609375
cod,termite,-9.062639236450195,-0.0001392364501953125
cod,centipede,-9.312618255615234,-0.000118255615234375
cod,millipede,-9.062644958496094,-0.00014495849609375
cod,scorpion,-9.437602996826172,-0.000102996826171875
cod,spider,-9.312620162963867,-0.0001201629638671875
cod,tarantula,-9.187629699707031,-0.00012969970703125
cod,crab,-9.500099182128906,-9.918212890625e-05
cod,crayfish,-9.437606811523438,-0.0001068115234375
cod,lobster,-9.50009536743164,-9.5367431640625e-05
cod,prawn,-9.562589645385742,-8.96453857421875e-05
cod,shrimp,-9.625085830688477,-8.58306884765625e-05
cod,slug,-8.687698364257812,-0.0001983642578125
cod,snail,-8.93765640258789,-0.000156402587890625
cod,clam,-9.375110626220703,-0.000110626220703125
cod,mussel,-9.500097274780273,-9.72747802734375e-05
cod,scallop,-9.50009536743164,-9.5367431640625e-05
cod,oyster,-9.437599182128906,-9.918212890625e-05
cod,squid,-9.875068664550781,-6.866455078125e-05
cod,octopus,-9.625085830688477,-8.58306884765625e-05
cod,worm,-8.312788009643555,-0.0002880096435546875
cod,jellyfish,-9.875070571899414,-7.05718994140625e-05
herring,animal,-0.000118255615234375,-10.125118255615234
herring,vertebrate,-9.5367431640625e-05,-10.25009536743164
herring,invertebrate,-9.937576293945312,-7.62939453125e-05
herring,mammal,-10.312551498413086,-5.14984130859375e-05
herring,bird,-9.625093460083008,-9.34600830078125e-05
herring,reptile,-10.187559127807617,-5.91278076171875e-05
herring,amphibian,-10.250059127807617,-5.91278076171875e-05
herring,fish,-4.38690185546875e-05,-11.750043869018555
herring,arthropod,-10.31256103515625,-6.103515625e-05
herring,insect,-10.000072479248047,-7.2479248046875e-05
herring,bird of prey,-9.812583923339844,-8.392333984375e-05
herring,aquatic bird,-9.562602996826172,-0.000102996826171875
herring,canine,-9.625091552734375,-9.1552734375e-05
herring,feline,-9.750078201293945,-7.82012939453125e-05
herring,primate,-10.000068664550781,-6.866455078125e-05
herring,aquatic mammal,-9.87507438659668,-7.43865966796875e-05
herring,rodent,-10.062562942504883,-6.29425048828125e-05
herring,bat,-9.625093460083008,-9.34600830078125e-05
herring,bear,-9.500101089477539,-0.0001010894775390625
herring,cat,-9.625089645385742,-8.96453857421875e-05
herring,cheetah,-9.812578201293945,-7.82012939453125e-05
herring,leopard,-8.812690734863281,-0.00019073486328125
herring,lion,-9.437606811523438,-0.0001068115234375
herring,panther,-9.625093460083008,-9.34600830078125e-05
herring,tiger,-8.687711715698242,-0.0002117156982421875
herring,dog,-9.500104904174805,-0.0001049041748046875
herring,fox,-9.625091552734375,-9.1552734375e-05
herring,hyena,-9.750085830688477,-8.58306884765625e-05
herring,wolf,-9.500104904174805,-0.0001049041748046875
herring,raccoon,-9.18763542175293,-0.0001354217529296875
herring,skunk,-9.125143051147461,-0.0001430511474609375
herring,otter,-9.562597274780273,-9.72747802734375e-05
herring,beaver,-9.687583923339844,-8.392333984375e-05
herring,chipmunk,-9.437606811523438,-0.0001068115234375
herring,squirrel,-9.750083923339844,-8.392333984375e-05
herring,gerbil,-9.437606811523438,-0.0001068115234375
herring,guinea_pig,-9.43760871887207,-0.0001087188720703125
herring,hamster,-9.62508773803711,-8.7738037109375e-05
herring,mouse,-9.62508773803711,-8.7738037109375e-05
herring,porcupine,-9.375116348266602,-0.0001163482666015625
herring,rat,-9.562597274780273,-9.72747802734375e-05
herring,buffalo,-9.250129699707031,-0.00012969970703125
herring,cow,-9.750083923339844,-8.392333984375e-05
herring,ox,-9.250127792358398,-0.0001277923583984375
herring,goat,-9.625093460083008,-9.34600830078125e-05
herring,sheep,-9.625097274780273,-9.72747802734375e-05
herring,deer,-9.750082015991211,-8.20159912109375e-05
herring,moose,-9.687585830688477,-8.58306884765625e-05
herring,giraffe,-9.437606811523438,-0.0001068115234375
herring,camel,-9.625091552734375,-9.1552734375e-05
herring,hippo,-9.375112533569336,-0.0001125335693359375
herring,llama,-9.625091552734375,-9.1552734375e-05
herring,pig,-9.625093460083008,-9.34600830078125e-05
herring,donkey,-9.500106811523438,-0.0001068115234375
herring,horse,-9.187637329101562,-0.0001373291015625
herring,pony,-9.250127792358398,-0.0001277923583984375
herring,zebra,-9.187639236450195,-0.0001392364501953125
herring,rhino,-9.625091552734375,-9.1552734375e-05
herring,gorilla,-9.437604904174805,-0.0001049041748046875
herring,monkey,-9.625093460083008,-9.34600830078125e-05
herring,hedgehog,-9.375114440917969,-0.00011444091796875
herring,rabbit,-9.687585830688477,-8.58306884765625e-05
herring,seal,-9.625089645385742,-8.96453857421875e-05
herring,walrus,-9.375110626220703,-0.000110626220703125
herring,dolphin,-9.62508773803711,-8.7738037109375e-05
herring,whale,-9.750078201293945,-7.82012939453125e-05
herring,elephant,-9.437604904174805,-0.0001049041748046875
herring,kangaroo,-9.687585830688477,-8.58306884765625e-05
herring,platypus,-9.750082015991211,-8.20159912109375e-05
herring,crocodile,-9.68758773803711,-8.7738037109375e-05
herring,alligator,-9.750083923339844,-8.392333984375e-05
herring,lizard,-9.93757438659668,-7.43865966796875e-05
herring,iguana,-9.687585830688477,-8.58306884765625e-05
herring,rattlesnake,-9.750085830688477,-8.58306884765625e-05
herring,tortoise,-9.687585830688477,-8.58306884765625e-05
herring,turtle,-9.750082015991211,-8.20159912109375e-05
herring,frog,-10.000066757202148,-6.67572021484375e-05
herring,toad,-9.562597274780273,-9.72747802734375e-05
herring,budgie,-8.87516975402832,-0.0001697540283203125
herring,parakeet,-9.687593460083008,-9.34600830078125e-05
herring,buzzard,-9.750085830688477,-8.58306884765625e-05
herring,falcon,-9.812578201293945,-7.82012939453125e-05
herring,hawk,-9.562597274780273,-9.72747802734375e-05
herring,eagle,-9.625091552734375,-9.1552734375e-05
herring,owl,-9.56259536743164,-9.5367431640625e-05
herring,canary,-9.37510871887207,-0.0001087188720703125
herring,magpie,-9.437604904174805,-0.0001049041748046875
herring,raven,-9.312620162963867,-0.0001201629638671875
herring,nightingale,-9.312616348266602,-0.0001163482666015625
herring,robin,-9.312614440917969,-0.00011444091796875
herring,starling,-9.312623977661133,-0.0001239776611328125
herring,sparrow,-9.562597274780273,-9.72747802734375e-05
herring,wren,-9.250123977661133,-0.0001239776611328125
herring,chicken,-10.000066757202148,-6.67572021484375e-05
herring,cockerel,-9.250127792358398,-0.0001277923583984375
herring,turkey,-9.56259536743164,-9.5367431640625e-05
herring,dove,-9.437604904174805,-0.0001049041748046875
herring,pigeon,-9.750080108642578,-8.0108642578125e-05
herring,partridge,-9.625091552734375,-9.1552734375e-05
herring,peacock,-9.375114440917969,-0.00011444091796875
herring,crane,-9.250123977661133,-0.0001239776611328125
herring,flamingo,-9.375110626220703,-0.000110626220703125
herring,heron,-9.3126220703125,-0.0001220703125
herring,duck,-9.750082015991211,-8.20159912109375e-05
herring,goose,-9.625089645385742,-8.96453857421875e-05
herring,pelican,-9.500099182128906,-9.918212890625e-05
herring,penguin,-9.562593460083008,-9.34600830078125e-05
herring,seagull,-9.750082015991211,-8.20159912109375e-05
herring,swan,-9.81257438659668,-7.43865966796875e-05
herring,hummingbird,-9.500101089477539,-0.0001010894775390625
herring,kingfisher,-9.437604904174805,-0.0001049041748046875
herring,woodpecker,-9.500099182128906,-9.918212890625e-05
herring,emu,-9.437610626220703,-0.000110626220703125
herring,ostrich,-9.562593460083008,-9.34600830078125e-05
herring,carp,-9.250120162963867,-0.0001201629638671875
herring,goldfish,-9.312612533569336,-0.0001125335693359375
herring,minnow,-4.696979522705078,-0.009479522705078125
herring,cod,-8.937654495239258,-0.0001544952392578125
herring,herring,-0.0002346038818359375,-9.062734603881836
herring,sardine,-4.019367218017578,-0.019367218017578125
herring,salmon,-9.375102996826172,-0.000102996826171875
herring,trout,-8.937654495239258,-0.0001544952392578125
herring,eel,-9.81257438659668,-7.43865966796875e-05
herring,flounder,-9.500097274780273,-9.72747802734375e-05
herring,mackerel,-5.379964828491211,-0.0049648284912109375
herring,tuna,-9.562589645385742,-8.96453857421875e-05
herring,seahorse,-9.562593460083008,-9.34600830078125e-05
herring,shark,-10.12506103515625,-6.103515625e-05
herring,bee,-9.750085830688477,-8.58306884765625e-05
herring,hornet,-9.187639236450195,-0.0001392364501953125
herring,wasp,-9.625101089477539,-0.0001010894775390625
herring,ant,-9.562599182128906,-9.918212890625e-05
herring,beetle,-9.687589645385742,-8.96453857421875e-05
herring,ladybird,-9.125137329101562,-0.0001373291015625
herring,butterfly,-9.62509536743164,-9.5367431640625e-05
herring,moth,-9.125144958496094,-0.00014495849609375
herring,cockroach,-9.375116348266602,-0.0001163482666015625
herring,cricket,-9.500102996826172,-0.000102996826171875
herring,grasshopper,-9.937572479248047,-7.2479248046875e-05
herring,locust,-9.500106811523438,-0.0001068115234375
herring,dragonfly,-9.750083923339844,-8.392333984375e-05
herring,flea,-9.187633514404297,-0.000133514404296875
herring,housefly,-9.625091552734375,-9.1552734375e-05
herring,mosquito,-9.437610626220703,-0.000110626220703125
herring,stick_insect,-9.125137329101562,-0.0001373291015625
herring,termite,-9.500101089477539,-0.0001010894775390625
herring,centipede,-9.625099182128906,-9.918212890625e-05
herring,millipede,-9.312625885009766,-0.000125885009765625
herring,scorpion,-9.62509536743164,-9.5367431640625e-05
herring,spider,-9.937576293945312,-7.62939453125e-05
herring,tarantula,-9.500104904174805,-0.0001049041748046875
herring,crab,-10.000066757202148,-6.67572021484375e-05
herring,crayfish,-9.87507438659668,-7.43865966796875e-05
herring,lobster,-9.750078201293945,-7.82012939453125e-05
herring,prawn,-9.625085830688477,-8.58306884765625e-05
herring,shrimp,-9.812572479248047,-7.2479248046875e-05
herring,slug,-9.187633514404297,-0.000133514404296875
herring,snail,-9.625091552734375,-9.1552734375e-05
herring,clam,-9.812576293945312,-7.62939453125e-05
herring,mussel,-9.750080108642578,-8.0108642578125e-05
herring,scallop,-9.750078201293945,-7.82012939453125e-05
herring,oyster,-9.687583923339844,-8.392333984375e-05
herring,squid,-10.250051498413086,-5.14984130859375e-05
herring,octopus,-9.812576293945312,-7.62939453125e-05
herring,worm,-9.2501220703125,-0.0001220703125
herring,jellyfish,-10.062564849853516,-6.4849853515625e-05
sardine,animal,-0.0001049041748046875,-10.187604904174805
sardine,vertebrate,-0.0001239776611328125,-9.937623977661133
sardine,invertebrate,-9.75008773803711,-8.7738037109375e-05
sardine,mammal,-10.250051498413086,-5.14984130859375e-05
sardine,bird,-9.750082015991211,-8.20159912109375e-05
sardine,reptile,-10.062566757202148,-6.67572021484375e-05
sardine,amphibian,-10.250059127807617,-5.91278076171875e-05
sardine,fish,-5.14984130859375e-05,-11.375051498413086
sardine,arthropod,-10.125068664550781,-6.866455078125e-05
sardine,insect,-10.000070571899414,-7.05718994140625e-05
sardine,bird of prey,-9.875082015991211,-8.20159912109375e-05
sardine,aquatic bird,-9.687591552734375,-9.1552734375e-05
sardine,canine,-9.68758773803711,-8.7738037109375e-05
sardine,feline,-9.750080108642578,-8.0108642578125e-05
sardine,primate,-9.875076293945312,-7.62939453125e-05
sardine,aquatic mammal,-10.000066757202148,-6.67572021484375e-05
sardine,rodent,-9.875072479248047,-7.2479248046875e-05
sardine,bat,-9.625097274780273,-9.72747802734375e-05
sardine,bear,-9.625091552734375,-9.1552734375e-05
sardine,cat,-9.56259536743164,-9.5367431640625e-05
sardine,cheetah,-9.750082015991211,-8.20159912109375e-05
sardine,leopard,-8.68770980834961,-0.000209808349609375
sardine,lion,-9.312618255615234,-0.000118255615234375
sardine,panther,-9.500102996826172,-0.000102996826171875
sardine,tiger,-8.56273078918457,-0.0002307891845703125
sardine,dog,-9.43760871887207,-0.0001087188720703125
sardine,fox,-9.750082015991211,-8.20159912109375e-05
sardine,hyena,-9.625093460083008,-9.34600830078125e-05
sardine,wolf,-9.562599182128906,-9.918212890625e-05
sardine,raccoon,-9.250127792358398,-0.0001277923583984375
sardine,skunk,-9.125141143798828,-0.000141143798828125
sardine,otter,-9.43760871887207,-0.0001087188720703125
sardine,beaver,-9.500101089477539,-0.0001010894775390625
sardine,chipmunk,-9.43760871887207,-0.0001087188720703125
sardine,squirrel,-9.62509536743164,-9.5367431640625e-05
sardine,gerbil,-9.375114440917969,-0.00011444091796875
sardine,guinea_pig,-9.437610626220703,-0.000110626220703125
sardine,hamster,-9.750082015991211,-8.20159912109375e-05
sardine,mouse,-9.62508773803711,-8.7738037109375e-05
sardine,porcupine,-9.3126220703125,-0.0001220703125
sardine,rat,-9.375112533569336,-0.0001125335693359375
sardine,buffalo,-9.312625885009766,-0.000125885009765625
sardine,cow,-9.812578201293945,-7.82012939453125e-05
sardine,ox,-9.250123977661133,-0.0001239776611328125
sardine,goat,-9.500102996826172,-0.000102996826171875
sardine,sheep,-9.437606811523438,-0.0001068115234375
sardine,deer,-9.562599182128906,-9.918212890625e-05
sardine,moose,-9.625091552734375,-9.1552734375e-05
sardine,giraffe,-9.562597274780273,-9.72747802734375e-05
sardine,camel,-9.562597274780273,-9.72747802734375e-05
sardine,hippo,-9.312620162963867,-0.0001201629638671875
sardine,llama,-9.500102996826172,-0.000102996826171875
sardine,pig,-9.750085830688477,-8.58306884765625e-05
sardine,donkey,-9.500102996826172,-0.000102996826171875
sardine,horse,-9.437602996826172,-0.000102996826171875
sardine,pony,-9.250125885009766,-0.000125885009765625
sardine,zebra,-9.062652587890625,-0.000152587890625
sardine,rhino,-9.500104904174805,-0.0001049041748046875
sardine,gorilla,-9.437604904174805,-0.0001049041748046875
sardine,monkey,-9.68758773803711,-8.7738037109375e-05
sardine,hedgehog,-9.500102996826172,-0.000102996826171875
sardine,rabbit,-9.750082015991211,-8.20159912109375e-05
sardine,seal,-9.750082015991211,-8.20159912109375e-05
sardine,walrus,-9.43760871887207,-0.0001087188720703125
sardine,dolphin,-9.562593460083008,-9.34600830078125e-05
sardine,whale,-9.81257438659668,-7.43865966796875e-05
sardine,elephant,-9.500099182128906,-9.918212890625e-05
sardine,kangaroo,-9.68758773803711,-8.7738037109375e-05
sardine,platypus,-9.625091552734375,-9.1552734375e-05
sardine,crocodile,-9.687585830688477,-8.58306884765625e-05
sardine,alligator,-9.750083923339844,-8.392333984375e-05
sardine,lizard,-9.750085830688477,-8.58306884765625e-05
sardine,iguana,-9.625089645385742,-8.96453857421875e-05
sardine,rattlesnake,-9.62509536743164,-9.5367431640625e-05
sardine,tortoise,-9.750080108642578,-8.0108642578125e-05
sardine,turtle,-9.812576293945312,-7.62939453125e-05
sardine,frog,-10.000068664550781,-6.866455078125e-05
sardine,toad,-9.43760871887207,-0.0001087188720703125
sardine,budgie,-8.875171661376953,-0.000171661376953125
sardine,parakeet,-9.562599182128906,-9.918212890625e-05
sardine,buzzard,-9.500106811523438,-0.0001068115234375
sardine,falcon,-9.43760871887207,-0.0001087188720703125
sardine,hawk,-9.68758773803711,-8.7738037109375e-05
sardine,eagle,-9.562599182128906,-9.918212890625e-05
sardine,owl,-9.56259536743164,-9.5367431640625e-05
sardine,canary,-9.125139236450195,-0.0001392364501953125
sardine,magpie,-9.375112533569336,-0.0001125335693359375
sardine,raven,-9.187633514404297,-0.000133514404296875
sardine,nightingale,-9.06264877319336,-0.000148773193359375
sardine,robin,-9.125137329101562,-0.0001373291015625
sardine,starling,-8.937671661376953,-0.000171661376953125
sardine,sparrow,-9.250125885009766,-0.000125885009765625
sardine,wren,-9.06264877319336,-0.000148773193359375
sardine,chicken,-10.000068664550781,-6.866455078125e-05
sardine,cockerel,-9.18763542175293,-0.0001354217529296875
sardine,turkey,-9.625089645385742,-8.96453857421875e-05
sardine,dove,-9.312620162963867,-0.0001201629638671875
sardine,pigeon,-9.437604904174805,-0.0001049041748046875
sardine,partridge,-9.375114440917969,-0.00011444091796875
sardine,peacock,-9.250127792358398,-0.0001277923583984375
sardine,crane,-9.125143051147461,-0.0001430511474609375
sardine,flamingo,-9.375110626220703,-0.000110626220703125
sardine,heron,-9.437610626220703,-0.000110626220703125
sardine,duck,-9.750083923339844,-8.392333984375e-05
sardine,goose,-9.437604904174805,-0.0001049041748046875
sardine,pelican,-9.43760871887207,-0.0001087188720703125
sardine,penguin,-9.500101089477539,-0.0001010894775390625
sardine,seagull,-9.625091552734375,-9.1552734375e-05
sardine,swan,-9.625091552734375,-9.1552734375e-05
sardine,hummingbird,-9.500101089477539,-0.0001010894775390625
sardine,kingfisher,-9.125141143798828,-0.000141143798828125
sardine,woodpecker,-9.437604904174805,-0.0001049041748046875
sardine,emu,-9.500101089477539,-0.0001010894775390625
sardine,ostrich,-9.500101089477539,-0.0001010894775390625
sardine,carp,-9.375106811523438,-0.0001068115234375
sardine,goldfish,-9.687580108642578,-8.0108642578125e-05
sardine,minnow,-4.944868087768555,-0.0073680877685546875
sardine,cod,-9.625083923339844,-8.392333984375e-05
sardine,herring,-0.10300445556640625,-2.3530044555664062
sardine,sardine,-0.0004596710205078125,-8.187959671020508
sardine,salmon,-9.812572479248047,-7.2479248046875e-05
sardine,trout,-9.625083923339844,-8.392333984375e-05
sardine,eel,-9.875072479248047,-7.2479248046875e-05
sardine,flounder,-9.62508773803711,-8.7738037109375e-05
sardine,mackerel,-1.0561695098876953,-0.4311695098876953
sardine,tuna,-9.437599182128906,-9.918212890625e-05
sardine,seahorse,-9.687583923339844,-8.392333984375e-05
sardine,shark,-10.12506103515625,-6.103515625e-05
sardine,bee,-9.625093460083008,-9.34600830078125e-05
sardine,hornet,-9.375116348266602,-0.0001163482666015625
sardine,wasp,-9.50010871887207,-0.0001087188720703125
sardine,ant,-9.3126220703125,-0.0001220703125
sardine,beetle,-9.437606811523438,-0.0001068115234375
sardine,ladybird,-8.81268310546875,-0.00018310546875
sardine,butterfly,-9.625091552734375,-9.1552734375e-05
sardine,moth,-9.125144958496094,-0.00014495849609375
sardine,cockroach,-9.250129699707031,-0.00012969970703125
sardine,cricket,-9.562597274780273,-9.72747802734375e-05
sardine,grasshopper,-9.812578201293945,-7.82012939453125e-05
sardine,locust,-9.562601089477539,-0.0001010894775390625
sardine,dragonfly,-9.625093460083008,-9.34600830078125e-05
sardine,flea,-9.000158309936523,-0.0001583099365234375
sardine,housefly,-9.562597274780273,-9.72747802734375e-05
sardine,mosquito,-9.500104904174805,-0.0001049041748046875
sardine,stick_insect,-9.312616348266602,-0.0001163482666015625
sardine,termite,-9.312616348266602,-0.0001163482666015625
sardine,centipede,-9.62509536743164,-9.5367431640625e-05
sardine,millipede,-9.312623977661133,-0.0001239776611328125
sardine,scorpion,-9.312623977661133,-0.0001239776611328125
sardine,spider,-9.687591552734375,-9.1552734375e-05
sardine,tarantula,-9.43760871887207,-0.0001087188720703125
sardine,crab,-10.125059127807617,-5.91278076171875e-05
sardine,crayfish,-9.625093460083008,-9.34600830078125e-05
sardine,lobster,-9.750078201293945,-7.82012939453125e-05
sardine,prawn,-9.750078201293945,-7.82012939453125e-05
sardine,shrimp,-10.000062942504883,-6.29425048828125e-05
sardine,slug,-8.812685012817383,-0.0001850128173828125
sardine,snail,-9.312616348266602,-0.0001163482666015625
sardine,clam,-9.625089645385742,-8.96453857421875e-05
sardine,mussel,-9.562593460083008,-9.34600830078125e-05
sardine,scallop,-9.750082015991211,-8.20159912109375e-05
sardine,oyster,-9.687583923339844,-8.392333984375e-05
sardine,squid,-10.125057220458984,-5.7220458984375e-05
sardine,octopus,-9.750080108642578,-8.0108642578125e-05
sardine,worm,-9.562591552734375,-9.1552734375e-05
sardine,jellyfish,-10.250055313110352,-5.53131103515625e-05
salmon,animal,-5.7220458984375e-05,-11.250057220458984
salmon,vertebrate,-5.53131103515625e-05,-11.062555313110352
salmon,invertebrate,-10.062562942504883,-6.29425048828125e-05
salmon,mammal,-10.437543869018555,-4.38690185546875e-05
salmon,bird,-9.875072479248047,-7.2479248046875e-05
salmon,reptile,-10.250053405761719,-5.340576171875e-05
salmon,amphibian,-10.125059127807617,-5.91278076171875e-05
salmon,fish,-3.814697265625e-05,-11.562538146972656
salmon,arthropod,-10.312557220458984,-5.7220458984375e-05
salmon,insect,-10.312553405761719,-5.340576171875e-05
salmon,bird of prey,-9.937576293945312,-7.62939453125e-05
salmon,aquatic bird,-9.750083923339844,-8.392333984375e-05
salmon,canine,-9.750080108642578,-8.0108642578125e-05
salmon,feline,-9.750078201293945,-7.82012939453125e-05
salmon,primate,-10.000064849853516,-6.4849853515625e-05
salmon,aquatic mammal,-10.000066757202148,-6.67572021484375e-05
salmon,rodent,-9.81257438659668,-7.43865966796875e-05
salmon,bat,-9.687585830688477,-8.58306884765625e-05
salmon,bear,-9.312616348266602,-0.0001163482666015625
salmon,cat,-9.687582015991211,-8.20159912109375e-05
salmon,cheetah,-10.000066757202148,-6.67572021484375e-05
salmon,leopard,-9.06264877319336,-0.000148773193359375
salmon,lion,-9.625089645385742,-8.96453857421875e-05
salmon,panther,-9.687585830688477,-8.58306884765625e-05
salmon,tiger,-8.687702178955078,-0.000202178955078125
salmon,dog,-9.625091552734375,-9.1552734375e-05
salmon,fox,-9.812576293945312,-7.62939453125e-05
salmon,hyena,-9.68758773803711,-8.7738037109375e-05
salmon,wolf,-9.437606811523438,-0.0001068115234375
salmon,raccoon,-9.312618255615234,-0.000118255615234375
salmon,skunk,-9.125137329101562,-0.0001373291015625
salmon,otter,-9.562593460083008,-9.34600830078125e-05
salmon,beaver,-9.562589645385742,-8.96453857421875e-05
salmon,chipmunk,-9.562593460083008,-9.34600830078125e-05
salmon,squirrel,-9.56259536743164,-9.5367431640625e-05
salmon,gerbil,-9.625085830688477,-8.58306884765625e-05
salmon,guinea_pig,-9.625089645385742,-8.96453857421875e-05
salmon,hamster,-9.687582015991211,-8.20159912109375e-05
salmon,mouse,-9.687580108642578,-8.0108642578125e-05
salmon,porcupine,-9.250125885009766,-0.000125885009765625
salmon,rat,-9.562591552734375,-9.1552734375e-05
salmon,buffalo,-9.3126220703125,-0.0001220703125
salmon,cow,-10.000066757202148,-6.67572021484375e-05
salmon,ox,-9.437604904174805,-0.0001049041748046875
salmon,goat,-9.87507438659668,-7.43865966796875e-05
salmon,sheep,-9.812578201293945,-7.82012939453125e-05
salmon,deer,-9.812576293945312,-7.62939453125e-05
salmon,moose,-9.62508773803711,-8.7738037109375e-05
salmon,giraffe,-9.687585830688477,-8.58306884765625e-05
salmon,camel,-9.500099182128906,-9.918212890625e-05
salmon,hippo,-9.437604904174805,-0.0001049041748046875
salmon,llama,-9.562593460083008,-9.34600830078125e-05
salmon,pig,-9.750080108642578,-8.0108642578125e-05
salmon,donkey,-9.812578201293945,-7.82012939453125e-05
salmon,horse,-9.812576293945312,-7.62939453125e-05
salmon,pony,-9.500099182128906,-9.918212890625e-05
salmon,zebra,-9.625091552734375,-9.1552734375e-05
salmon,rhino,-9.625089645385742,-8.96453857421875e-05
salmon,gorilla,-9.62508773803711,-8.7738037109375e-05
salmon,monkey,-9.750082015991211,-8.20159912109375e-05
salmon,hedgehog,-9.687585830688477,-8.58306884765625e-05
salmon,rabbit,-9.875070571899414,-7.05718994140625e-05
salmon,seal,-9.687582015991211,-8.20159912109375e-05
salmon,walrus,-9.500097274780273,-9.72747802734375e-05
salmon,dolphin,-10.000062942504883,-6.29425048828125e-05
salmon,whale,-9.875068664550781,-6.866455078125e-05
salmon,elephant,-9.562591552734375,-9.1552734375e-05
salmon,kangaroo,-9.687583923339844,-8.392333984375e-05
salmon,platypus,-9.750078201293945,-7.82012939453125e-05
salmon,crocodile,-9.750078201293945,-7.82012939453125e-05
salmon,alligator,-9.875072479248047,-7.2479248046875e-05
salmon,lizard,-10.062562942504883,-6.29425048828125e-05
salmon,iguana,-9.81257438659668,-7.43865966796875e-05
salmon,rattlesnake,-9.812578201293945,-7.82012939453125e-05
salmon,tortoise,-10.000064849853516,-6.4849853515625e-05
salmon,turtle,-10.06256103515625,-6.103515625e-05
salmon,frog,-10.06256103515625,-6.103515625e-05
salmon,toad,-9.750078201293945,-7.82012939453125e-05
salmon,budgie,-9.437602996826172,-0.000102996826171875
salmon,parakeet,-9.87507438659668,-7.43865966796875e-05
salmon,buzzard,-9.750082015991211,-8.20159912109375e-05
salmon,falcon,-9.687585830688477,-8.58306884765625e-05
salmon,hawk,-9.750080108642578,-8.0108642578125e-05
salmon,eagle,-9.750080108642578,-8.0108642578125e-05
salmon,owl,-9.687583923339844,-8.392333984375e-05
salmon,canary,-9.375106811523438,-0.0001068115234375
salmon,magpie,-9.437604904174805,-0.0001049041748046875
salmon,raven,-9.375110626220703,-0.000110626220703125
salmon,nightingale,-9.312616348266602,-0.0001163482666015625
salmon,robin,-9.37510871887207,-0.0001087188720703125
salmon,starling,-9.437604904174805,-0.0001049041748046875
salmon,sparrow,-9.562593460083008,-9.34600830078125e-05
salmon,wren,-9.375106811523438,-0.0001068115234375
salmon,chicken,-10.06256103515625,-6.103515625e-05
salmon,cockerel,-9.437602996826172,-0.000102996826171875
salmon,turkey,-9.62508773803711,-8.7738037109375e-05
salmon,dove,-9.500097274780273,-9.72747802734375e-05
salmon,pigeon,-9.687582015991211,-8.20159912109375e-05
salmon,partridge,-9.625089645385742,-8.96453857421875e-05
salmon,peacock,-9.312618255615234,-0.000118255615234375
salmon,crane,-9.500097274780273,-9.72747802734375e-05
salmon,flamingo,-9.625085830688477,-8.58306884765625e-05
salmon,heron,-9.750082015991211,-8.20159912109375e-05
salmon,duck,-9.875072479248047,-7.2479248046875e-05
salmon,goose,-9.687582015991211,-8.20159912109375e-05
salmon,pelican,-9.437604904174805,-0.0001049041748046875
salmon,penguin,-9.562589645385742,-8.96453857421875e-05
salmon,seagull,-9.750080108642578,-8.0108642578125e-05
salmon,swan,-9.750076293945312,-7.62939453125e-05
salmon,hummingbird,-9.562591552734375,-9.1552734375e-05
salmon,kingfisher,-9.375110626220703,-0.000110626220703125
salmon,woodpecker,-9.500097274780273,-9.72747802734375e-05
salmon,emu,-9.562597274780273,-9.72747802734375e-05
salmon,ostrich,-9.500097274780273,-9.72747802734375e-05
salmon,carp,-9.625083923339844,-8.392333984375e-05
salmon,goldfish,-9.625082015991211,-8.20159912109375e-05
salmon,minnow,-8.937650680541992,-0.0001506805419921875
salmon,cod,-9.875066757202148,-6.67572021484375e-05
salmon,herring,-9.062637329101562,-0.0001373291015625
salmon,sardine,-9.625083923339844,-8.392333984375e-05
salmon,salmon,-0.0002613067626953125,-8.875261306762695
salmon,trout,-4.387981414794922,-0.012981414794921875
salmon,eel,-10.187551498413086,-5.14984130859375e-05
salmon,flounder,-10.000062942504883,-6.29425048828125e-05
salmon,mackerel,-8.687698364257812,-0.0001983642578125
salmon,tuna,-9.875068664550781,-6.866455078125e-05
salmon,seahorse,-9.750078201293945,-7.82012939453125e-05
salmon,shark,-10.125057220458984,-5.7220458984375e-05
salmon,bee,-10.000066757202148,-6.67572021484375e-05
salmon,hornet,-9.687585830688477,-8.58306884765625e-05
salmon,wasp,-9.625093460083008,-9.34600830078125e-05
salmon,ant,-9.687583923339844,-8.392333984375e-05
salmon,beetle,-10.062562942504883,-6.29425048828125e-05
salmon,ladybird,-9.250120162963867,-0.0001201629638671875
salmon,butterfly,-9.687585830688477,-8.58306884765625e-05
salmon,moth,-9.437604904174805,-0.0001049041748046875
salmon,cockroach,-9.625089645385742,-8.96453857421875e-05
salmon,cricket,-9.81257438659668,-7.43865966796875e-05
salmon,grasshopper,-10.062562942504883,-6.29425048828125e-05
salmon,locust,-9.68758773803711,-8.7738037109375e-05
salmon,dragonfly,-9.750082015991211,-8.20159912109375e-05
salmon,flea,-9.687583923339844,-8.392333984375e-05
salmon,housefly,-9.687582015991211,-8.20159912109375e-05
salmon,mosquito,-9.687583923339844,-8.392333984375e-05
salmon,stick_insect,-9.562591552734375,-9.1552734375e-05
salmon,termite,-9.750078201293945,-7.82012939453125e-05
salmon,centipede,-9.750083923339844,-8.392333984375e-05
salmon,millipede,-9.375112533569336,-0.0001125335693359375
salmon,scorpion,-9.500102996826172,-0.000102996826171875
salmon,spider,-9.750082015991211,-8.20159912109375e-05
salmon,tarantula,-9.56259536743164,-9.5367431640625e-05
salmon,crab,-10.125057220458984,-5.7220458984375e-05
salmon,crayfish,-9.875072479248047,-7.2479248046875e-05
salmon,lobster,-9.750076293945312,-7.62939453125e-05
salmon,prawn,-9.625083923339844,-8.392333984375e-05
salmon,shrimp,-9.812572479248047,-7.2479248046875e-05
salmon,slug,-9.12513542175293,-0.0001354217529296875
salmon,snail,-9.81257438659668,-7.43865966796875e-05
salmon,clam,-10.06256103515625,-6.103515625e-05
salmon,mussel,-9.81257438659668,-7.43865966796875e-05
salmon,scallop,-9.750078201293945,-7.82012939453125e-05
salmon,oyster,-9.687582015991211,-8.20159912109375e-05
salmon,squid,-10.125055313110352,-5.53131103515625e-05
salmon,octopus,-9.875070571899414,-7.05718994140625e-05
salmon,worm,-9.875068664550781,-6.866455078125e-05
salmon,jellyfish,-10.125057220458984,-5.7220458984375e-05
trout,animal,-6.67572021484375e-05,-11.125066757202148
trout,vertebrate,-4.9591064453125e-05,-11.375049591064453
trout,invertebrate,-10.062564849853516,-6.4849853515625e-05
trout,mammal,-10.125059127807617,-5.91278076171875e-05
trout,bird,-9.687583923339844,-8.392333984375e-05
trout,reptile,-10.125059127807617,-5.91278076171875e-05
trout,amphibian,-9.875072479248047,-7.2479248046875e-05
trout,fish,-3.62396240234375e-05,-12.062536239624023
trout,arthropod,-10.312557220458984,-5.7220458984375e-05
trout,insect,-9.937572479248047,-7.2479248046875e-05
trout,bird of prey,-9.750085830688477,-8.58306884765625e-05
trout,aquatic bird,-9.625093460083008,-9.34600830078125e-05
trout,canine,-9.750078201293945,-7.82012939453125e-05
trout,feline,-9.750078201293945,-7.82012939453125e-05
trout,primate,-9.750080108642578,-8.0108642578125e-05
trout,aquatic mammal,-9.875072479248047,-7.2479248046875e-05
trout,rodent,-9.875070571899414,-7.05718994140625e-05
trout,bat,-9.687583923339844,-8.392333984375e-05
trout,bear,-9.37510871887207,-0.0001087188720703125
trout,cat,-9.500097274780273,-9.72747802734375e-05
trout,cheetah,-9.750078201293945,-7.82012939453125e-05
trout,leopard,-8.812679290771484,-0.000179290771484375
trout,lion,-9.62508773803711,-8.7738037109375e-05
trout,panther,-9.437604904174805,-0.0001049041748046875
trout,tiger,-8.187816619873047,-0.000316619873046875
trout,dog,-9.750078201293945,-7.82012939453125e-05
trout,fox,-9.562591552734375,-9.1552734375e-05
trout,hyena,-9.687585830688477,-8.58306884765625e-05
trout,wolf,-9.562591552734375,-9.1552734375e-05
trout,raccoon,-9.312614440917969,-0.00011444091796875
trout,skunk,-9.2501220703125,-0.0001220703125
trout,otter,-9.687583923339844,-8.392333984375e-05
trout,beaver,-9.562589645385742,-8.96453857421875e-05
trout,chipmunk,-9.500099182128906,-9.918212890625e-05
trout,squirrel,-9.81257438659668,-7.43865966796875e-05
trout,gerbil,-9.562591552734375,-9.1552734375e-05
trout,guinea_pig,-9.562593460083008,-9.34600830078125e-05
trout,hamster,-9.625085830688477,-8.58306884765625e-05
trout,mouse,-9.687580108642578,-8.0108642578125e-05
trout,porcupine,-9.375112533569336,-0.0001125335693359375
trout,rat,-9.62508773803711,-8.7738037109375e-05
trout,buffalo,-9.125139236450195,-0.0001392364501953125
trout,cow,-9.750080108642578,-8.0108642578125e-05
trout,ox,-9.312614440917969,-0.00011444091796875
trout,goat,-9.687583923339844,-8.392333984375e-05
trout,sheep,-9.812576293945312,-7.62939453125e-05
trout,deer,-9.562593460083008,-9.34600830078125e-05
trout,moose,-9.62508773803711,-8.7738037109375e-05
trout,giraffe,-9.437604904174805,-0.0001049041748046875
trout,camel,-9.500097274780273,-9.72747802734375e-05
trout,hippo,-9.37510871887207,-0.0001087188720703125
trout,llama,-9.437602996826172,-0.000102996826171875
trout,pig,-9.562593460083008,-9.34600830078125e-05
trout,donkey,-9.687583923339844,-8.392333984375e-05
trout,horse,-9.750080108642578,-8.0108642578125e-05
trout,pony,-9.37510871887207,-0.0001087188720703125
trout,zebra,-9.187631607055664,-0.0001316070556640625
trout,rhino,-9.500099182128906,-9.918212890625e-05
trout,gorilla,-9.37510871887207,-0.0001087188720703125
trout,monkey,-9.687585830688477,-8.58306884765625e-05
trout,hedgehog,-9.62508773803711,-8.7738037109375e-05
trout,rabbit,-9.687582015991211,-8.20159912109375e-05
trout,seal,-9.562589645385742,-8.96453857421875e-05
trout,walrus,-9.437602996826172,-0.000102996826171875
trout,dolphin,-9.687582015991211,-8.20159912109375e-05
trout,whale,-9.687582015991211,-8.20159912109375e-05
trout,elephant,-9.562591552734375,-9.1552734375e-05
trout,kangaroo,-9.562591552734375,-9.1552734375e-05
trout,platypus,-9.750078201293945,-7.82012939453125e-05
trout,crocodile,-9.687582015991211,-8.20159912109375e-05
trout,alligator,-9.750080108642578,-8.0108642578125e-05
trout,lizard,-10.000064849853516,-6.4849853515625e-05
trout,iguana,-9.687583923339844,-8.392333984375e-05
trout,rattlesnake,-9.687585830688477,-8.58306884765625e-05
trout,tortoise,-9.750078201293945,-7.82012939453125e-05
trout,turtle,-9.750078201293945,-7.82012939453125e-05
trout,frog,-10.06256103515625,-6.103515625e-05
trout,toad,-9.750078201293945,-7.82012939453125e-05
trout,budgie,-9.375106811523438,-0.0001068115234375
trout,parakeet,-9.750082015991211,-8.20159912109375e-05
trout,buzzard,-9.750082015991211,-8.20159912109375e-05
trout,falcon,-9.562593460083008,-9.34600830078125e-05
trout,hawk,-9.625089645385742,-8.96453857421875e-05
trout,eagle,-9.625085830688477,-8.58306884765625e-05
trout,owl,-9.437601089477539,-0.0001010894775390625
trout,canary,-9.437599182128906,-9.918212890625e-05
trout,magpie,-9.437602996826172,-0.000102996826171875
trout,raven,-9.437601089477539,-0.0001010894775390625
trout,nightingale,-9.250120162963867,-0.0001201629638671875
trout,robin,-9.312612533569336,-0.0001125335693359375
trout,starling,-9.437604904174805,-0.0001049041748046875
trout,sparrow,-9.62508773803711,-8.7738037109375e-05
trout,wren,-9.250118255615234,-0.000118255615234375
trout,chicken,-9.750078201293945,-7.82012939453125e-05
trout,cockerel,-9.375110626220703,-0.000110626220703125
trout,turkey,-9.312612533569336,-0.0001125335693359375
trout,dove,-9.50009536743164,-9.5367431640625e-05
trout,pigeon,-9.50009536743164,-9.5367431640625e-05
trout,partridge,-9.500097274780273,-9.72747802734375e-05
trout,peacock,-9.2501220703125,-0.0001220703125
trout,crane,-9.437601089477539,-0.0001010894775390625
trout,flamingo,-9.437599182128906,-9.918212890625e-05
trout,heron,-9.625089645385742,-8.96453857421875e-05
trout,duck,-9.750078201293945,-7.82012939453125e-05
trout,goose,-9.562589645385742,-8.96453857421875e-05
trout,pelican,-9.437601089477539,-0.0001010894775390625
trout,penguin,-9.437602996826172,-0.000102996826171875
trout,seagull,-9.750080108642578,-8.0108642578125e-05
trout,swan,-9.625085830688477,-8.58306884765625e-05
trout,hummingbird,-9.437602996826172,-0.000102996826171875
trout,kingfisher,-9.50009536743164,-9.5367431640625e-05
trout,woodpecker,-9.50009536743164,-9.5367431640625e-05
trout,emu,-9.562593460083008,-9.34600830078125e-05
trout,ostrich,-9.625085830688477,-8.58306884765625e-05
trout,carp,-7.875415802001953,-0.000415802001953125
trout,goldfish,-9.375102996826172,-0.000102996826171875
trout,minnow,-6.7512359619140625,-0.0012359619140625
trout,cod,-9.43759536743164,-9.5367431640625e-05
trout,herring,-8.312774658203125,-0.000274658203125
trout,sardine,-9.56258773803711,-8.7738037109375e-05
trout,salmon,-6.2520599365234375,-0.0020599365234375
trout,trout,-0.0001850128173828125,-9.375185012817383
trout,eel,-10.062559127807617,-5.91278076171875e-05
trout,flounder,-9.75007438659668,-7.43865966796875e-05
trout,mackerel,-7.31321907043457,-0.0007190704345703125
trout,tuna,-9.187623977661133,-0.0001239776611328125
trout,seahorse,-9.62508773803711,-8.7738037109375e-05
trout,shark,-10.000062942504883,-6.29425048828125e-05
trout,bee,-9.750080108642578,-8.0108642578125e-05
trout,hornet,-9.625089645385742,-8.96453857421875e-05
trout,wasp,-9.687585830688477,-8.58306884765625e-05
trout,ant,-9.437604904174805,-0.0001049041748046875
trout,beetle,-9.81257438659668,-7.43865966796875e-05
trout,ladybird,-9.000150680541992,-0.0001506805419921875
trout,butterfly,-9.562593460083008,-9.34600830078125e-05
trout,moth,-9.125141143798828,-0.000141143798828125
trout,cockroach,-9.562593460083008,-9.34600830078125e-05
trout,cricket,-9.750078201293945,-7.82012939453125e-05
trout,grasshopper,-9.812576293945312,-7.62939453125e-05
trout,locust,-9.437606811523438,-0.0001068115234375
trout,dragonfly,-9.625089645385742,-8.96453857421875e-05
trout,flea,-9.562593460083008,-9.34600830078125e-05
trout,housefly,-9.687582015991211,-8.20159912109375e-05
trout,mosquito,-9.437604904174805,-0.0001049041748046875
trout,stick_insect,-9.437599182128906,-9.918212890625e-05
trout,termite,-9.50009536743164,-9.5367431640625e-05
trout,centipede,-9.750083923339844,-8.392333984375e-05
trout,millipede,-9.437606811523438,-0.0001068115234375
trout,scorpion,-9.625091552734375,-9.1552734375e-05
trout,spider,-9.812576293945312,-7.62939453125e-05
trout,tarantula,-9.500099182128906,-9.918212890625e-05
trout,crab,-10.06256103515625,-6.103515625e-05
trout,crayfish,-9.875070571899414,-7.05718994140625e-05
trout,lobster,-9.687582015991211,-8.20159912109375e-05
trout,prawn,-9.625083923339844,-8.392333984375e-05
trout,shrimp,-10.06256103515625,-6.103515625e-05
trout,slug,-9.62508773803711,-8.7738037109375e-05
trout,snail,-9.875070571899414,-7.05718994140625e-05
trout,clam,-9.750080108642578,-8.0108642578125e-05
trout,mussel,-9.62508773803711,-8.7738037109375e-05
trout,scallop,-9.62508773803711,-8.7738037109375e-05
trout,oyster,-9.437601089477539,-0.0001010894775390625
trout,squid,-10.187553405761719,-5.340576171875e-05
trout,octopus,-9.750078201293945,-7.82012939453125e-05
trout,worm,-9.750076293945312,-7.62939453125e-05
trout,jellyfish,-10.06256103515625,-6.103515625e-05
eel,animal,-5.340576171875e-05,-11.812553405761719
eel,vertebrate,-6.29425048828125e-05,-10.500062942504883
eel,invertebrate,-9.312620162963867,-0.0001201629638671875
eel,mammal,-10.375045776367188,-4.57763671875e-05
eel,bird,-10.06256103515625,-6.103515625e-05
eel,reptile,-9.750078201293945,-7.82012939453125e-05
eel,amphibian,-9.875072479248047,-7.2479248046875e-05
eel,fish,-0.0001544952392578125,-9.312654495239258
eel,arthropod,-10.437553405761719,-5.340576171875e-05
eel,insect,-10.562543869018555,-4.38690185546875e-05
eel,bird of prey,-10.125064849853516,-6.4849853515625e-05
eel,aquatic bird,-10.062564849853516,-6.4849853515625e-05
eel,canine,-10.062562942504883,-6.29425048828125e-05
eel,feline,-10.06256103515625,-6.103515625e-05
eel,primate,-10.187555313110352,-5.53131103515625e-05
eel,aquatic mammal,-10.062562942504883,-6.29425048828125e-05
eel,rodent,-10.187555313110352,-5.53131103515625e-05
eel,bat,-10.062564849853516,-6.4849853515625e-05
eel,bear,-9.750080108642578,-8.0108642578125e-05
eel,cat,-10.062559127807617,-5.91278076171875e-05
eel,cheetah,-10.12506103515625,-6.103515625e-05
eel,leopard,-9.250125885009766,-0.000125885009765625
eel,lion,-9.62508773803711,-8.7738037109375e-05
eel,panther,-9.625091552734375,-9.1552734375e-05
eel,tiger,-9.250123977661133,-0.0001239776611328125
eel,dog,-10.06256103515625,-6.103515625e-05
eel,fox,-10.062562942504883,-6.29425048828125e-05
eel,hyena,-10.062566757202148,-6.67572021484375e-05
eel,wolf,-9.750080108642578,-8.0108642578125e-05
eel,raccoon,-9.56259536743164,-9.5367431640625e-05
eel,skunk,-9.562593460083008,-9.34600830078125e-05
eel,otter,-10.000062942504883,-6.29425048828125e-05
eel,beaver,-9.937566757202148,-6.67572021484375e-05
eel,chipmunk,-9.937568664550781,-6.866455078125e-05
eel,squirrel,-10.000064849853516,-6.4849853515625e-05
eel,gerbil,-10.000064849853516,-6.4849853515625e-05
eel,guinea_pig,-9.937570571899414,-7.05718994140625e-05
eel,hamster,-10.000062942504883,-6.29425048828125e-05
eel,mouse,-10.000062942504883,-6.29425048828125e-05
eel,porcupine,-9.68758773803711,-8.7738037109375e-05
eel,rat,-9.750078201293945,-7.82012939453125e-05
eel,buffalo,-9.750083923339844,-8.392333984375e-05
eel,cow,-10.000064849853516,-6.4849853515625e-05
eel,ox,-9.500099182128906,-9.918212890625e-05
eel,goat,-10.000068664550781,-6.866455078125e-05
eel,sheep,-10.250055313110352,-5.53131103515625e-05
eel,deer,-10.000066757202148,-6.67572021484375e-05
eel,moose,-9.87507438659668,-7.43865966796875e-05
eel,giraffe,-9.812578201293945,-7.82012939453125e-05
eel,camel,-9.812578201293945,-7.82012939453125e-05
eel,hippo,-9.500101089477539,-0.0001010894775390625
eel,llama,-9.750083923339844,-8.392333984375e-05
eel,pig,-9.750082015991211,-8.20159912109375e-05
eel,donkey,-9.875076293945312,-7.62939453125e-05
eel,horse,-9.687585830688477,-8.58306884765625e-05
eel,pony,-9.750080108642578,-8.0108642578125e-05
eel,zebra,-9.562599182128906,-9.918212890625e-05
eel,rhino,-9.87507438659668,-7.43865966796875e-05
eel,gorilla,-9.750082015991211,-8.20159912109375e-05
eel,monkey,-9.87507438659668,-7.43865966796875e-05
eel,hedgehog,-9.87507438659668,-7.43865966796875e-05
eel,rabbit,-10.062562942504883,-6.29425048828125e-05
eel,seal,-10.000064849853516,-6.4849853515625e-05
eel,walrus,-9.812578201293945,-7.82012939453125e-05
eel,dolphin,-10.125055313110352,-5.53131103515625e-05
eel,whale,-10.06256103515625,-6.103515625e-05
eel,elephant,-9.875070571899414,-7.05718994140625e-05
eel,kangaroo,-10.000064849853516,-6.4849853515625e-05
eel,platypus,-9.875072479248047,-7.2479248046875e-05
eel,crocodile,-10.125057220458984,-5.7220458984375e-05
eel,alligator,-10.250053405761719,-5.340576171875e-05
eel,lizard,-10.250051498413086,-5.14984130859375e-05
eel,iguana,-10.06256103515625,-6.103515625e-05
eel,rattlesnake,-10.062564849853516,-6.4849853515625e-05
eel,tortoise,-10.187555313110352,-5.53131103515625e-05
eel,turtle,-10.250053405761719,-5.340576171875e-05
eel,frog,-10.500041961669922,-4.1961669921875e-05
eel,toad,-10.06256103515625,-6.103515625e-05
eel,budgie,-9.750080108642578,-8.0108642578125e-05
eel,parakeet,-10.062568664550781,-6.866455078125e-05
eel,buzzard,-10.000072479248047,-7.2479248046875e-05
eel,falcon,-9.937568664550781,-6.866455078125e-05
eel,hawk,-9.812578201293945,-7.82012939453125e-05
eel,eagle,-9.812578201293945,-7.82012939453125e-05
eel,owl,-9.750080108642578,-8.0108642578125e-05
eel,canary,-9.687583923339844,-8.392333984375e-05
eel,magpie,-9.750080108642578,-8.0108642578125e-05
eel,raven,-9.562597274780273,-9.72747802734375e-05
eel,nightingale,-9.437606811523438,-0.0001068115234375
eel,robin,-9.62508773803711,-8.7738037109375e-05
eel,starling,-9.562597274780273,-9.72747802734375e-05
eel,sparrow,-9.812576293945312,-7.62939453125e-05
eel,wren,-9.56259536743164,-9.5367431640625e-05
eel,chicken,-9.875072479248047,-7.2479248046875e-05
eel,cockerel,-9.625091552734375,-9.1552734375e-05
eel,turkey,-9.687585830688477,-8.58306884765625e-05
eel,dove,-9.687585830688477,-8.58306884765625e-05
eel,pigeon,-9.812576293945312,-7.62939453125e-05
eel,partridge,-9.750083923339844,-8.392333984375e-05
eel,peacock,-9.750083923339844,-8.392333984375e-05
eel,crane,-9.625091552734375,-9.1552734375e-05
eel,flamingo,-9.81257438659668,-7.43865966796875e-05
eel,heron,-9.875076293945312,-7.62939453125e-05
eel,duck,-10.125059127807617,-5.91278076171875e-05
eel,goose,-9.812576293945312,-7.62939453125e-05
eel,pelican,-9.812576293945312,-7.62939453125e-05
eel,penguin,-10.000062942504883,-6.29425048828125e-05
eel,seagull,-10.000066757202148,-6.67572021484375e-05
eel,swan,-10.125059127807617,-5.91278076171875e-05
eel,hummingbird,-9.812576293945312,-7.62939453125e-05
eel,kingfisher,-9.750082015991211,-8.20159912109375e-05
eel,woodpecker,-9.875072479248047,-7.2479248046875e-05
eel,emu,-9.750083923339844,-8.392333984375e-05
eel,ostrich,-9.875072479248047,-7.2479248046875e-05
eel,carp,-9.437599182128906,-9.918212890625e-05
eel,goldfish,-9.875066757202148,-6.67572021484375e-05
eel,minnow,-9.437601089477539,-0.0001010894775390625
eel,cod,-9.812568664550781,-6.866455078125e-05
eel,herring,-9.625083923339844,-8.392333984375e-05
eel,sardine,-10.312545776367188,-4.57763671875e-05
eel,salmon,-10.000059127807617,-5.91278076171875e-05
eel,trout,-10.000059127807617,-5.91278076171875e-05
eel,eel,-0.000213623046875,-9.312713623046875
eel,flounder,-9.875068664550781,-6.866455078125e-05
eel,mackerel,-9.50009536743164,-9.5367431640625e-05
eel,tuna,-10.187551498413086,-5.14984130859375e-05
eel,seahorse,-10.125057220458984,-5.7220458984375e-05
eel,shark,-10.500040054321289,-4.00543212890625e-05
eel,bee,-10.062564849853516,-6.4849853515625e-05
eel,hornet,-10.000070571899414,-7.05718994140625e-05
eel,wasp,-10.125064849853516,-6.4849853515625e-05
eel,ant,-10.062562942504883,-6.29425048828125e-05
eel,beetle,-10.312551498413086,-5.14984130859375e-05
eel,ladybird,-9.750082015991211,-8.20159912109375e-05
eel,butterfly,-10.062564849853516,-6.4849853515625e-05
eel,moth,-9.750082015991211,-8.20159912109375e-05
eel,cockroach,-9.812578201293945,-7.82012939453125e-05
eel,cricket,-10.062562942504883,-6.29425048828125e-05
eel,grasshopper,-10.312551498413086,-5.14984130859375e-05
eel,locust,-10.062564849853516,-6.4849853515625e-05
eel,dragonfly,-10.125059127807617,-5.91278076171875e-05
eel,flea,-10.062562942504883,-6.29425048828125e-05
eel,housefly,-10.062564849853516,-6.4849853515625e-05
eel,mosquito,-9.875076293945312,-7.62939453125e-05
eel,stick_insect,-9.750078201293945,-7.82012939453125e-05
eel,termite,-10.062564849853516,-6.4849853515625e-05
eel,centipede,-10.062564849853516,-6.4849853515625e-05
eel,millipede,-9.750082015991211,-8.20159912109375e-05
eel,scorpion,-9.875072479248047,-7.2479248046875e-05
eel,spider,-10.187559127807617,-5.91278076171875e-05
eel,tarantula,-9.812580108642578,-8.0108642578125e-05
eel,crab,-10.375049591064453,-4.9591064453125e-05
eel,crayfish,-10.125059127807617,-5.91278076171875e-05
eel,lobster,-10.250051498413086,-5.14984130859375e-05
eel,prawn,-10.00006103515625,-6.103515625e-05
eel,shrimp,-10.187553405761719,-5.340576171875e-05
eel,slug,-9.000150680541992,-0.0001506805419921875
eel,snail,-10.125057220458984,-5.7220458984375e-05
eel,clam,-10.062562942504883,-6.29425048828125e-05
eel,mussel,-10.06256103515625,-6.103515625e-05
eel,scallop,-10.187557220458984,-5.7220458984375e-05
eel,oyster,-9.875070571899414,-7.05718994140625e-05
eel,squid,-10.500040054321289,-4.00543212890625e-05
eel,octopus,-10.250051498413086,-5.14984130859375e-05
eel,worm,-6.501596450805664,-0.0015964508056640625
eel,jellyfish,-10.37504768371582,-4.76837158203125e-05
flounder,animal,-9.918212890625e-05,-10.375099182128906
flounder,vertebrate,-0.0001430511474609375,-9.625143051147461
flounder,invertebrate,-9.812580108642578,-8.0108642578125e-05
flounder,mammal,-10.312549591064453,-4.9591064453125e-05
flounder,bird,-9.750078201293945,-7.82012939453125e-05
flounder,reptile,-10.187555313110352,-5.53131103515625e-05
flounder,amphibian,-10.187557220458984,-5.7220458984375e-05
flounder,fish,-4.57763671875e-05,-11.562545776367188
flounder,arthropod,-10.312557220458984,-5.7220458984375e-05
flounder,insect,-10.250053405761719,-5.340576171875e-05
flounder,bird of prey,-10.000068664550781,-6.866455078125e-05
flounder,aquatic bird,-9.500102996826172,-0.000102996826171875
flounder,canine,-9.937568664550781,-6.866455078125e-05
flounder,feline,-9.875070571899414,-7.05718994140625e-05
flounder,primate,-10.125057220458984,-5.7220458984375e-05
flounder,aquatic mammal,-9.937570571899414,-7.05718994140625e-05
flounder,rodent,-10.000062942504883,-6.29425048828125e-05
flounder,bat,-9.750080108642578,-8.0108642578125e-05
flounder,bear,-9.687582015991211,-8.20159912109375e-05
flounder,cat,-9.562589645385742,-8.96453857421875e-05
flounder,cheetah,-9.937568664550781,-6.866455078125e-05
flounder,leopard,-8.750192642211914,-0.0001926422119140625
flounder,lion,-9.375110626220703,-0.000110626220703125
flounder,panther,-9.625089645385742,-8.96453857421875e-05
flounder,tiger,-8.750188827514648,-0.0001888275146484375
flounder,dog,-9.81257438659668,-7.43865966796875e-05
flounder,fox,-9.750078201293945,-7.82012939453125e-05
flounder,hyena,-9.87507438659668,-7.43865966796875e-05
flounder,wolf,-9.56259536743164,-9.5367431640625e-05
flounder,raccoon,-9.312616348266602,-0.0001163482666015625
flounder,skunk,-9.437602996826172,-0.000102996826171875
flounder,otter,-9.750076293945312,-7.62939453125e-05
flounder,beaver,-9.687582015991211,-8.20159912109375e-05
flounder,chipmunk,-9.687583923339844,-8.392333984375e-05
flounder,squirrel,-9.750080108642578,-8.0108642578125e-05
flounder,gerbil,-9.62508773803711,-8.7738037109375e-05
flounder,guinea_pig,-9.687585830688477,-8.58306884765625e-05
flounder,hamster,-9.812570571899414,-7.05718994140625e-05
flounder,mouse,-9.687580108642578,-8.0108642578125e-05
flounder,porcupine,-9.500102996826172,-0.000102996826171875
flounder,rat,-9.687582015991211,-8.20159912109375e-05
flounder,buffalo,-9.375114440917969,-0.00011444091796875
flounder,cow,-9.750078201293945,-7.82012939453125e-05
flounder,ox,-9.437606811523438,-0.0001068115234375
flounder,goat,-9.750080108642578,-8.0108642578125e-05
flounder,sheep,-9.750080108642578,-8.0108642578125e-05
flounder,deer,-9.625089645385742,-8.96453857421875e-05
flounder,moose,-9.750078201293945,-7.82012939453125e-05
flounder,giraffe,-9.562593460083008,-9.34600830078125e-05
flounder,camel,-9.62508773803711,-8.7738037109375e-05
flounder,hippo,-9.312616348266602,-0.0001163482666015625
flounder,llama,-9.562593460083008,-9.34600830078125e-05
flounder,pig,-9.750082015991211,-8.20159912109375e-05
flounder,donkey,-9.625091552734375,-9.1552734375e-05
flounder,horse,-9.187627792358398,-0.0001277923583984375
flounder,pony,-9.437602996826172,-0.000102996826171875
flounder,zebra,-9.187629699707031,-0.00012969970703125
flounder,rhino,-9.750080108642578,-8.0108642578125e-05
flounder,gorilla,-9.562591552734375,-9.1552734375e-05
flounder,monkey,-9.750080108642578,-8.0108642578125e-05
flounder,hedgehog,-9.875070571899414,-7.05718994140625e-05
flounder,rabbit,-9.62508773803711,-8.7738037109375e-05
flounder,seal,-9.687582015991211,-8.20159912109375e-05
flounder,walrus,-9.437601089477539,-0.0001010894775390625
flounder,dolphin,-9.875068664550781,-6.866455078125e-05
flounder,whale,-10.00006103515625,-6.103515625e-05
flounder,elephant,-9.562591552734375,-9.1552734375e-05
flounder,kangaroo,-9.687583923339844,-8.392333984375e-05
flounder,platypus,-9.750080108642578,-8.0108642578125e-05
flounder,crocodile,-9.875070571899414,-7.05718994140625e-05
flounder,alligator,-9.875070571899414,-7.05718994140625e-05
flounder,lizard,-10.06256103515625,-6.103515625e-05
flounder,iguana,-9.812572479248047,-7.2479248046875e-05
flounder,rattlesnake,-9.875072479248047,-7.2479248046875e-05
flounder,tortoise,-9.562591552734375,-9.1552734375e-05
flounder,turtle,-9.875068664550781,-6.866455078125e-05
flounder,frog,-9.937568664550781,-6.866455078125e-05
flounder,toad,-9.375112533569336,-0.0001125335693359375
flounder,budgie,-9.187625885009766,-0.000125885009765625
flounder,parakeet,-9.875076293945312,-7.62939453125e-05
flounder,buzzard,-9.750083923339844,-8.392333984375e-05
flounder,falcon,-9.62508773803711,-8.7738037109375e-05
flounder,hawk,-9.687583923339844,-8.392333984375e-05
flounder,eagle,-9.562593460083008,-9.34600830078125e-05
flounder,owl,-9.437601089477539,-0.0001010894775390625
flounder,canary,-9.312614440917969,-0.00011444091796875
flounder,magpie,-9.62508773803711,-8.7738037109375e-05
flounder,raven,-9.437606811523438,-0.0001068115234375
flounder,nightingale,-9.437601089477539,-0.0001010894775390625
flounder,robin,-9.37510871887207,-0.0001087188720703125
flounder,starling,-9.437606811523438,-0.0001068115234375
flounder,sparrow,-9.562593460083008,-9.34600830078125e-05
flounder,wren,-9.250120162963867,-0.0001201629638671875
flounder,chicken,-9.875070571899414,-7.05718994140625e-05
flounder,cockerel,-9.375112533569336,-0.0001125335693359375
flounder,turkey,-9.437602996826172,-0.000102996826171875
flounder,dove,-9.312614440917969,-0.00011444091796875
flounder,pigeon,-9.562591552734375,-9.1552734375e-05
flounder,partridge,-9.500099182128906,-9.918212890625e-05
flounder,peacock,-9.312616348266602,-0.0001163482666015625
flounder,crane,-9.125137329101562,-0.0001373291015625
flounder,flamingo,-9.562589645385742,-8.96453857421875e-05
flounder,heron,-9.750080108642578,-8.0108642578125e-05
flounder,duck,-9.687582015991211,-8.20159912109375e-05
flounder,goose,-9.562591552734375,-9.1552734375e-05
flounder,pelican,-9.562589645385742,-8.96453857421875e-05
flounder,penguin,-9.687578201293945,-7.82012939453125e-05
flounder,seagull,-9.875070571899414,-7.05718994140625e-05
flounder,swan,-9.875072479248047,-7.2479248046875e-05
flounder,hummingbird,-9.62508773803711,-8.7738037109375e-05
flounder,kingfisher,-9.62508773803711,-8.7738037109375e-05
flounder,woodpecker,-9.625085830688477,-8.58306884765625e-05
flounder,emu,-9.500101089477539,-0.0001010894775390625
flounder,ostrich,-9.625085830688477,-8.58306884765625e-05
flounder,carp,-9.875066757202148,-6.67572021484375e-05
flounder,goldfish,-10.000059127807617,-5.91278076171875e-05
flounder,minnow,-9.625085830688477,-8.58306884765625e-05
flounder,cod,-9.000141143798828,-0.000141143798828125
flounder,herring,-9.75007438659668,-7.43865966796875e-05
flounder,sardine,-10.00006103515625,-6.103515625e-05
flounder,salmon,-10.062557220458984,-5.7220458984375e-05
flounder,trout,-9.625080108642578,-8.0108642578125e-05
flounder,eel,-10.00006103515625,-6.103515625e-05
flounder,flounder,-0.0003376007080078125,-8.687837600708008
flounder,mackerel,-9.625085830688477,-8.58306884765625e-05
flounder,tuna,-9.875064849853516,-6.4849853515625e-05
flounder,seahorse,-9.812570571899414,-7.05718994140625e-05
flounder,shark,-10.250049591064453,-4.9591064453125e-05
flounder,bee,-9.937566757202148,-6.67572021484375e-05
flounder,hornet,-9.625091552734375,-9.1552734375e-05
flounder,wasp,-10.000066757202148,-6.67572021484375e-05
flounder,ant,-9.750078201293945,-7.82012939453125e-05
flounder,beetle,-10.06256103515625,-6.103515625e-05
flounder,ladybird,-9.500097274780273,-9.72747802734375e-05
flounder,butterfly,-9.187631607055664,-0.0001316070556640625
flounder,moth,-9.312616348266602,-0.0001163482666015625
flounder,cockroach,-9.750082015991211,-8.20159912109375e-05
flounder,cricket,-9.750082015991211,-8.20159912109375e-05
flounder,grasshopper,-9.937568664550781,-6.866455078125e-05
flounder,locust,-9.750083923339844,-8.392333984375e-05
flounder,dragonfly,-9.937566757202148,-6.67572021484375e-05
flounder,flea,-9.62508773803711,-8.7738037109375e-05
flounder,housefly,-9.500097274780273,-9.72747802734375e-05
flounder,mosquito,-9.750082015991211,-8.20159912109375e-05
flounder,stick_insect,-9.625085830688477,-8.58306884765625e-05
flounder,termite,-9.750080108642578,-8.0108642578125e-05
flounder,centipede,-10.000068664550781,-6.866455078125e-05
flounder,millipede,-9.562597274780273,-9.72747802734375e-05
flounder,scorpion,-9.687583923339844,-8.392333984375e-05
flounder,spider,-9.87507438659668,-7.43865966796875e-05
flounder,tarantula,-9.625089645385742,-8.96453857421875e-05
flounder,crab,-10.00006103515625,-6.103515625e-05
flounder,crayfish,-10.000064849853516,-6.4849853515625e-05
flounder,lobster,-9.875066757202148,-6.67572021484375e-05
flounder,prawn,-9.937564849853516,-6.4849853515625e-05
flounder,shrimp,-9.875066757202148,-6.67572021484375e-05
flounder,slug,-9.00014877319336,-0.000148773193359375
flounder,snail,-9.750076293945312,-7.62939453125e-05
flounder,clam,-9.625083923339844,-8.392333984375e-05
flounder,mussel,-10.000062942504883,-6.29425048828125e-05
flounder,scallop,-9.75007438659668,-7.43865966796875e-05
flounder,oyster,-9.687580108642578,-8.0108642578125e-05
flounder,squid,-10.187551498413086,-5.14984130859375e-05
flounder,octopus,-10.00006103515625,-6.103515625e-05
flounder,worm,-9.937564849853516,-6.4849853515625e-05
flounder,jellyfish,-10.125057220458984,-5.7220458984375e-05
mackerel,animal,-0.0001087188720703125,-10.31260871887207
mackerel,vertebrate,-9.34600830078125e-05,-10.500093460083008
mackerel,invertebrate,-9.687591552734375,-9.1552734375e-05
mackerel,mammal,-10.062562942504883,-6.29425048828125e-05
mackerel,bird,-9.062650680541992,-0.0001506805419921875
mackerel,reptile,-9.875076293945312,-7.62939453125e-05
mackerel,amphibian,-10.125064849853516,-6.4849853515625e-05
mackerel,fish,-4.1961669921875e-05,-12.187541961669922
mackerel,arthropod,-10.062570571899414,-7.05718994140625e-05
mackerel,insect,-9.875078201293945,-7.82012939453125e-05
mackerel,bird of prey,-9.50010871887207,-0.0001087188720703125
mackerel,aquatic bird,-8.87518310546875,-0.00018310546875
mackerel,canine,-9.625089645385742,-8.96453857421875e-05
mackerel,feline,-9.437602996826172,-0.000102996826171875
mackerel,primate,-9.812578201293945,-7.82012939453125e-05
mackerel,aquatic mammal,-9.625091552734375,-9.1552734375e-05
mackerel,rodent,-9.750080108642578,-8.0108642578125e-05
mackerel,bat,-9.250131607055664,-0.0001316070556640625
mackerel,bear,-9.375110626220703,-0.000110626220703125
mackerel,cat,-9.000152587890625,-0.000152587890625
mackerel,cheetah,-9.562597274780273,-9.72747802734375e-05
mackerel,leopard,-8.062862396240234,-0.000362396240234375
mackerel,lion,-8.812681198120117,-0.0001811981201171875
mackerel,panther,-8.875173568725586,-0.0001735687255859375
mackerel,tiger,-7.875431060791016,-0.000431060791015625
mackerel,dog,-9.250125885009766,-0.000125885009765625
mackerel,fox,-9.437606811523438,-0.0001068115234375
mackerel,hyena,-9.375116348266602,-0.0001163482666015625
mackerel,wolf,-9.00015640258789,-0.000156402587890625
mackerel,raccoon,-8.812685012817383,-0.0001850128173828125
mackerel,skunk,-8.937665939331055,-0.0001659393310546875
mackerel,otter,-9.250123977661133,-0.0001239776611328125
mackerel,beaver,-9.437604904174805,-0.0001049041748046875
mackerel,chipmunk,-9.312616348266602,-0.0001163482666015625
mackerel,squirrel,-9.500101089477539,-0.0001010894775390625
mackerel,gerbil,-9.375112533569336,-0.0001125335693359375
mackerel,guinea_pig,-9.125143051147461,-0.0001430511474609375
mackerel,hamster,-9.437602996826172,-0.000102996826171875
mackerel,mouse,-9.312616348266602,-0.0001163482666015625
mackerel,porcupine,-9.125143051147461,-0.0001430511474609375
mackerel,rat,-9.250125885009766,-0.000125885009765625
mackerel,buffalo,-9.000158309936523,-0.0001583099365234375
mackerel,cow,-9.562593460083008,-9.34600830078125e-05
mackerel,ox,-9.125137329101562,-0.0001373291015625
mackerel,goat,-9.250129699707031,-0.00012969970703125
mackerel,sheep,-9.500101089477539,-0.0001010894775390625
mackerel,deer,-9.375114440917969,-0.00011444091796875
mackerel,moose,-9.43760871887207,-0.0001087188720703125
mackerel,giraffe,-9.312620162963867,-0.0001201629638671875
mackerel,camel,-9.312620162963867,-0.0001201629638671875
mackerel,hippo,-9.125143051147461,-0.0001430511474609375
mackerel,llama,-9.375110626220703,-0.000110626220703125
mackerel,pig,-9.43760871887207,-0.0001087188720703125
mackerel,donkey,-9.3126220703125,-0.0001220703125
mackerel,horse,-8.750190734863281,-0.00019073486328125
mackerel,pony,-8.937665939331055,-0.0001659393310546875
mackerel,zebra,-8.687707901000977,-0.0002079010009765625
mackerel,rhino,-9.437610626220703,-0.000110626220703125
mackerel,gorilla,-9.187631607055664,-0.0001316070556640625
mackerel,monkey,-9.312620162963867,-0.0001201629638671875
mackerel,hedgehog,-9.250127792358398,-0.0001277923583984375
mackerel,rabbit,-9.500101089477539,-0.0001010894775390625
mackerel,seal,-9.250123977661133,-0.0001239776611328125
mackerel,walrus,-9.187633514404297,-0.000133514404296875
mackerel,dolphin,-9.125137329101562,-0.0001373291015625
mackerel,whale,-9.375106811523438,-0.0001068115234375
mackerel,elephant,-9.187631607055664,-0.0001316070556640625
mackerel,kangaroo,-9.437604904174805,-0.0001049041748046875
mackerel,platypus,-9.625091552734375,-9.1552734375e-05
mackerel,crocodile,-9.625089645385742,-8.96453857421875e-05
mackerel,alligator,-9.500102996826172,-0.000102996826171875
mackerel,lizard,-9.562597274780273,-9.72747802734375e-05
mackerel,iguana,-9.56259536743164,-9.5367431640625e-05
mackerel,rattlesnake,-9.437610626220703,-0.000110626220703125
mackerel,tortoise,-9.500099182128906,-9.918212890625e-05
mackerel,turtle,-9.62508773803711,-8.7738037109375e-05
mackerel,frog,-9.750082015991211,-8.20159912109375e-05
mackerel,toad,-9.312618255615234,-0.000118255615234375
mackerel,budgie,-8.562723159790039,-0.0002231597900390625
mackerel,parakeet,-9.312620162963867,-0.0001201629638671875
mackerel,buzzard,-9.500102996826172,-0.000102996826171875
mackerel,falcon,-9.250125885009766,-0.000125885009765625
mackerel,hawk,-9.187631607055664,-0.0001316070556640625
mackerel,eagle,-9.437602996826172,-0.000102996826171875
mackerel,owl,-9.312614440917969,-0.00011444091796875
mackerel,canary,-8.750190734863281,-0.00019073486328125
mackerel,magpie,-8.937660217285156,-0.00016021728515625
mackerel,raven,-9.000158309936523,-0.0001583099365234375
mackerel,nightingale,-9.000152587890625,-0.000152587890625
mackerel,robin,-9.000154495239258,-0.0001544952392578125
mackerel,starling,-9.062650680541992,-0.0001506805419921875
mackerel,sparrow,-9.187629699707031,-0.00012969970703125
mackerel,wren,-9.000152587890625,-0.000152587890625
mackerel,chicken,-9.625091552734375,-9.1552734375e-05
mackerel,cockerel,-8.750194549560547,-0.000194549560546875
mackerel,turkey,-9.187629699707031,-0.00012969970703125
mackerel,dove,-9.125139236450195,-0.0001392364501953125
mackerel,pigeon,-9.12513542175293,-0.0001354217529296875
mackerel,partridge,-9.312618255615234,-0.000118255615234375
mackerel,peacock,-8.750194549560547,-0.000194549560546875
mackerel,crane,-9.187629699707031,-0.00012969970703125
mackerel,flamingo,-9.312614440917969,-0.00011444091796875
mackerel,heron,-9.375112533569336,-0.0001125335693359375
mackerel,duck,-9.312618255615234,-0.000118255615234375
mackerel,goose,-9.312618255615234,-0.000118255615234375
mackerel,pelican,-9.375110626220703,-0.000110626220703125
mackerel,penguin,-9.2501220703125,-0.0001220703125
mackerel,seagull,-9.437604904174805,-0.0001049041748046875
mackerel,swan,-9.500101089477539,-0.0001010894775390625
mackerel,hummingbird,-9.312616348266602,-0.0001163482666015625
mackerel,kingfisher,-9.312614440917969,-0.00011444091796875
mackerel,woodpecker,-9.2501220703125,-0.0001220703125
mackerel,emu,-9.250127792358398,-0.0001277923583984375
mackerel,ostrich,-9.437602996826172,-0.000102996826171875
mackerel,carp,-9.500097274780273,-9.72747802734375e-05
mackerel,goldfish,-9.437601089477539,-0.0001010894775390625
mackerel,minnow,-7.625526428222656,-0.00052642822265625
mackerel,cod,-9.250116348266602,-0.0001163482666015625
mackerel,herring,-3.7742156982421875,-0.0242156982421875
mackerel,sardine,-5.628911972045898,-0.0039119720458984375
mackerel,salmon,-9.437597274780273,-9.72747802734375e-05
mackerel,trout,-8.562715530395508,-0.0002155303955078125
mackerel,eel,-9.562589645385742,-8.96453857421875e-05
mackerel,flounder,-9.687582015991211,-8.20159912109375e-05
mackerel,mackerel,-0.0003528594970703125,-8.68785285949707
mackerel,tuna,-6.813692092895508,-0.0011920928955078125
mackerel,seahorse,-9.687582015991211,-8.20159912109375e-05
mackerel,shark,-10.062562942504883,-6.29425048828125e-05
mackerel,bee,-9.437612533569336,-0.0001125335693359375
mackerel,hornet,-9.187633514404297,-0.000133514404296875
mackerel,wasp,-9.187639236450195,-0.0001392364501953125
mackerel,ant,-9.312618255615234,-0.000118255615234375
mackerel,beetle,-9.250123977661133,-0.0001239776611328125
mackerel,ladybird,-8.87516975402832,-0.0001697540283203125
mackerel,butterfly,-8.687705993652344,-0.00020599365234375
mackerel,moth,-8.0628662109375,-0.0003662109375
mackerel,cockroach,-8.812688827514648,-0.0001888275146484375
mackerel,cricket,-8.937665939331055,-0.0001659393310546875
mackerel,grasshopper,-9.500101089477539,-0.0001010894775390625
mackerel,locust,-9.3126220703125,-0.0001220703125
mackerel,dragonfly,-9.250125885009766,-0.000125885009765625
mackerel,flea,-8.687704086303711,-0.0002040863037109375
mackerel,housefly,-9.187631607055664,-0.0001316070556640625
mackerel,mosquito,-9.187633514404297,-0.000133514404296875
mackerel,stick_insect,-9.12513542175293,-0.0001354217529296875
mackerel,termite,-9.187633514404297,-0.000133514404296875
mackerel,centipede,-9.375116348266602,-0.0001163482666015625
mackerel,millipede,-9.062646865844727,-0.0001468658447265625
mackerel,scorpion,-9.125143051147461,-0.0001430511474609375
mackerel,spider,-9.50010871887207,-0.0001087188720703125
mackerel,tarantula,-9.375116348266602,-0.0001163482666015625
mackerel,crab,-9.87507438659668,-7.43865966796875e-05
mackerel,crayfish,-9.56259536743164,-9.5367431640625e-05
mackerel,lobster,-9.562589645385742,-8.96453857421875e-05
mackerel,prawn,-9.37510871887207,-0.0001087188720703125
mackerel,shrimp,-9.687582015991211,-8.20159912109375e-05
mackerel,slug,-8.562728881835938,-0.0002288818359375
mackerel,snail,-9.187631607055664,-0.0001316070556640625
mackerel,clam,-9.500101089477539,-0.0001010894775390625
mackerel,mussel,-9.312616348266602,-0.0001163482666015625
mackerel,scallop,-9.62508773803711,-8.7738037109375e-05
mackerel,oyster,-9.50009536743164,-9.5367431640625e-05
mackerel,squid,-9.81257438659668,-7.43865966796875e-05
mackerel,octopus,-9.687582015991211,-8.20159912109375e-05
mackerel,worm,-9.062646865844727,-0.0001468658447265625
mackerel,jellyfish,-9.625089645385742,-8.96453857421875e-05
tuna,animal,-5.7220458984375e-05,-11.562557220458984
tuna,vertebrate,-6.4849853515625e-05,-11.125064849853516
tuna,invertebrate,-9.81258773803711,-8.7738037109375e-05
tuna,mammal,-10.125064849853516,-6.4849853515625e-05
tuna,bird,-9.75009536743164,-9.5367431640625e-05
tuna,reptile,-10.000078201293945,-7.82012939453125e-05
tuna,amphibian,-10.250068664550781,-6.866455078125e-05
tuna,fish,-4.9591064453125e-05,-11.687549591064453
tuna,arthropod,-10.125076293945312,-7.62939453125e-05
tuna,insect,-10.12507438659668,-7.43865966796875e-05
tuna,bird of prey,-9.812593460083008,-9.34600830078125e-05
tuna,aquatic bird,-9.62510871887207,-0.0001087188720703125
tuna,canine,-9.750089645385742,-8.96453857421875e-05
tuna,feline,-9.625093460083008,-9.34600830078125e-05
tuna,primate,-9.875076293945312,-7.62939453125e-05
tuna,aquatic mammal,-9.625101089477539,-0.0001010894775390625
tuna,rodent,-9.812580108642578,-8.0108642578125e-05
tuna,bat,-9.562604904174805,-0.0001049041748046875
tuna,bear,-9.437610626220703,-0.000110626220703125
tuna,cat,-9.375116348266602,-0.0001163482666015625
tuna,cheetah,-9.625097274780273,-9.72747802734375e-05
tuna,leopard,-8.625226974487305,-0.0002269744873046875
tuna,lion,-9.06265640258789,-0.000156402587890625
tuna,panther,-9.375118255615234,-0.000118255615234375
tuna,tiger,-8.625223159790039,-0.0002231597900390625
tuna,dog,-9.625097274780273,-9.72747802734375e-05
tuna,fox,-9.687589645385742,-8.96453857421875e-05
tuna,hyena,-9.687593460083008,-9.34600830078125e-05
tuna,wolf,-9.437612533569336,-0.0001125335693359375
tuna,raccoon,-9.375112533569336,-0.0001125335693359375
tuna,skunk,-9.250127792358398,-0.0001277923583984375
tuna,otter,-9.312620162963867,-0.0001201629638671875
tuna,beaver,-9.56259536743164,-9.5367431640625e-05
tuna,chipmunk,-9.562597274780273,-9.72747802734375e-05
tuna,squirrel,-9.500106811523438,-0.0001068115234375
tuna,gerbil,-9.43760871887207,-0.0001087188720703125
tuna,guinea_pig,-9.562601089477539,-0.0001010894775390625
tuna,hamster,-9.68758773803711,-8.7738037109375e-05
tuna,mouse,-9.562593460083008,-9.34600830078125e-05
tuna,porcupine,-9.250133514404297,-0.000133514404296875
tuna,rat,-9.3126220703125,-0.0001220703125
tuna,buffalo,-9.187641143798828,-0.000141143798828125
tuna,cow,-9.75008773803711,-8.7738037109375e-05
tuna,ox,-9.312623977661133,-0.0001239776611328125
tuna,goat,-9.625097274780273,-9.72747802734375e-05
tuna,sheep,-9.875078201293945,-7.82012939453125e-05
tuna,deer,-9.562602996826172,-0.000102996826171875
tuna,moose,-9.62509536743164,-9.5367431640625e-05
tuna,giraffe,-9.500104904174805,-0.0001049041748046875
tuna,camel,-9.500102996826172,-0.000102996826171875
tuna,hippo,-9.3126220703125,-0.0001220703125
tuna,llama,-9.500101089477539,-0.0001010894775390625
tuna,pig,-9.562602996826172,-0.000102996826171875
tuna,donkey,-9.500106811523438,-0.0001068115234375
tuna,horse,-9.625097274780273,-9.72747802734375e-05
tuna,pony,-9.500104904174805,-0.0001049041748046875
tuna,zebra,-9.312623977661133,-0.0001239776611328125
tuna,rhino,-9.62509536743164,-9.5367431640625e-05
tuna,gorilla,-9.375114440917969,-0.00011444091796875
tuna,monkey,-9.500104904174805,-0.0001049041748046875
tuna,hedgehog,-9.500102996826172,-0.000102996826171875
tuna,rabbit,-9.68758773803711,-8.7738037109375e-05
tuna,seal,-9.750082015991211,-8.20159912109375e-05
tuna,walrus,-9.375114440917969,-0.00011444091796875
tuna,dolphin,-9.250125885009766,-0.000125885009765625
tuna,whale,-9.250123977661133,-0.0001239776611328125
tuna,elephant,-9.437606811523438,-0.0001068115234375
tuna,kangaroo,-9.500102996826172,-0.000102996826171875
tuna,platypus,-9.625093460083008,-9.34600830078125e-05
tuna,crocodile,-9.68759536743164,-9.5367431640625e-05
tuna,alligator,-9.68759536743164,-9.5367431640625e-05
tuna,lizard,-9.875083923339844,-8.392333984375e-05
tuna,iguana,-9.68758773803711,-8.7738037109375e-05
tuna,rattlesnake,-9.500104904174805,-0.0001049041748046875
tuna,tortoise,-9.625089645385742,-8.96453857421875e-05
tuna,turtle,-9.68758773803711,-8.7738037109375e-05
tuna,frog,-9.812583923339844,-8.392333984375e-05
tuna,toad,-9.625093460083008,-9.34600830078125e-05
tuna,budgie,-9.187629699707031,-0.00012969970703125
tuna,parakeet,-9.500110626220703,-0.000110626220703125
tuna,buzzard,-9.625097274780273,-9.72747802734375e-05
tuna,falcon,-9.500104904174805,-0.0001049041748046875
tuna,hawk,-9.562601089477539,-0.0001010894775390625
tuna,eagle,-9.50010871887207,-0.0001087188720703125
tuna,owl,-9.437606811523438,-0.0001068115234375
tuna,canary,-9.062650680541992,-0.0001506805419921875
tuna,magpie,-9.437612533569336,-0.0001125335693359375
tuna,raven,-9.375112533569336,-0.0001125335693359375
tuna,nightingale,-9.187633514404297,-0.000133514404296875
tuna,robin,-9.250125885009766,-0.000125885009765625
tuna,starling,-9.312623977661133,-0.0001239776611328125
tuna,sparrow,-9.562601089477539,-0.0001010894775390625
tuna,wren,-9.250123977661133,-0.0001239776611328125
tuna,chicken,-10.00007438659668,-7.43865966796875e-05
tuna,cockerel,-9.187637329101562,-0.0001373291015625
tuna,turkey,-9.312620162963867,-0.0001201629638671875
tuna,dove,-9.437604904174805,-0.0001049041748046875
tuna,pigeon,-9.562597274780273,-9.72747802734375e-05
tuna,partridge,-9.437610626220703,-0.000110626220703125
tuna,peacock,-9.187637329101562,-0.0001373291015625
tuna,crane,-9.125146865844727,-0.0001468658447265625
tuna,flamingo,-9.437604904174805,-0.0001049041748046875
tuna,heron,-9.562602996826172,-0.000102996826171875
tuna,duck,-9.625097274780273,-9.72747802734375e-05
tuna,goose,-9.437604904174805,-0.0001049041748046875
tuna,pelican,-9.312620162963867,-0.0001201629638671875
tuna,penguin,-9.562591552734375,-9.1552734375e-05
tuna,seagull,-9.750080108642578,-8.0108642578125e-05
tuna,swan,-9.56259536743164,-9.5367431640625e-05
tuna,hummingbird,-9.43760871887207,-0.0001087188720703125
tuna,kingfisher,-9.375116348266602,-0.0001163482666015625
tuna,woodpecker,-9.375112533569336,-0.0001125335693359375
tuna,emu,-9.437620162963867,-0.0001201629638671875
tuna,ostrich,-9.375116348266602,-0.0001163482666015625
tuna,carp,-9.500097274780273,-9.72747802734375e-05
tuna,goldfish,-9.437601089477539,-0.0001010894775390625
tuna,minnow,-9.125131607055664,-0.0001316070556640625
tuna,cod,-9.75007438659668,-7.43865966796875e-05
tuna,herring,-9.50009536743164,-9.5367431640625e-05
tuna,sardine,-8.625213623046875,-0.000213623046875
tuna,salmon,-10.000064849853516,-6.4849853515625e-05
tuna,trout,-9.250116348266602,-0.0001163482666015625
tuna,eel,-9.875070571899414,-7.05718994140625e-05
tuna,flounder,-9.750080108642578,-8.0108642578125e-05
tuna,mackerel,-4.01960563659668,-0.019605636596679688
tuna,tuna,-0.00032806396484375,-8.750328063964844
tuna,seahorse,-9.687583923339844,-8.392333984375e-05
tuna,shark,-10.125062942504883,-6.29425048828125e-05
tuna,bee,-9.75008773803711,-8.7738037109375e-05
tuna,hornet,-9.312627792358398,-0.0001277923583984375
tuna,wasp,-9.437618255615234,-0.000118255615234375
tuna,ant,-9.375120162963867,-0.0001201629638671875
tuna,beetle,-9.875082015991211,-8.20159912109375e-05
tuna,ladybird,-9.37510871887207,-0.0001087188720703125
tuna,butterfly,-9.437610626220703,-0.000110626220703125
tuna,moth,-9.375120162963867,-0.0001201629638671875
tuna,cockroach,-9.312618255615234,-0.000118255615234375
tuna,cricket,-9.62509536743164,-9.5367431640625e-05
tuna,grasshopper,-9.93757438659668,-7.43865966796875e-05
tuna,locust,-9.500106811523438,-0.0001068115234375
tuna,dragonfly,-9.625093460083008,-9.34600830078125e-05
tuna,flea,-9.375112533569336,-0.0001125335693359375
tuna,housefly,-9.625089645385742,-8.96453857421875e-05
tuna,mosquito,-9.562601089477539,-0.0001010894775390625
tuna,stick_insect,-9.375110626220703,-0.000110626220703125
tuna,termite,-9.500101089477539,-0.0001010894775390625
tuna,centipede,-9.625099182128906,-9.918212890625e-05
tuna,millipede,-9.500104904174805,-0.0001049041748046875
tuna,scorpion,-9.312623977661133,-0.0001239776611328125
tuna,spider,-9.625097274780273,-9.72747802734375e-05
tuna,tarantula,-9.43760871887207,-0.0001087188720703125
tuna,crab,-10.000070571899414,-7.05718994140625e-05
tuna,crayfish,-9.625091552734375,-9.1552734375e-05
tuna,lobster,-9.750083923339844,-8.392333984375e-05
tuna,prawn,-9.750082015991211,-8.20159912109375e-05
tuna,shrimp,-9.87507438659668,-7.43865966796875e-05
tuna,slug,-8.68770980834961,-0.000209808349609375
tuna,snail,-9.375110626220703,-0.000110626220703125
tuna,clam,-9.750083923339844,-8.392333984375e-05
tuna,mussel,-9.68758773803711,-8.7738037109375e-05
tuna,scallop,-9.87507438659668,-7.43865966796875e-05
tuna,oyster,-9.562597274780273,-9.72747802734375e-05
tuna,squid,-10.187559127807617,-5.91278076171875e-05
tuna,octopus,-9.812578201293945,-7.82012939453125e-05
tuna,worm,-9.68758773803711,-8.7738037109375e-05
tuna,jellyfish,-10.000066757202148,-6.67572021484375e-05
seahorse,animal,-5.340576171875e-05,-11.500053405761719
seahorse,vertebrate,-0.0001964569091796875,-9.00019645690918
seahorse,invertebrate,-7.001003265380859,-0.001003265380859375
seahorse,mammal,-10.062559127807617,-5.91278076171875e-05
seahorse,bird,-9.687583923339844,-8.392333984375e-05
seahorse,reptile,-9.625085830688477,-8.58306884765625e-05
seahorse,amphibian,-9.687585830688477,-8.58306884765625e-05
seahorse,fish,-5.53131103515625e-05,-10.812555313110352
seahorse,arthropod,-10.000072479248047,-7.2479248046875e-05
seahorse,insect,-10.125059127807617,-5.91278076171875e-05
seahorse,bird of prey,-9.812585830688477,-8.58306884765625e-05
seahorse,aquatic bird,-9.875078201293945,-7.82012939453125e-05
seahorse,canine,-9.750080108642578,-8.0108642578125e-05
seahorse,feline,-9.812572479248047,-7.2479248046875e-05
seahorse,primate,-10.062562942504883,-6.29425048828125e-05
seahorse,aquatic mammal,-9.875070571899414,-7.05718994140625e-05
seahorse,rodent,-9.875068664550781,-6.866455078125e-05
seahorse,bat,-9.68758773803711,-8.7738037109375e-05
seahorse,bear,-9.62508773803711,-8.7738037109375e-05
seahorse,cat,-9.875072479248047,-7.2479248046875e-05
seahorse,cheetah,-9.937572479248047,-7.2479248046875e-05
seahorse,leopard,-9.125143051147461,-0.0001430511474609375
seahorse,lion,-9.125137329101562,-0.0001373291015625
seahorse,panther,-9.68758773803711,-8.7738037109375e-05
seahorse,tiger,-9.125143051147461,-0.0001430511474609375
seahorse,dog,-9.87507438659668,-7.43865966796875e-05
seahorse,fox,-10.06256103515625,-6.103515625e-05
seahorse,hyena,-9.812580108642578,-8.0108642578125e-05
seahorse,wolf,-9.500102996826172,-0.000102996826171875
seahorse,raccoon,-9.562597274780273,-9.72747802734375e-05
seahorse,skunk,-9.437606811523438,-0.0001068115234375
seahorse,otter,-9.812576293945312,-7.62939453125e-05
seahorse,beaver,-9.812576293945312,-7.62939453125e-05
seahorse,chipmunk,-9.812580108642578,-8.0108642578125e-05
seahorse,squirrel,-9.750083923339844,-8.392333984375e-05
seahorse,gerbil,-9.750082015991211,-8.20159912109375e-05
seahorse,guinea_pig,-9.812580108642578,-8.0108642578125e-05
seahorse,hamster,-9.875070571899414,-7.05718994140625e-05
seahorse,mouse,-9.75007438659668,-7.43865966796875e-05
seahorse,porcupine,-9.375120162963867,-0.0001201629638671875
seahorse,rat,-9.562593460083008,-9.34600830078125e-05
seahorse,buffalo,-9.750083923339844,-8.392333984375e-05
seahorse,cow,-9.500101089477539,-0.0001010894775390625
seahorse,ox,-9.125139236450195,-0.0001392364501953125
seahorse,goat,-9.625093460083008,-9.34600830078125e-05
seahorse,sheep,-9.500101089477539,-0.0001010894775390625
seahorse,deer,-9.625089645385742,-8.96453857421875e-05
seahorse,moose,-9.750082015991211,-8.20159912109375e-05
seahorse,giraffe,-9.625091552734375,-9.1552734375e-05
seahorse,camel,-9.375112533569336,-0.0001125335693359375
seahorse,hippo,-9.375112533569336,-0.0001125335693359375
seahorse,llama,-9.56259536743164,-9.5367431640625e-05
seahorse,pig,-9.562593460083008,-9.34600830078125e-05
seahorse,donkey,-9.312620162963867,-0.0001201629638671875
seahorse,horse,-8.56271743774414,-0.000217437744140625
seahorse,pony,-8.687700271606445,-0.0002002716064453125
seahorse,zebra,-9.312629699707031,-0.00012969970703125
seahorse,rhino,-9.437606811523438,-0.0001068115234375
seahorse,gorilla,-9.687583923339844,-8.392333984375e-05
seahorse,monkey,-9.68758773803711,-8.7738037109375e-05
seahorse,hedgehog,-9.687589645385742,-8.96453857421875e-05
seahorse,rabbit,-9.687585830688477,-8.58306884765625e-05
seahorse,seal,-9.750078201293945,-7.82012939453125e-05
seahorse,walrus,-9.750082015991211,-8.20159912109375e-05
seahorse,dolphin,-10.000062942504883,-6.29425048828125e-05
seahorse,whale,-9.875068664550781,-6.866455078125e-05
seahorse,elephant,-9.437602996826172,-0.000102996826171875
seahorse,kangaroo,-9.687585830688477,-8.58306884765625e-05
seahorse,platypus,-9.68758773803711,-8.7738037109375e-05
seahorse,crocodile,-10.000064849853516,-6.4849853515625e-05
seahorse,alligator,-10.000066757202148,-6.67572021484375e-05
seahorse,lizard,-9.562589645385742,-8.96453857421875e-05
seahorse,iguana,-9.81257438659668,-7.43865966796875e-05
seahorse,rattlesnake,-9.750082015991211,-8.20159912109375e-05
seahorse,tortoise,-9.937568664550781,-6.866455078125e-05
seahorse,turtle,-10.125057220458984,-5.7220458984375e-05
seahorse,frog,-10.125055313110352,-5.53131103515625e-05
seahorse,toad,-9.625089645385742,-8.96453857421875e-05
seahorse,budgie,-9.375112533569336,-0.0001125335693359375
seahorse,parakeet,-9.625101089477539,-0.0001010894775390625
seahorse,buzzard,-9.75008773803711,-8.7738037109375e-05
seahorse,falcon,-9.687585830688477,-8.58306884765625e-05
seahorse,hawk,-9.3126220703125,-0.0001220703125
seahorse,eagle,-9.437610626220703,-0.000110626220703125
seahorse,owl,-9.500097274780273,-9.72747802734375e-05
seahorse,canary,-9.312618255615234,-0.000118255615234375
seahorse,magpie,-9.500102996826172,-0.000102996826171875
seahorse,raven,-9.312623977661133,-0.0001239776611328125
seahorse,nightingale,-9.375112533569336,-0.0001125335693359375
seahorse,robin,-9.437602996826172,-0.000102996826171875
seahorse,starling,-9.3126220703125,-0.0001220703125
seahorse,sparrow,-9.437606811523438,-0.0001068115234375
seahorse,wren,-9.250123977661133,-0.0001239776611328125
seahorse,chicken,-9.625089645385742,-8.96453857421875e-05
seahorse,cockerel,-9.187637329101562,-0.0001373291015625
seahorse,turkey,-9.312618255615234,-0.000118255615234375
seahorse,dove,-9.437604904174805,-0.0001049041748046875
seahorse,pigeon,-9.750080108642578,-8.0108642578125e-05
seahorse,partridge,-9.250131607055664,-0.0001316070556640625
seahorse,peacock,-9.375114440917969,-0.00011444091796875
seahorse,crane,-9.062646865844727,-0.0001468658447265625
seahorse,flamingo,-9.750078201293945,-7.82012939453125e-05
seahorse,heron,-9.687585830688477,-8.58306884765625e-05
seahorse,duck,-9.81257438659668,-7.43865966796875e-05
seahorse,goose,-9.687582015991211,-8.20159912109375e-05
seahorse,pelican,-9.687583923339844,-8.392333984375e-05
seahorse,penguin,-9.750080108642578,-8.0108642578125e-05
seahorse,seagull,-9.750080108642578,-8.0108642578125e-05
seahorse,swan,-9.81257438659668,-7.43865966796875e-05
seahorse,hummingbird,-9.562593460083008,-9.34600830078125e-05
seahorse,kingfisher,-9.500104904174805,-0.0001049041748046875
seahorse,woodpecker,-9.500099182128906,-9.918212890625e-05
seahorse,emu,-9.750083923339844,-8.392333984375e-05
seahorse,ostrich,-9.62508773803711,-8.7738037109375e-05
seahorse,carp,-9.562589645385742,-8.96453857421875e-05
seahorse,goldfish,-10.125053405761719,-5.340576171875e-05
seahorse,minnow,-9.750078201293945,-7.82012939453125e-05
seahorse,cod,-8.562713623046875,-0.000213623046875
seahorse,herring,-9.50009536743164,-9.5367431640625e-05
seahorse,sardine,-9.937564849853516,-6.4849853515625e-05
seahorse,salmon,-9.750076293945312,-7.62939453125e-05
seahorse,trout,-9.812570571899414,-7.05718994140625e-05
seahorse,eel,-10.000059127807617,-5.91278076171875e-05
seahorse,flounder,-9.437599182128906,-9.918212890625e-05
seahorse,mackerel,-9.50009536743164,-9.5367431640625e-05
seahorse,tuna,-9.750076293945312,-7.62939453125e-05
seahorse,seahorse,-0.0002422332763671875,-9.125242233276367
seahorse,shark,-10.187553405761719,-5.340576171875e-05
seahorse,bee,-9.750080108642578,-8.0108642578125e-05
seahorse,hornet,-9.437610626220703,-0.000110626220703125
seahorse,wasp,-9.750082015991211,-8.20159912109375e-05
seahorse,ant,-9.625089645385742,-8.96453857421875e-05
seahorse,beetle,-10.125059127807617,-5.91278076171875e-05
seahorse,ladybird,-9.312620162963867,-0.0001201629638671875
seahorse,butterfly,-9.68758773803711,-8.7738037109375e-05
seahorse,moth,-9.500101089477539,-0.0001010894775390625
seahorse,cockroach,-9.687585830688477,-8.58306884765625e-05
seahorse,cricket,-9.87507438659668,-7.43865966796875e-05
seahorse,grasshopper,-10.000066757202148,-6.67572021484375e-05
seahorse,locust,-9.750085830688477,-8.58306884765625e-05
seahorse,dragonfly,-10.062562942504883,-6.29425048828125e-05
seahorse,flea,-9.562591552734375,-9.1552734375e-05
seahorse,housefly,-9.875072479248047,-7.2479248046875e-05
seahorse,mosquito,-9.687585830688477,-8.58306884765625e-05
seahorse,stick_insect,-8.812679290771484,-0.000179290771484375
seahorse,termite,-9.625089645385742,-8.96453857421875e-05
seahorse,centipede,-10.062566757202148,-6.67572021484375e-05
seahorse,millipede,-9.625093460083008,-9.34600830078125e-05
seahorse,scorpion,-9.625093460083008,-9.34600830078125e-05
seahorse,spider,-9.750085830688477,-8.58306884765625e-05
seahorse,tarantula,-9.562601089477539,-0.0001010894775390625
seahorse,crab,-10.125057220458984,-5.7220458984375e-05
seahorse,crayfish,-9.81257438659668,-7.43865966796875e-05
seahorse,lobster,-9.687580108642578,-8.0108642578125e-05
seahorse,prawn,-8.187807083129883,-0.0003070831298828125
seahorse,shrimp,-8.812673568725586,-0.0001735687255859375
seahorse,slug,-9.062641143798828,-0.000141143798828125
seahorse,snail,-9.750076293945312,-7.62939453125e-05
seahorse,clam,-9.875070571899414,-7.05718994140625e-05
seahorse,mussel,-9.81257438659668,-7.43865966796875e-05
seahorse,scallop,-9.81257438659668,-7.43865966796875e-05
seahorse,oyster,-9.562589645385742,-8.96453857421875e-05
seahorse,squid,-10.062559127807617,-5.91278076171875e-05
seahorse,octopus,-10.000064849853516,-6.4849853515625e-05
seahorse,worm,-9.625085830688477,-8.58306884765625e-05
seahorse,jellyfish,-10.187555313110352,-5.53131103515625e-05
shark,animal,-4.38690185546875e-05,-12.062543869018555
shark,vertebrate,-3.62396240234375e-05,-11.875036239624023
shark,invertebrate,-10.062559127807617,-5.91278076171875e-05
shark,mammal,-10.25004768371582,-4.76837158203125e-05
shark,bird,-9.812572479248047,-7.2479248046875e-05
shark,reptile,-10.062559127807617,-5.91278076171875e-05
shark,amphibian,-10.37504768371582,-4.76837158203125e-05
shark,fish,-4.38690185546875e-05,-11.562543869018555
shark,arthropod,-10.250057220458984,-5.7220458984375e-05
shark,insect,-10.125059127807617,-5.91278076171875e-05
shark,bird of prey,-9.625089645385742,-8.96453857421875e-05
shark,aquatic bird,-9.812576293945312,-7.62939453125e-05
shark,canine,-9.750078201293945,-7.82012939453125e-05
shark,feline,-9.687580108642578,-8.0108642578125e-05
shark,primate,-9.875070571899414,-7.05718994140625e-05
shark,aquatic mammal,-10.062559127807617,-5.91278076171875e-05
shark,rodent,-9.812572479248047,-7.2479248046875e-05
shark,bat,-9.687583923339844,-8.392333984375e-05
shark,bear,-9.750078201293945,-7.82012939453125e-05
shark,cat,-9.625085830688477,-8.58306884765625e-05
shark,cheetah,-9.81257438659668,-7.43865966796875e-05
shark,leopard,-9.125141143798828,-0.000141143798828125
shark,lion,-9.500097274780273,-9.72747802734375e-05
shark,panther,-9.625089645385742,-8.96453857421875e-05
shark,tiger,-9.250123977661133,-0.0001239776611328125
shark,dog,-9.750076293945312,-7.62939453125e-05
shark,fox,-9.875070571899414,-7.05718994140625e-05
shark,hyena,-9.687583923339844,-8.392333984375e-05
shark,wolf,-9.62508773803711,-8.7738037109375e-05
shark,raccoon,-9.312616348266602,-0.0001163482666015625
shark,skunk,-9.312616348266602,-0.0001163482666015625
shark,otter,-9.50009536743164,-9.5367431640625e-05
shark,beaver,-9.500093460083008,-9.34600830078125e-05
shark,chipmunk,-9.625085830688477,-8.58306884765625e-05
shark,squirrel,-9.562591552734375,-9.1552734375e-05
shark,gerbil,-9.37510871887207,-0.0001087188720703125
shark,guinea_pig,-9.562593460083008,-9.34600830078125e-05
shark,hamster,-9.500093460083008,-9.34600830078125e-05
shark,mouse,-9.56258773803711,-8.7738037109375e-05
shark,porcupine,-9.250125885009766,-0.000125885009765625
shark,rat,-9.500097274780273,-9.72747802734375e-05
shark,buffalo,-9.687585830688477,-8.58306884765625e-05
shark,cow,-9.750078201293945,-7.82012939453125e-05
shark,ox,-9.500097274780273,-9.72747802734375e-05
shark,goat,-9.687583923339844,-8.392333984375e-05
shark,sheep,-9.687583923339844,-8.392333984375e-05
shark,deer,-9.750080108642578,-8.0108642578125e-05
shark,moose,-9.562591552734375,-9.1552734375e-05
shark,giraffe,-9.62508773803711,-8.7738037109375e-05
shark,camel,-9.312616348266602,-0.0001163482666015625
shark,hippo,-9.437602996826172,-0.000102996826171875
shark,llama,-9.50009536743164,-9.5367431640625e-05
shark,pig,-9.437601089477539,-0.0001010894775390625
shark,donkey,-9.625089645385742,-8.96453857421875e-05
shark,horse,-9.687582015991211,-8.20159912109375e-05
shark,pony,-9.437601089477539,-0.0001010894775390625
shark,zebra,-9.437604904174805,-0.0001049041748046875
shark,rhino,-9.562593460083008,-9.34600830078125e-05
shark,gorilla,-9.562591552734375,-9.1552734375e-05
shark,monkey,-9.687583923339844,-8.392333984375e-05
shark,hedgehog,-9.375110626220703,-0.000110626220703125
shark,rabbit,-9.750076293945312,-7.62939453125e-05
shark,seal,-9.750076293945312,-7.62939453125e-05
shark,walrus,-9.500097274780273,-9.72747802734375e-05
shark,dolphin,-9.750076293945312,-7.62939453125e-05
shark,whale,-9.875066757202148,-6.67572021484375e-05
shark,elephant,-9.562591552734375,-9.1552734375e-05
shark,kangaroo,-9.562591552734375,-9.1552734375e-05
shark,platypus,-9.687582015991211,-8.20159912109375e-05
shark,crocodile,-9.812572479248047,-7.2479248046875e-05
shark,alligator,-9.875070571899414,-7.05718994140625e-05
shark,lizard,-9.812572479248047,-7.2479248046875e-05
shark,iguana,-9.62508773803711,-8.7738037109375e-05
shark,rattlesnake,-9.750082015991211,-8.20159912109375e-05
shark,tortoise,-9.687582015991211,-8.20159912109375e-05
shark,turtle,-9.875068664550781,-6.866455078125e-05
shark,frog,-10.062559127807617,-5.91278076171875e-05
shark,toad,-9.750078201293945,-7.82012939453125e-05
shark,budgie,-9.375106811523438,-0.0001068115234375
shark,parakeet,-9.562597274780273,-9.72747802734375e-05
shark,buzzard,-9.625093460083008,-9.34600830078125e-05
shark,falcon,-9.500097274780273,-9.72747802734375e-05
shark,hawk,-9.500099182128906,-9.918212890625e-05
shark,eagle,-9.62508773803711,-8.7738037109375e-05
shark,owl,-9.50009536743164,-9.5367431640625e-05
shark,canary,-9.187625885009766,-0.000125885009765625
shark,magpie,-9.437601089477539,-0.0001010894775390625
shark,raven,-9.2501220703125,-0.0001220703125
shark,nightingale,-9.312614440917969,-0.00011444091796875
shark,robin,-9.312612533569336,-0.0001125335693359375
shark,starling,-9.187629699707031,-0.00012969970703125
shark,sparrow,-9.437602996826172,-0.000102996826171875
shark,wren,-9.375104904174805,-0.0001049041748046875
shark,chicken,-9.50009536743164,-9.5367431640625e-05
shark,cockerel,-9.312614440917969,-0.00011444091796875
shark,turkey,-9.250120162963867,-0.0001201629638671875
shark,dove,-9.312614440917969,-0.00011444091796875
shark,pigeon,-9.50009536743164,-9.5367431640625e-05
shark,partridge,-9.312616348266602,-0.0001163482666015625
shark,peacock,-9.37510871887207,-0.0001087188720703125
shark,crane,-9.2501220703125,-0.0001220703125
shark,flamingo,-9.437599182128906,-9.918212890625e-05
shark,heron,-9.500097274780273,-9.72747802734375e-05
shark,duck,-9.625085830688477,-8.58306884765625e-05
shark,goose,-9.50009536743164,-9.5367431640625e-05
shark,pelican,-9.375106811523438,-0.0001068115234375
shark,penguin,-9.50009536743164,-9.5367431640625e-05
shark,seagull,-9.687582015991211,-8.20159912109375e-05
shark,swan,-9.562589645385742,-8.96453857421875e-05
shark,hummingbird,-9.500097274780273,-9.72747802734375e-05
shark,kingfisher,-9.437601089477539,-0.0001010894775390625
shark,woodpecker,-9.375106811523438,-0.0001068115234375
shark,emu,-9.562591552734375,-9.1552734375e-05
shark,ostrich,-9.50009536743164,-9.5367431640625e-05
shark,carp,-9.687580108642578,-8.0108642578125e-05
shark,goldfish,-9.500093460083008,-9.34600830078125e-05
shark,minnow,-9.50009536743164,-9.5367431640625e-05
shark,cod,-9.687576293945312,-7.62939453125e-05
shark,herring,-9.562589645385742,-8.96453857421875e-05
shark,sardine,-9.437599182128906,-9.918212890625e-05
shark,salmon,-9.75007438659668,-7.43865966796875e-05
shark,trout,-9.500093460083008,-9.34600830078125e-05
shark,eel,-10.000062942504883,-6.29425048828125e-05
shark,flounder,-9.750072479248047,-7.2479248046875e-05
shark,mackerel,-7.937894821166992,-0.0003948211669921875
shark,tuna,-9.625082015991211,-8.20159912109375e-05
shark,seahorse,-9.562591552734375,-9.1552734375e-05
shark,shark,-0.0004673004150390625,-8.312967300415039
shark,bee,-9.812572479248047,-7.2479248046875e-05
shark,hornet,-9.625093460083008,-9.34600830078125e-05
shark,wasp,-9.68758773803711,-8.7738037109375e-05
shark,ant,-9.750078201293945,-7.82012939453125e-05
shark,beetle,-10.000062942504883,-6.29425048828125e-05
shark,ladybird,-9.437601089477539,-0.0001010894775390625
shark,butterfly,-9.750078201293945,-7.82012939453125e-05
shark,moth,-9.625085830688477,-8.58306884765625e-05
shark,cockroach,-9.437604904174805,-0.0001049041748046875
shark,cricket,-9.625085830688477,-8.58306884765625e-05
shark,grasshopper,-9.81257438659668,-7.43865966796875e-05
shark,locust,-9.625089645385742,-8.96453857421875e-05
shark,dragonfly,-9.62508773803711,-8.7738037109375e-05
shark,flea,-9.750078201293945,-7.82012939453125e-05
shark,housefly,-9.687583923339844,-8.392333984375e-05
shark,mosquito,-9.500101089477539,-0.0001010894775390625
shark,stick_insect,-9.562591552734375,-9.1552734375e-05
shark,termite,-9.750076293945312,-7.62939453125e-05
shark,centipede,-9.750082015991211,-8.20159912109375e-05
shark,millipede,-9.625089645385742,-8.96453857421875e-05
shark,scorpion,-9.500101089477539,-0.0001010894775390625
shark,spider,-9.750080108642578,-8.0108642578125e-05
shark,tarantula,-9.500101089477539,-0.0001010894775390625
shark,crab,-10.062559127807617,-5.91278076171875e-05
shark,crayfish,-9.562591552734375,-9.1552734375e-05
shark,lobster,-9.625083923339844,-8.392333984375e-05
shark,prawn,-9.56258773803711,-8.7738037109375e-05
shark,shrimp,-9.562589645385742,-8.96453857421875e-05
shark,slug,-9.500097274780273,-9.72747802734375e-05
shark,snail,-9.750076293945312,-7.62939453125e-05
shark,clam,-9.562591552734375,-9.1552734375e-05
shark,mussel,-9.562589645385742,-8.96453857421875e-05
shark,scallop,-9.562591552734375,-9.1552734375e-05
shark,oyster,-9.250118255615234,-0.000118255615234375
shark,squid,-10.125055313110352,-5.53131103515625e-05
shark,octopus,-9.750078201293945,-7.82012939453125e-05
shark,worm,-9.937566757202148,-6.67572021484375e-05
shark,jellyfish,-10.062559127807617,-5.91278076171875e-05
bee,animal,-5.53131103515625e-05,-11.312555313110352
bee,vertebrate,-10.875032424926758,-3.24249267578125e-05
bee,invertebrate,-0.0007171630859375,-7.4382171630859375
bee,mammal,-10.562541961669922,-4.1961669921875e-05
bee,bird,-10.500041961669922,-4.1961669921875e-05
bee,reptile,-10.562541961669922,-4.1961669921875e-05
bee,amphibian,-10.562543869018555,-4.38690185546875e-05
bee,fish,-10.437545776367188,-4.57763671875e-05
bee,arthropod,-4.38690185546875e-05,-11.375043869018555
bee,insect,-3.4332275390625e-05,-12.00003433227539
bee,bird of prey,-10.062568664550781,-6.866455078125e-05
bee,aquatic bird,-10.00007438659668,-7.43865966796875e-05
bee,canine,-10.125057220458984,-5.7220458984375e-05
bee,feline,-10.125057220458984,-5.7220458984375e-05
bee,primate,-10.250053405761719,-5.340576171875e-05
bee,aquatic mammal,-10.125066757202148,-6.67572021484375e-05
bee,rodent,-10.312549591064453,-4.9591064453125e-05
bee,bat,-10.187557220458984,-5.7220458984375e-05
bee,bear,-9.750078201293945,-7.82012939453125e-05
bee,cat,-10.250051498413086,-5.14984130859375e-05
bee,cheetah,-10.125057220458984,-5.7220458984375e-05
bee,leopard,-9.750082015991211,-8.20159912109375e-05
bee,lion,-9.875070571899414,-7.05718994140625e-05
bee,panther,-10.062564849853516,-6.4849853515625e-05
bee,tiger,-10.062564849853516,-6.4849853515625e-05
bee,dog,-10.312549591064453,-4.9591064453125e-05
bee,fox,-10.187555313110352,-5.53131103515625e-05
bee,hyena,-10.125059127807617,-5.91278076171875e-05
bee,wolf,-10.250053405761719,-5.340576171875e-05
bee,raccoon,-9.812576293945312,-7.62939453125e-05
bee,skunk,-9.750080108642578,-8.0108642578125e-05
bee,otter,-9.875072479248047,-7.2479248046875e-05
bee,beaver,-9.875070571899414,-7.05718994140625e-05
bee,chipmunk,-10.062562942504883,-6.29425048828125e-05
bee,squirrel,-10.12506103515625,-6.103515625e-05
bee,gerbil,-9.812578201293945,-7.82012939453125e-05
bee,guinea_pig,-9.812578201293945,-7.82012939453125e-05
bee,hamster,-10.062559127807617,-5.91278076171875e-05
bee,mouse,-10.250051498413086,-5.14984130859375e-05
bee,porcupine,-9.812580108642578,-8.0108642578125e-05
bee,rat,-10.187555313110352,-5.53131103515625e-05
bee,buffalo,-9.812578201293945,-7.82012939453125e-05
bee,cow,-10.062562942504883,-6.29425048828125e-05
bee,ox,-9.875072479248047,-7.2479248046875e-05
bee,goat,-9.937572479248047,-7.2479248046875e-05
bee,sheep,-10.187557220458984,-5.7220458984375e-05
bee,deer,-10.062564849853516,-6.4849853515625e-05
bee,moose,-10.000066757202148,-6.67572021484375e-05
bee,giraffe,-10.000064849853516,-6.4849853515625e-05
bee,camel,-9.875072479248047,-7.2479248046875e-05
bee,hippo,-9.750080108642578,-8.0108642578125e-05
bee,llama,-9.750080108642578,-8.0108642578125e-05
bee,pig,-10.000068664550781,-6.866455078125e-05
bee,donkey,-10.062562942504883,-6.29425048828125e-05
bee,horse,-10.187557220458984,-5.7220458984375e-05
bee,pony,-9.875072479248047,-7.2479248046875e-05
bee,zebra,-9.875076293945312,-7.62939453125e-05
bee,rhino,-9.87507438659668,-7.43865966796875e-05
bee,gorilla,-9.81257438659668,-7.43865966796875e-05
bee,monkey,-10.250053405761719,-5.340576171875e-05
bee,hedgehog,-10.062562942504883,-6.29425048828125e-05
bee,rabbit,-10.125057220458984,-5.7220458984375e-05
bee,seal,-10.062562942504883,-6.29425048828125e-05
bee,walrus,-9.750083923339844,-8.392333984375e-05
bee,dolphin,-10.062562942504883,-6.29425048828125e-05
bee,whale,-10.12506103515625,-6.103515625e-05
bee,elephant,-10.000062942504883,-6.29425048828125e-05
bee,kangaroo,-10.000066757202148,-6.67572021484375e-05
bee,platypus,-9.937572479248047,-7.2479248046875e-05
bee,crocodile,-10.062562942504883,-6.29425048828125e-05
bee,alligator,-10.062562942504883,-6.29425048828125e-05
bee,lizard,-10.37504768371582,-4.76837158203125e-05
bee,iguana,-10.06256103515625,-6.103515625e-05
bee,rattlesnake,-10.062562942504883,-6.29425048828125e-05
bee,tortoise,-10.125057220458984,-5.7220458984375e-05
bee,turtle,-10.125059127807617,-5.91278076171875e-05
bee,frog,-10.37504768371582,-4.76837158203125e-05
bee,toad,-10.125059127807617,-5.91278076171875e-05
bee,budgie,-9.687583923339844,-8.392333984375e-05
bee,parakeet,-10.18756103515625,-6.103515625e-05
bee,buzzard,-10.062562942504883,-6.29425048828125e-05
bee,falcon,-10.125059127807617,-5.91278076171875e-05
bee,hawk,-10.12506103515625,-6.103515625e-05
bee,eagle,-10.062564849853516,-6.4849853515625e-05
bee,owl,-10.125059127807617,-5.91278076171875e-05
bee,canary,-9.812572479248047,-7.2479248046875e-05
bee,magpie,-10.125059127807617,-5.91278076171875e-05
bee,raven,-10.000064849853516,-6.4849853515625e-05
bee,nightingale,-9.687582015991211,-8.20159912109375e-05
bee,robin,-10.062559127807617,-5.91278076171875e-05
bee,starling,-9.937570571899414,-7.05718994140625e-05
bee,sparrow,-10.187557220458984,-5.7220458984375e-05
bee,wren,-10.06256103515625,-6.103515625e-05
bee,chicken,-10.125059127807617,-5.91278076171875e-05
bee,cockerel,-9.625089645385742,-8.96453857421875e-05
bee,turkey,-9.750078201293945,-7.82012939453125e-05
bee,dove,-9.937568664550781,-6.866455078125e-05
bee,pigeon,-10.125057220458984,-5.7220458984375e-05
bee,partridge,-9.87507438659668,-7.43865966796875e-05
bee,peacock,-9.625091552734375,-9.1552734375e-05
bee,crane,-9.937566757202148,-6.67572021484375e-05
bee,flamingo,-9.750078201293945,-7.82012939453125e-05
bee,heron,-9.93757438659668,-7.43865966796875e-05
bee,duck,-10.12506103515625,-6.103515625e-05
bee,goose,-10.000064849853516,-6.4849853515625e-05
bee,pelican,-9.750080108642578,-8.0108642578125e-05
bee,penguin,-9.875072479248047,-7.2479248046875e-05
bee,seagull,-10.125059127807617,-5.91278076171875e-05
bee,swan,-10.062562942504883,-6.29425048828125e-05
bee,hummingbird,-10.06256103515625,-6.103515625e-05
bee,kingfisher,-9.937572479248047,-7.2479248046875e-05
bee,woodpecker,-10.06256103515625,-6.103515625e-05
bee,emu,-9.750082015991211,-8.20159912109375e-05
bee,ostrich,-9.81257438659668,-7.43865966796875e-05
bee,carp,-9.812576293945312,-7.62939453125e-05
bee,goldfish,-9.87507438659668,-7.43865966796875e-05
bee,minnow,-10.062566757202148,-6.67572021484375e-05
bee,cod,-9.50009536743164,-9.5367431640625e-05
bee,herring,-9.750080108642578,-8.0108642578125e-05
bee,sardine,-10.062564849853516,-6.4849853515625e-05
bee,salmon,-9.875070571899414,-7.05718994140625e-05
bee,trout,-9.875070571899414,-7.05718994140625e-05
bee,eel,-10.12506103515625,-6.103515625e-05
bee,flounder,-9.937568664550781,-6.866455078125e-05
bee,mackerel,-9.750080108642578,-8.0108642578125e-05
bee,tuna,-9.875070571899414,-7.05718994140625e-05
bee,seahorse,-9.937572479248047,-7.2479248046875e-05
bee,shark,-10.062562942504883,-6.29425048828125e-05
bee,bee,-0.0001773834228515625,-9.375177383422852
bee,hornet,-8.81268310546875,-0.00018310546875
bee,wasp,-5.815731048583984,-0.003231048583984375
bee,ant,-10.187553405761719,-5.340576171875e-05
bee,beetle,-10.125057220458984,-5.7220458984375e-05
bee,ladybird,-10.062559127807617,-5.91278076171875e-05
bee,butterfly,-10.37504768371582,-4.76837158203125e-05
bee,moth,-9.750078201293945,-7.82012939453125e-05
bee,cockroach,-9.812572479248047,-7.2479248046875e-05
bee,cricket,-10.062559127807617,-5.91278076171875e-05
bee,grasshopper,-10.250049591064453,-4.9591064453125e-05
bee,locust,-10.000064849853516,-6.4849853515625e-05
bee,dragonfly,-10.250051498413086,-5.14984130859375e-05
bee,flea,-10.250049591064453,-4.9591064453125e-05
bee,housefly,-10.250049591064453,-4.9591064453125e-05
bee,mosquito,-10.312549591064453,-4.9591064453125e-05
bee,stick_insect,-10.000062942504883,-6.29425048828125e-05
bee,termite,-10.000062942504883,-6.29425048828125e-05
bee,centipede,-10.250057220458984,-5.7220458984375e-05
bee,millipede,-9.875072479248047,-7.2479248046875e-05
bee,scorpion,-10.125059127807617,-5.91278076171875e-05
bee,spider,-10.37504768371582,-4.76837158203125e-05
bee,tarantula,-10.000066757202148,-6.67572021484375e-05
bee,crab,-10.062562942504883,-6.29425048828125e-05
bee,crayfish,-9.937570571899414,-7.05718994140625e-05
bee,lobster,-9.562591552734375,-9.1552734375e-05
bee,prawn,-9.750078201293945,-7.82012939453125e-05
bee,shrimp,-9.750082015991211,-8.20159912109375e-05
bee,slug,-10.125059127807617,-5.91278076171875e-05
bee,snail,-10.312549591064453,-4.9591064453125e-05
bee,clam,-9.875072479248047,-7.2479248046875e-05
bee,mussel,-9.875072479248047,-7.2479248046875e-05
bee,scallop,-9.812578201293945,-7.82012939453125e-05
bee,oyster,-9.562593460083008,-9.34600830078125e-05
bee,squid,-10.125059127807617,-5.91278076171875e-05
bee,octopus,-10.000066757202148,-6.67572021484375e-05
bee,worm,-10.437543869018555,-4.38690185546875e-05
bee,jellyfish,-10.312553405761719,-5.340576171875e-05
hornet,animal,-8.96453857421875e-05,-10.312589645385742
hornet,vertebrate,-10.687541961669922,-4.1961669921875e-05
hornet,invertebrate,-0.005062103271484375,-5.380062103271484
hornet,mammal,-10.500045776367188,-4.57763671875e-05
hornet,bird,-10.000070571899414,-7.05718994140625e-05
hornet,reptile,-10.312555313110352,-5.53131103515625e-05
hornet,amphibian,-10.312559127807617,-5.91278076171875e-05
hornet,fish,-10.125057220458984,-5.7220458984375e-05
hornet,arthropod,-6.103515625e-05,-10.93756103515625
hornet,insect,-5.7220458984375e-05,-11.250057220458984
hornet,bird of prey,-9.812585830688477,-8.58306884765625e-05
hornet,aquatic bird,-9.437620162963867,-0.0001201629638671875
hornet,canine,-9.812582015991211,-8.20159912109375e-05
hornet,feline,-9.937568664550781,-6.866455078125e-05
hornet,primate,-10.062566757202148,-6.67572021484375e-05
hornet,aquatic mammal,-9.812589645385742,-8.96453857421875e-05
hornet,rodent,-10.187557220458984,-5.7220458984375e-05
hornet,bat,-9.875078201293945,-7.82012939453125e-05
hornet,bear,-9.62508773803711,-8.7738037109375e-05
hornet,cat,-9.812580108642578,-8.0108642578125e-05
hornet,cheetah,-9.937572479248047,-7.2479248046875e-05
hornet,leopard,-9.312623977661133,-0.0001239776611328125
hornet,lion,-9.3126220703125,-0.0001220703125
hornet,panther,-9.500106811523438,-0.0001068115234375
hornet,tiger,-8.875179290771484,-0.000179290771484375
hornet,dog,-9.812583923339844,-8.392333984375e-05
hornet,fox,-9.62509536743164,-9.5367431640625e-05
hornet,hyena,-9.937576293945312,-7.62939453125e-05
hornet,wolf,-9.437604904174805,-0.0001049041748046875
hornet,raccoon,-9.375116348266602,-0.0001163482666015625
hornet,skunk,-9.500102996826172,-0.000102996826171875
hornet,otter,-9.562597274780273,-9.72747802734375e-05
hornet,beaver,-9.625089645385742,-8.96453857421875e-05
hornet,chipmunk,-9.812578201293945,-7.82012939453125e-05
hornet,squirrel,-9.875076293945312,-7.62939453125e-05
hornet,gerbil,-9.625093460083008,-9.34600830078125e-05
hornet,guinea_pig,-9.687591552734375,-9.1552734375e-05
hornet,hamster,-9.750080108642578,-8.0108642578125e-05
hornet,mouse,-10.000064849853516,-6.4849853515625e-05
hornet,porcupine,-9.500112533569336,-0.0001125335693359375
hornet,rat,-9.812583923339844,-8.392333984375e-05
hornet,buffalo,-9.187643051147461,-0.0001430511474609375
hornet,cow,-9.500104904174805,-0.0001049041748046875
hornet,ox,-9.3126220703125,-0.0001220703125
hornet,goat,-9.562601089477539,-0.0001010894775390625
hornet,sheep,-9.750083923339844,-8.392333984375e-05
hornet,deer,-9.500106811523438,-0.0001068115234375
hornet,moose,-9.625093460083008,-9.34600830078125e-05
hornet,giraffe,-9.62509536743164,-9.5367431640625e-05
hornet,camel,-9.500106811523438,-0.0001068115234375
hornet,hippo,-9.437610626220703,-0.000110626220703125
hornet,llama,-9.562597274780273,-9.72747802734375e-05
hornet,pig,-9.687593460083008,-9.34600830078125e-05
hornet,donkey,-9.625097274780273,-9.72747802734375e-05
hornet,horse,-9.500104904174805,-0.0001049041748046875
hornet,pony,-9.562597274780273,-9.72747802734375e-05
hornet,zebra,-9.50010871887207,-0.0001087188720703125
hornet,rhino,-9.625097274780273,-9.72747802734375e-05
hornet,gorilla,-9.437606811523438,-0.0001068115234375
hornet,monkey,-9.812582015991211,-8.20159912109375e-05
hornet,hedgehog,-9.875076293945312,-7.62939453125e-05
hornet,rabbit,-9.812582015991211,-8.20159912109375e-05
hornet,seal,-9.562601089477539,-0.0001010894775390625
hornet,walrus,-9.562601089477539,-0.0001010894775390625
hornet,dolphin,-9.812583923339844,-8.392333984375e-05
hornet,whale,-10.000068664550781,-6.866455078125e-05
hornet,elephant,-9.625091552734375,-9.1552734375e-05
hornet,kangaroo,-9.750083923339844,-8.392333984375e-05
hornet,platypus,-9.562602996826172,-0.000102996826171875
hornet,crocodile,-9.87507438659668,-7.43865966796875e-05
hornet,alligator,-9.937572479248047,-7.2479248046875e-05
hornet,lizard,-10.250057220458984,-5.7220458984375e-05
hornet,iguana,-9.937572479248047,-7.2479248046875e-05
hornet,rattlesnake,-10.000072479248047,-7.2479248046875e-05
hornet,tortoise,-9.87507438659668,-7.43865966796875e-05
hornet,turtle,-9.875076293945312,-7.62939453125e-05
hornet,frog,-10.062564849853516,-6.4849853515625e-05
hornet,toad,-9.812582015991211,-8.20159912109375e-05
hornet,budgie,-9.500102996826172,-0.000102996826171875
hornet,parakeet,-9.875082015991211,-8.20159912109375e-05
hornet,buzzard,-9.625091552734375,-9.1552734375e-05
hornet,falcon,-9.937572479248047,-7.2479248046875e-05
hornet,hawk,-9.500104904174805,-0.0001049041748046875
hornet,eagle,-9.812580108642578,-8.0108642578125e-05
hornet,owl,-9.87507438659668,-7.43865966796875e-05
hornet,canary,-9.625091552734375,-9.1552734375e-05
hornet,magpie,-9.500102996826172,-0.000102996826171875
hornet,raven,-9.500104904174805,-0.0001049041748046875
hornet,nightingale,-9.500099182128906,-9.918212890625e-05
hornet,robin,-9.500101089477539,-0.0001010894775390625
hornet,starling,-9.437610626220703,-0.000110626220703125
hornet,sparrow,-9.875076293945312,-7.62939453125e-05
hornet,wren,-9.500101089477539,-0.0001010894775390625
hornet,chicken,-9.875076293945312,-7.62939453125e-05
hornet,cockerel,-9.062652587890625,-0.000152587890625
hornet,turkey,-9.250125885009766,-0.000125885009765625
hornet,dove,-9.750082015991211,-8.20159912109375e-05
hornet,pigeon,-9.937570571899414,-7.05718994140625e-05
hornet,partridge,-9.375118255615234,-0.000118255615234375
hornet,peacock,-9.125143051147461,-0.0001430511474609375
hornet,crane,-9.3126220703125,-0.0001220703125
hornet,flamingo,-9.56259536743164,-9.5367431640625e-05
hornet,heron,-9.312625885009766,-0.000125885009765625
hornet,duck,-9.875076293945312,-7.62939453125e-05
hornet,goose,-9.625089645385742,-8.96453857421875e-05
hornet,pelican,-9.500102996826172,-0.000102996826171875
hornet,penguin,-9.750080108642578,-8.0108642578125e-05
hornet,seagull,-9.93757438659668,-7.43865966796875e-05
hornet,swan,-9.68758773803711,-8.7738037109375e-05
hornet,hummingbird,-9.687583923339844,-8.392333984375e-05
hornet,kingfisher,-9.375110626220703,-0.000110626220703125
hornet,woodpecker,-9.562593460083008,-9.34600830078125e-05
hornet,emu,-9.500104904174805,-0.0001049041748046875
hornet,ostrich,-9.625091552734375,-9.1552734375e-05
hornet,carp,-9.43760871887207,-0.0001087188720703125
hornet,goldfish,-9.625091552734375,-9.1552734375e-05
hornet,minnow,-9.75008773803711,-8.7738037109375e-05
hornet,cod,-9.000154495239258,-0.0001544952392578125
hornet,herring,-9.375112533569336,-0.0001125335693359375
hornet,sardine,-9.687585830688477,-8.58306884765625e-05
hornet,salmon,-9.437604904174805,-0.0001049041748046875
hornet,trout,-9.56259536743164,-9.5367431640625e-05
hornet,eel,-10.062564849853516,-6.4849853515625e-05
hornet,flounder,-9.500102996826172,-0.000102996826171875
hornet,mackerel,-9.18763542175293,-0.0001354217529296875
hornet,tuna,-9.43760871887207,-0.0001087188720703125
hornet,seahorse,-9.562601089477539,-0.0001010894775390625
hornet,shark,-9.93757438659668,-7.43865966796875e-05
hornet,bee,-0.0003261566162109375,-8.437826156616211
hornet,hornet,-0.0002574920654296875,-8.93775749206543
hornet,wasp,-7.82012939453125e-05,-10.500078201293945
hornet,ant,-8.000371932983398,-0.0003719329833984375
hornet,beetle,-10.375045776367188,-4.57763671875e-05
hornet,ladybird,-9.937568664550781,-6.866455078125e-05
hornet,butterfly,-10.187557220458984,-5.7220458984375e-05
hornet,moth,-9.750082015991211,-8.20159912109375e-05
hornet,cockroach,-9.937568664550781,-6.866455078125e-05
hornet,cricket,-10.000062942504883,-6.29425048828125e-05
hornet,grasshopper,-10.062559127807617,-5.91278076171875e-05
hornet,locust,-9.750080108642578,-8.0108642578125e-05
hornet,dragonfly,-9.625085830688477,-8.58306884765625e-05
hornet,flea,-10.312549591064453,-4.9591064453125e-05
hornet,housefly,-9.937564849853516,-6.4849853515625e-05
hornet,mosquito,-10.06256103515625,-6.103515625e-05
hornet,stick_insect,-9.437599182128906,-9.918212890625e-05
hornet,termite,-9.937564849853516,-6.4849853515625e-05
hornet,centipede,-10.000070571899414,-7.05718994140625e-05
hornet,millipede,-9.875076293945312,-7.62939453125e-05
hornet,scorpion,-10.187559127807617,-5.91278076171875e-05
hornet,spider,-10.312551498413086,-5.14984130859375e-05
hornet,tarantula,-9.875078201293945,-7.82012939453125e-05
hornet,crab,-9.812582015991211,-8.20159912109375e-05
hornet,crayfish,-9.562599182128906,-9.918212890625e-05
hornet,lobster,-9.625089645385742,-8.96453857421875e-05
hornet,prawn,-9.250123977661133,-0.0001239776611328125
hornet,shrimp,-9.250129699707031,-0.00012969970703125
hornet,slug,-10.000068664550781,-6.866455078125e-05
hornet,snail,-10.250057220458984,-5.7220458984375e-05
hornet,clam,-9.562601089477539,-0.0001010894775390625
hornet,mussel,-9.62509536743164,-9.5367431640625e-05
hornet,scallop,-9.500104904174805,-0.0001049041748046875
hornet,oyster,-9.250127792358398,-0.0001277923583984375
hornet,squid,-10.062562942504883,-6.29425048828125e-05
hornet,octopus,-9.687589645385742,-8.96453857421875e-05
hornet,worm,-10.000062942504883,-6.29425048828125e-05
hornet,jellyfish,-10.250057220458984,-5.7220458984375e-05
wasp,animal,-6.29425048828125e-05,-11.187562942504883
wasp,vertebrate,-10.625043869018555,-4.38690185546875e-05
wasp,invertebrate,-0.0001277923583984375,-9.500127792358398
wasp,mammal,-10.562543869018555,-4.38690185546875e-05
wasp,bird,-10.375049591064453,-4.9591064453125e-05
wasp,reptile,-10.625041961669922,-4.1961669921875e-05
wasp,amphibian,-10.625045776367188,-4.57763671875e-05
wasp,fish,-10.437545776367188,-4.57763671875e-05
wasp,arthropod,-5.340576171875e-05,-11.250053405761719
wasp,insect,-4.1961669921875e-05,-11.812541961669922
wasp,bird of prey,-10.062564849853516,-6.4849853515625e-05
wasp,aquatic bird,-10.00007438659668,-7.43865966796875e-05
wasp,canine,-10.125062942504883,-6.29425048828125e-05
wasp,feline,-10.250053405761719,-5.340576171875e-05
wasp,primate,-10.250059127807617,-5.91278076171875e-05
wasp,aquatic mammal,-10.062576293945312,-7.62939453125e-05
wasp,rodent,-10.437549591064453,-4.9591064453125e-05
wasp,bat,-10.250057220458984,-5.7220458984375e-05
wasp,bear,-10.000064849853516,-6.4849853515625e-05
wasp,cat,-10.062566757202148,-6.67572021484375e-05
wasp,cheetah,-10.062566757202148,-6.67572021484375e-05
wasp,leopard,-9.625097274780273,-9.72747802734375e-05
wasp,lion,-9.500104904174805,-0.0001049041748046875
wasp,panther,-9.937576293945312,-7.62939453125e-05
wasp,tiger,-9.375116348266602,-0.0001163482666015625
wasp,dog,-10.125064849853516,-6.4849853515625e-05
wasp,fox,-10.125062942504883,-6.29425048828125e-05
wasp,hyena,-10.187559127807617,-5.91278076171875e-05
wasp,wolf,-9.812583923339844,-8.392333984375e-05
wasp,raccoon,-9.875078201293945,-7.82012939453125e-05
wasp,skunk,-9.87507438659668,-7.43865966796875e-05
wasp,otter,-9.875076293945312,-7.62939453125e-05
wasp,beaver,-10.062562942504883,-6.29425048828125e-05
wasp,chipmunk,-10.125064849853516,-6.4849853515625e-05
wasp,squirrel,-10.125062942504883,-6.29425048828125e-05
wasp,gerbil,-9.937576293945312,-7.62939453125e-05
wasp,guinea_pig,-10.062570571899414,-7.05718994140625e-05
wasp,hamster,-10.12506103515625,-6.103515625e-05
wasp,mouse,-10.187557220458984,-5.7220458984375e-05
wasp,porcupine,-9.812583923339844,-8.392333984375e-05
wasp,rat,-10.187559127807617,-5.91278076171875e-05
wasp,buffalo,-9.75008773803711,-8.7738037109375e-05
wasp,cow,-9.93757438659668,-7.43865966796875e-05
wasp,ox,-9.687589645385742,-8.96453857421875e-05
wasp,goat,-10.000072479248047,-7.2479248046875e-05
wasp,sheep,-10.125062942504883,-6.29425048828125e-05
wasp,deer,-9.937576293945312,-7.62939453125e-05
wasp,moose,-9.93757438659668,-7.43865966796875e-05
wasp,giraffe,-9.93757438659668,-7.43865966796875e-05
wasp,camel,-9.93757438659668,-7.43865966796875e-05
wasp,hippo,-9.62509536743164,-9.5367431640625e-05
wasp,llama,-9.87507438659668,-7.43865966796875e-05
wasp,pig,-10.000072479248047,-7.2479248046875e-05
wasp,donkey,-10.00007438659668,-7.43865966796875e-05
wasp,horse,-10.12506103515625,-6.103515625e-05
wasp,pony,-10.000068664550781,-6.866455078125e-05
wasp,zebra,-9.875080108642578,-8.0108642578125e-05
wasp,rhino,-9.937576293945312,-7.62939453125e-05
wasp,gorilla,-9.750083923339844,-8.392333984375e-05
wasp,monkey,-10.12506103515625,-6.103515625e-05
wasp,hedgehog,-10.000070571899414,-7.05718994140625e-05
wasp,rabbit,-10.250055313110352,-5.53131103515625e-05
wasp,seal,-9.937576293945312,-7.62939453125e-05
wasp,walrus,-9.812582015991211,-8.20159912109375e-05
wasp,dolphin,-10.000070571899414,-7.05718994140625e-05
wasp,whale,-10.000070571899414,-7.05718994140625e-05
wasp,elephant,-10.000068664550781,-6.866455078125e-05
wasp,kangaroo,-10.062564849853516,-6.4849853515625e-05
wasp,platypus,-9.937578201293945,-7.82012939453125e-05
wasp,crocodile,-9.937572479248047,-7.2479248046875e-05
wasp,alligator,-10.062566757202148,-6.67572021484375e-05
wasp,lizard,-10.500045776367188,-4.57763671875e-05
wasp,iguana,-10.12506103515625,-6.103515625e-05
wasp,rattlesnake,-10.062568664550781,-6.866455078125e-05
wasp,tortoise,-10.12506103515625,-6.103515625e-05
wasp,turtle,-10.187559127807617,-5.91278076171875e-05
wasp,frog,-10.312553405761719,-5.340576171875e-05
wasp,toad,-10.062564849853516,-6.4849853515625e-05
wasp,budgie,-9.93757438659668,-7.43865966796875e-05
wasp,parakeet,-10.25006103515625,-6.103515625e-05
wasp,buzzard,-9.812578201293945,-7.82012939453125e-05
wasp,falcon,-10.12506103515625,-6.103515625e-05
wasp,hawk,-9.875076293945312,-7.62939453125e-05
wasp,eagle,-10.000068664550781,-6.866455078125e-05
wasp,owl,-10.12506103515625,-6.103515625e-05
wasp,canary,-9.87507438659668,-7.43865966796875e-05
wasp,magpie,-10.062562942504883,-6.29425048828125e-05
wasp,raven,-9.937572479248047,-7.2479248046875e-05
wasp,nightingale,-9.750080108642578,-8.0108642578125e-05
wasp,robin,-10.000064849853516,-6.4849853515625e-05
wasp,starling,-9.937572479248047,-7.2479248046875e-05
wasp,sparrow,-10.187557220458984,-5.7220458984375e-05
wasp,wren,-9.87507438659668,-7.43865966796875e-05
wasp,chicken,-10.12506103515625,-6.103515625e-05
wasp,cockerel,-9.562601089477539,-0.0001010894775390625
wasp,turkey,-9.625091552734375,-9.1552734375e-05
wasp,dove,-10.000066757202148,-6.67572021484375e-05
wasp,pigeon,-10.12506103515625,-6.103515625e-05
wasp,partridge,-9.750085830688477,-8.58306884765625e-05
wasp,peacock,-9.375114440917969,-0.00011444091796875
wasp,crane,-9.500104904174805,-0.0001049041748046875
wasp,flamingo,-9.750082015991211,-8.20159912109375e-05
wasp,heron,-9.93757438659668,-7.43865966796875e-05
wasp,duck,-10.12506103515625,-6.103515625e-05
wasp,goose,-9.937570571899414,-7.05718994140625e-05
wasp,pelican,-9.750082015991211,-8.20159912109375e-05
wasp,penguin,-9.87507438659668,-7.43865966796875e-05
wasp,seagull,-10.187557220458984,-5.7220458984375e-05
wasp,swan,-10.000066757202148,-6.67572021484375e-05
wasp,hummingbird,-9.937570571899414,-7.05718994140625e-05
wasp,kingfisher,-9.687589645385742,-8.96453857421875e-05
wasp,woodpecker,-10.000064849853516,-6.4849853515625e-05
wasp,emu,-9.875076293945312,-7.62939453125e-05
wasp,ostrich,-9.812576293945312,-7.62939453125e-05
wasp,carp,-9.750083923339844,-8.392333984375e-05
wasp,goldfish,-9.937572479248047,-7.2479248046875e-05
wasp,minnow,-10.125066757202148,-6.67572021484375e-05
wasp,cod,-9.56259536743164,-9.5367431640625e-05
wasp,herring,-9.875078201293945,-7.82012939453125e-05
wasp,sardine,-10.062564849853516,-6.4849853515625e-05
wasp,salmon,-10.000068664550781,-6.866455078125e-05
wasp,trout,-9.87507438659668,-7.43865966796875e-05
wasp,eel,-10.187559127807617,-5.91278076171875e-05
wasp,flounder,-10.000068664550781,-6.866455078125e-05
wasp,mackerel,-9.750085830688477,-8.58306884765625e-05
wasp,tuna,-9.750083923339844,-8.392333984375e-05
wasp,seahorse,-10.000070571899414,-7.05718994140625e-05
wasp,shark,-10.187559127807617,-5.91278076171875e-05
wasp,bee,-1.8065853118896484,-0.18158531188964844
wasp,hornet,-4.5732879638671875,-0.0107879638671875
wasp,wasp,-0.0003299713134765625,-8.750329971313477
wasp,ant,-9.687580108642578,-8.0108642578125e-05
wasp,beetle,-10.75003433227539,-3.4332275390625e-05
wasp,ladybird,-10.187557220458984,-5.7220458984375e-05
wasp,butterfly,-10.250051498413086,-5.14984130859375e-05
wasp,moth,-10.06256103515625,-6.103515625e-05
wasp,cockroach,-10.250051498413086,-5.14984130859375e-05
wasp,cricket,-10.250051498413086,-5.14984130859375e-05
wasp,grasshopper,-10.250051498413086,-5.14984130859375e-05
wasp,locust,-10.000064849853516,-6.4849853515625e-05
wasp,dragonfly,-10.250051498413086,-5.14984130859375e-05
wasp,flea,-10.437543869018555,-4.38690185546875e-05
wasp,housefly,-10.187551498413086,-5.14984130859375e-05
wasp,mosquito,-10.250053405761719,-5.340576171875e-05
wasp,stick_insect,-10.062559127807617,-5.91278076171875e-05
wasp,termite,-10.31254768371582,-4.76837158203125e-05
wasp,centipede,-10.375053405761719,-5.340576171875e-05
wasp,millipede,-10.18756103515625,-6.103515625e-05
wasp,scorpion,-10.250057220458984,-5.7220458984375e-05
wasp,spider,-10.500045776367188,-4.57763671875e-05
wasp,tarantula,-10.000072479248047,-7.2479248046875e-05
wasp,crab,-10.062566757202148,-6.67572021484375e-05
wasp,crayfish,-10.000068664550781,-6.866455078125e-05
wasp,lobster,-9.750082015991211,-8.20159912109375e-05
wasp,prawn,-9.687583923339844,-8.392333984375e-05
wasp,shrimp,-9.812578201293945,-7.82012939453125e-05
wasp,slug,-10.375051498413086,-5.14984130859375e-05
wasp,snail,-10.375051498413086,-5.14984130859375e-05
wasp,clam,-10.000072479248047,-7.2479248046875e-05
wasp,mussel,-9.937576293945312,-7.62939453125e-05
wasp,scallop,-9.875080108642578,-8.0108642578125e-05
wasp,oyster,-9.625093460083008,-9.34600830078125e-05
wasp,squid,-10.12506103515625,-6.103515625e-05
wasp,octopus,-9.93757438659668,-7.43865966796875e-05
wasp,worm,-10.43754768371582,-4.76837158203125e-05
wasp,jellyfish,-10.50004768371582,-4.76837158203125e-05
ant,animal,-6.103515625e-05,-11.37506103515625
ant,vertebrate,-10.562541961669922,-4.1961669921875e-05
ant,invertebrate,-6.67572021484375e-05,-10.562566757202148
ant,mammal,-10.562541961669922,-4.1961669921875e-05
ant,bird,-10.187557220458984,-5.7220458984375e-05
ant,reptile,-10.43754768371582,-4.76837158203125e-05
ant,amphibian,-10.250057220458984,-5.7220458984375e-05
ant,fish,-10.312549591064453,-4.9591064453125e-05
ant,arthropod,-4.1961669921875e-05,-11.625041961669922
ant,insect,-4.57763671875e-05,-11.625045776367188
ant,bird of prey,-10.000070571899414,-7.05718994140625e-05
ant,aquatic bird,-9.93757438659668,-7.43865966796875e-05
ant,canine,-10.000066757202148,-6.67572021484375e-05
ant,feline,-10.06256103515625,-6.103515625e-05
ant,primate,-10.12506103515625,-6.103515625e-05
ant,aquatic mammal,-10.125066757202148,-6.67572021484375e-05
ant,rodent,-10.437545776367188,-4.57763671875e-05
ant,bat,-10.000068664550781,-6.866455078125e-05
ant,bear,-9.62508773803711,-8.7738037109375e-05
ant,cat,-10.000066757202148,-6.67572021484375e-05
ant,cheetah,-9.937570571899414,-7.05718994140625e-05
ant,leopard,-9.437606811523438,-0.0001068115234375
ant,lion,-9.750080108642578,-8.0108642578125e-05
ant,panther,-9.562597274780273,-9.72747802734375e-05
ant,tiger,-9.625091552734375,-9.1552734375e-05
ant,dog,-9.937568664550781,-6.866455078125e-05
ant,fox,-10.000066757202148,-6.67572021484375e-05
ant,hyena,-10.000066757202148,-6.67572021484375e-05
ant,wolf,-9.87507438659668,-7.43865966796875e-05
ant,raccoon,-9.687585830688477,-8.58306884765625e-05
ant,skunk,-9.625089645385742,-8.96453857421875e-05
ant,otter,-9.812576293945312,-7.62939453125e-05
ant,beaver,-9.750078201293945,-7.82012939453125e-05
ant,chipmunk,-10.000066757202148,-6.67572021484375e-05
ant,squirrel,-10.125059127807617,-5.91278076171875e-05
ant,gerbil,-9.87507438659668,-7.43865966796875e-05
ant,guinea_pig,-9.812578201293945,-7.82012939453125e-05
ant,hamster,-10.06256103515625,-6.103515625e-05
ant,mouse,-10.125055313110352,-5.53131103515625e-05
ant,porcupine,-9.500104904174805,-0.0001049041748046875
ant,rat,-10.187555313110352,-5.53131103515625e-05
ant,buffalo,-9.625091552734375,-9.1552734375e-05
ant,cow,-9.750082015991211,-8.20159912109375e-05
ant,ox,-9.437606811523438,-0.0001068115234375
ant,goat,-9.875076293945312,-7.62939453125e-05
ant,sheep,-9.937570571899414,-7.05718994140625e-05
ant,deer,-10.000068664550781,-6.866455078125e-05
ant,moose,-9.68758773803711,-8.7738037109375e-05
ant,giraffe,-9.56259536743164,-9.5367431640625e-05
ant,camel,-9.625089645385742,-8.96453857421875e-05
ant,hippo,-9.56259536743164,-9.5367431640625e-05
ant,llama,-9.625089645385742,-8.96453857421875e-05
ant,pig,-9.875072479248047,-7.2479248046875e-05
ant,donkey,-9.750083923339844,-8.392333984375e-05
ant,horse,-9.937570571899414,-7.05718994140625e-05
ant,pony,-9.750082015991211,-8.20159912109375e-05
ant,zebra,-9.750082015991211,-8.20159912109375e-05
ant,rhino,-9.56259536743164,-9.5367431640625e-05
ant,gorilla,-9.56259536743164,-9.5367431640625e-05
ant,monkey,-9.937570571899414,-7.05718994140625e-05
ant,hedgehog,-9.87507438659668,-7.43865966796875e-05
ant,rabbit,-9.937568664550781,-6.866455078125e-05
ant,seal,-9.87507438659668,-7.43865966796875e-05
ant,walrus,-9.625091552734375,-9.1552734375e-05
ant,dolphin,-10.000066757202148,-6.67572021484375e-05
ant,whale,-10.000066757202148,-6.67572021484375e-05
ant,elephant,-9.687582015991211,-8.20159912109375e-05
ant,kangaroo,-9.81257438659668,-7.43865966796875e-05
ant,platypus,-9.687589645385742,-8.96453857421875e-05
ant,crocodile,-9.687585830688477,-8.58306884765625e-05
ant,alligator,-9.750082015991211,-8.20159912109375e-05
ant,lizard,-10.375049591064453,-4.9591064453125e-05
ant,iguana,-9.875072479248047,-7.2479248046875e-05
ant,rattlesnake,-9.87507438659668,-7.43865966796875e-05
ant,tortoise,-9.875072479248047,-7.2479248046875e-05
ant,turtle,-9.937570571899414,-7.05718994140625e-05
ant,frog,-10.125059127807617,-5.91278076171875e-05
ant,toad,-9.937572479248047,-7.2479248046875e-05
ant,budgie,-9.750083923339844,-8.392333984375e-05
ant,parakeet,-10.062568664550781,-6.866455078125e-05
ant,buzzard,-10.062566757202148,-6.67572021484375e-05
ant,falcon,-9.68758773803711,-8.7738037109375e-05
ant,hawk,-9.937572479248047,-7.2479248046875e-05
ant,eagle,-9.87507438659668,-7.43865966796875e-05
ant,owl,-9.750082015991211,-8.20159912109375e-05
ant,canary,-9.625089645385742,-8.96453857421875e-05
ant,magpie,-9.812576293945312,-7.62939453125e-05
ant,raven,-9.625093460083008,-9.34600830078125e-05
ant,nightingale,-9.625089645385742,-8.96453857421875e-05
ant,robin,-9.875072479248047,-7.2479248046875e-05
ant,starling,-9.68758773803711,-8.7738037109375e-05
ant,sparrow,-10.000066757202148,-6.67572021484375e-05
ant,wren,-9.687585830688477,-8.58306884765625e-05
ant,chicken,-9.875070571899414,-7.05718994140625e-05
ant,cockerel,-9.500104904174805,-0.0001049041748046875
ant,turkey,-9.437604904174805,-0.0001049041748046875
ant,dove,-9.625091552734375,-9.1552734375e-05
ant,pigeon,-9.937570571899414,-7.05718994140625e-05
ant,partridge,-9.500104904174805,-0.0001049041748046875
ant,peacock,-9.500102996826172,-0.000102996826171875
ant,crane,-9.250123977661133,-0.0001239776611328125
ant,flamingo,-9.562593460083008,-9.34600830078125e-05
ant,heron,-9.687589645385742,-8.96453857421875e-05
ant,duck,-9.937572479248047,-7.2479248046875e-05
ant,goose,-9.687585830688477,-8.58306884765625e-05
ant,pelican,-9.625091552734375,-9.1552734375e-05
ant,penguin,-9.750082015991211,-8.20159912109375e-05
ant,seagull,-9.750085830688477,-8.58306884765625e-05
ant,swan,-9.687585830688477,-8.58306884765625e-05
ant,hummingbird,-9.625089645385742,-8.96453857421875e-05
ant,kingfisher,-9.68758773803711,-8.7738037109375e-05
ant,woodpecker,-9.625089645385742,-8.96453857421875e-05
ant,emu,-9.500101089477539,-0.0001010894775390625
ant,ostrich,-9.625089645385742,-8.96453857421875e-05
ant,carp,-9.68758773803711,-8.7738037109375e-05
ant,goldfish,-9.87507438659668,-7.43865966796875e-05
ant,minnow,-10.062566757202148,-6.67572021484375e-05
ant,cod,-9.250120162963867,-0.0001201629638671875
ant,herring,-9.750082015991211,-8.20159912109375e-05
ant,sardine,-9.750082015991211,-8.20159912109375e-05
ant,salmon,-10.000066757202148,-6.67572021484375e-05
ant,trout,-9.750080108642578,-8.0108642578125e-05
ant,eel,-10.000068664550781,-6.866455078125e-05
ant,flounder,-9.625091552734375,-9.1552734375e-05
ant,mackerel,-9.625091552734375,-9.1552734375e-05
ant,tuna,-9.750082015991211,-8.20159912109375e-05
ant,seahorse,-9.875078201293945,-7.82012939453125e-05
ant,shark,-9.875072479248047,-7.2479248046875e-05
ant,bee,-10.000064849853516,-6.4849853515625e-05
ant,hornet,-9.937570571899414,-7.05718994140625e-05
ant,wasp,-7.812963485717773,-0.0004634857177734375
ant,ant,-0.000308990478515625,-8.687808990478516
ant,beetle,-10.37504768371582,-4.76837158203125e-05
ant,ladybird,-9.937568664550781,-6.866455078125e-05
ant,butterfly,-10.12506103515625,-6.103515625e-05
ant,moth,-10.12506103515625,-6.103515625e-05
ant,cockroach,-9.687583923339844,-8.392333984375e-05
ant,cricket,-10.000062942504883,-6.29425048828125e-05
ant,grasshopper,-10.125057220458984,-5.7220458984375e-05
ant,locust,-9.937566757202148,-6.67572021484375e-05
ant,dragonfly,-10.000066757202148,-6.67572021484375e-05
ant,flea,-10.312549591064453,-4.9591064453125e-05
ant,housefly,-10.250051498413086,-5.14984130859375e-05
ant,mosquito,-10.187557220458984,-5.7220458984375e-05
ant,stick_insect,-9.937568664550781,-6.866455078125e-05
ant,termite,-10.250055313110352,-5.53131103515625e-05
ant,centipede,-10.375051498413086,-5.14984130859375e-05
ant,millipede,-9.875072479248047,-7.2479248046875e-05
ant,scorpion,-10.062562942504883,-6.29425048828125e-05
ant,spider,-10.500043869018555,-4.38690185546875e-05
ant,tarantula,-9.750080108642578,-8.0108642578125e-05
ant,crab,-9.937570571899414,-7.05718994140625e-05
ant,crayfish,-9.625091552734375,-9.1552734375e-05
ant,lobster,-7.875425338745117,-0.0004253387451171875
ant,prawn,-8.937660217285156,-0.00016021728515625
ant,shrimp,-8.687704086303711,-0.0002040863037109375
ant,slug,-10.062564849853516,-6.4849853515625e-05
ant,snail,-10.250055313110352,-5.53131103515625e-05
ant,clam,-9.625091552734375,-9.1552734375e-05
ant,mussel,-9.750085830688477,-8.58306884765625e-05
ant,scallop,-9.562597274780273,-9.72747802734375e-05
ant,oyster,-9.437604904174805,-0.0001049041748046875
ant,squid,-10.125059127807617,-5.91278076171875e-05
ant,octopus,-9.87507438659668,-7.43865966796875e-05
ant,worm,-10.125055313110352,-5.53131103515625e-05
ant,jellyfish,-10.000068664550781,-6.866455078125e-05
beetle,animal,-5.91278076171875e-05,-11.375059127807617
beetle,vertebrate,-11.000030517578125,-3.0517578125e-05
beetle,invertebrate,-5.340576171875e-05,-10.875053405761719
beetle,mammal,-10.750036239624023,-3.62396240234375e-05
beetle,bird,-10.437543869018555,-4.38690185546875e-05
beetle,reptile,-10.812536239624023,-3.62396240234375e-05
beetle,amphibian,-10.687541961669922,-4.1961669921875e-05
beetle,fish,-10.562538146972656,-3.814697265625e-05
beetle,arthropod,-4.00543212890625e-05,-11.812540054321289
beetle,insect,-4.38690185546875e-05,-11.750043869018555
beetle,bird of prey,-10.375049591064453,-4.9591064453125e-05
beetle,aquatic bird,-10.187559127807617,-5.91278076171875e-05
beetle,canine,-10.250051498413086,-5.14984130859375e-05
beetle,feline,-10.187555313110352,-5.53131103515625e-05
beetle,primate,-10.37504768371582,-4.76837158203125e-05
beetle,aquatic mammal,-10.25006103515625,-6.103515625e-05
beetle,rodent,-10.625038146972656,-3.814697265625e-05
beetle,bat,-10.250055313110352,-5.53131103515625e-05
beetle,bear,-10.000062942504883,-6.29425048828125e-05
beetle,cat,-10.187555313110352,-5.53131103515625e-05
beetle,cheetah,-10.125057220458984,-5.7220458984375e-05
beetle,leopard,-9.562593460083008,-9.34600830078125e-05
beetle,lion,-9.812576293945312,-7.62939453125e-05
beetle,panther,-10.062562942504883,-6.29425048828125e-05
beetle,tiger,-9.312614440917969,-0.00011444091796875
beetle,dog,-10.312549591064453,-4.9591064453125e-05
beetle,fox,-10.187555313110352,-5.53131103515625e-05
beetle,hyena,-10.187557220458984,-5.7220458984375e-05
beetle,wolf,-10.000066757202148,-6.67572021484375e-05
beetle,raccoon,-9.81257438659668,-7.43865966796875e-05
beetle,skunk,-9.750080108642578,-8.0108642578125e-05
beetle,otter,-10.06256103515625,-6.103515625e-05
beetle,beaver,-10.000064849853516,-6.4849853515625e-05
beetle,chipmunk,-10.062562942504883,-6.29425048828125e-05
beetle,squirrel,-10.312549591064453,-4.9591064453125e-05
beetle,gerbil,-9.875072479248047,-7.2479248046875e-05
beetle,guinea_pig,-9.812576293945312,-7.62939453125e-05
beetle,hamster,-10.125057220458984,-5.7220458984375e-05
beetle,mouse,-10.250051498413086,-5.14984130859375e-05
beetle,porcupine,-9.750082015991211,-8.20159912109375e-05
beetle,rat,-10.250053405761719,-5.340576171875e-05
beetle,buffalo,-9.750080108642578,-8.0108642578125e-05
beetle,cow,-10.000064849853516,-6.4849853515625e-05
beetle,ox,-9.437601089477539,-0.0001010894775390625
beetle,goat,-10.062562942504883,-6.29425048828125e-05
beetle,sheep,-10.125059127807617,-5.91278076171875e-05
beetle,deer,-10.06256103515625,-6.103515625e-05
beetle,moose,-10.000064849853516,-6.4849853515625e-05
beetle,giraffe,-9.875072479248047,-7.2479248046875e-05
beetle,camel,-9.937570571899414,-7.05718994140625e-05
beetle,hippo,-9.750080108642578,-8.0108642578125e-05
beetle,llama,-9.81257438659668,-7.43865966796875e-05
beetle,pig,-9.875072479248047,-7.2479248046875e-05
beetle,donkey,-10.12506103515625,-6.103515625e-05
beetle,horse,-10.06256103515625,-6.103515625e-05
beetle,pony,-9.937566757202148,-6.67572021484375e-05
beetle,zebra,-9.875072479248047,-7.2479248046875e-05
beetle,rhino,-9.812576293945312,-7.62939453125e-05
beetle,gorilla,-9.81257438659668,-7.43865966796875e-05
beetle,monkey,-10.187555313110352,-5.53131103515625e-05
beetle,hedgehog,-9.937568664550781,-6.866455078125e-05
beetle,rabbit,-10.312549591064453,-4.9591064453125e-05
beetle,seal,-10.000064849853516,-6.4849853515625e-05
beetle,walrus,-9.750082015991211,-8.20159912109375e-05
beetle,dolphin,-10.187555313110352,-5.53131103515625e-05
beetle,whale,-10.250053405761719,-5.340576171875e-05
beetle,elephant,-9.750078201293945,-7.82012939453125e-05
beetle,kangaroo,-10.06256103515625,-6.103515625e-05
beetle,platypus,-10.062564849853516,-6.4849853515625e-05
beetle,crocodile,-10.125059127807617,-5.91278076171875e-05
beetle,alligator,-10.187557220458984,-5.7220458984375e-05
beetle,lizard,-10.687538146972656,-3.814697265625e-05
beetle,iguana,-10.06256103515625,-6.103515625e-05
beetle,rattlesnake,-10.250053405761719,-5.340576171875e-05
beetle,tortoise,-10.125057220458984,-5.7220458984375e-05
beetle,turtle,-10.125057220458984,-5.7220458984375e-05
beetle,frog,-10.437545776367188,-4.57763671875e-05
beetle,toad,-10.312549591064453,-4.9591064453125e-05
beetle,budgie,-9.750078201293945,-7.82012939453125e-05
beetle,parakeet,-10.250057220458984,-5.7220458984375e-05
beetle,buzzard,-10.062562942504883,-6.29425048828125e-05
beetle,falcon,-10.125059127807617,-5.91278076171875e-05
beetle,hawk,-9.750082015991211,-8.20159912109375e-05
beetle,eagle,-10.125059127807617,-5.91278076171875e-05
beetle,owl,-10.06256103515625,-6.103515625e-05
beetle,canary,-9.875068664550781,-6.866455078125e-05
beetle,magpie,-10.06256103515625,-6.103515625e-05
beetle,raven,-9.937568664550781,-6.866455078125e-05
beetle,nightingale,-9.812572479248047,-7.2479248046875e-05
beetle,robin,-10.062559127807617,-5.91278076171875e-05
beetle,starling,-10.125059127807617,-5.91278076171875e-05
beetle,sparrow,-10.250053405761719,-5.340576171875e-05
beetle,wren,-10.125059127807617,-5.91278076171875e-05
beetle,chicken,-10.125059127807617,-5.91278076171875e-05
beetle,cockerel,-9.687583923339844,-8.392333984375e-05
beetle,turkey,-9.81257438659668,-7.43865966796875e-05
beetle,dove,-10.000064849853516,-6.4849853515625e-05
beetle,pigeon,-10.06256103515625,-6.103515625e-05
beetle,partridge,-10.000062942504883,-6.29425048828125e-05
beetle,peacock,-9.625089645385742,-8.96453857421875e-05
beetle,crane,-9.875070571899414,-7.05718994140625e-05
beetle,flamingo,-10.000062942504883,-6.29425048828125e-05
beetle,heron,-10.12506103515625,-6.103515625e-05
beetle,duck,-10.187555313110352,-5.53131103515625e-05
beetle,goose,-10.06256103515625,-6.103515625e-05
beetle,pelican,-9.812576293945312,-7.62939453125e-05
beetle,penguin,-10.000066757202148,-6.67572021484375e-05
beetle,seagull,-10.250053405761719,-5.340576171875e-05
beetle,swan,-10.062562942504883,-6.29425048828125e-05
beetle,hummingbird,-10.125059127807617,-5.91278076171875e-05
beetle,kingfisher,-10.000066757202148,-6.67572021484375e-05
beetle,woodpecker,-10.062559127807617,-5.91278076171875e-05
beetle,emu,-9.87507438659668,-7.43865966796875e-05
beetle,ostrich,-10.06256103515625,-6.103515625e-05
beetle,carp,-9.875070571899414,-7.05718994140625e-05
beetle,goldfish,-10.06256103515625,-6.103515625e-05
beetle,minnow,-10.187557220458984,-5.7220458984375e-05
beetle,cod,-9.625083923339844,-8.392333984375e-05
beetle,herring,-9.81257438659668,-7.43865966796875e-05
beetle,sardine,-10.000062942504883,-6.29425048828125e-05
beetle,salmon,-10.06256103515625,-6.103515625e-05
beetle,trout,-10.000064849853516,-6.4849853515625e-05
beetle,eel,-10.500043869018555,-4.38690185546875e-05
beetle,flounder,-10.125059127807617,-5.91278076171875e-05
beetle,mackerel,-9.875072479248047,-7.2479248046875e-05
beetle,tuna,-9.875072479248047,-7.2479248046875e-05
beetle,seahorse,-10.12506103515625,-6.103515625e-05
beetle,shark,-10.312551498413086,-5.14984130859375e-05
beetle,bee,-10.125057220458984,-5.7220458984375e-05
beetle,hornet,-10.37504768371582,-4.76837158203125e-05
beetle,wasp,-10.500043869018555,-4.38690185546875e-05
beetle,ant,-10.375045776367188,-4.57763671875e-05
beetle,beetle,-0.0001506805419921875,-9.562650680541992
beetle,ladybird,-6.002742767333984,-0.002742767333984375
beetle,butterfly,-10.37504768371582,-4.76837158203125e-05
beetle,moth,-10.250051498413086,-5.14984130859375e-05
beetle,cockroach,-9.437602996826172,-0.000102996826171875
beetle,cricket,-10.187555313110352,-5.53131103515625e-05
beetle,grasshopper,-10.375045776367188,-4.57763671875e-05
beetle,locust,-9.500097274780273,-9.72747802734375e-05
beetle,dragonfly,-10.500041961669922,-4.1961669921875e-05
beetle,flea,-10.31254768371582,-4.76837158203125e-05
beetle,housefly,-10.250051498413086,-5.14984130859375e-05
beetle,mosquito,-10.37504768371582,-4.76837158203125e-05
beetle,stick_insect,-10.187551498413086,-5.14984130859375e-05
beetle,termite,-10.250053405761719,-5.340576171875e-05
beetle,centipede,-10.812536239624023,-3.62396240234375e-05
beetle,millipede,-10.250053405761719,-5.340576171875e-05
beetle,scorpion,-10.562541961669922,-4.1961669921875e-05
beetle,spider,-10.937530517578125,-3.0517578125e-05
beetle,tarantula,-10.187555313110352,-5.53131103515625e-05
beetle,crab,-10.37504768371582,-4.76837158203125e-05
beetle,crayfish,-10.187555313110352,-5.53131103515625e-05
beetle,lobster,-9.375104904174805,-0.0001049041748046875
beetle,prawn,-10.000062942504883,-6.29425048828125e-05
beetle,shrimp,-10.000064849853516,-6.4849853515625e-05
beetle,slug,-10.250053405761719,-5.340576171875e-05
beetle,snail,-10.562541961669922,-4.1961669921875e-05
beetle,clam,-10.062562942504883,-6.29425048828125e-05
beetle,mussel,-10.187557220458984,-5.7220458984375e-05
beetle,scallop,-9.875072479248047,-7.2479248046875e-05
beetle,oyster,-9.750080108642578,-8.0108642578125e-05
beetle,squid,-10.437543869018555,-4.38690185546875e-05
beetle,octopus,-10.125059127807617,-5.91278076171875e-05
beetle,worm,-10.375045776367188,-4.57763671875e-05
beetle,jellyfish,-10.375049591064453,-4.9591064453125e-05
ladybird,animal,-0.000110626220703125,-9.937610626220703
ladybird,vertebrate,-10.562541961669922,-4.1961669921875e-05
ladybird,invertebrate,-9.918212890625e-05,-9.812599182128906
ladybird,mammal,-10.312549591064453,-4.9591064453125e-05
ladybird,bird,-8.875171661376953,-0.000171661376953125
ladybird,reptile,-10.250053405761719,-5.340576171875e-05
ladybird,amphibian,-10.375049591064453,-4.9591064453125e-05
ladybird,fish,-10.125057220458984,-5.7220458984375e-05
ladybird,arthropod,-7.2479248046875e-05,-10.500072479248047
ladybird,insect,-5.53131103515625e-05,-11.000055313110352
ladybird,bird of prey,-9.500101089477539,-0.0001010894775390625
ladybird,aquatic bird,-9.375112533569336,-0.0001125335693359375
ladybird,canine,-9.750080108642578,-8.0108642578125e-05
ladybird,feline,-9.750078201293945,-7.82012939453125e-05
ladybird,primate,-10.12506103515625,-6.103515625e-05
ladybird,aquatic mammal,-9.937576293945312,-7.62939453125e-05
ladybird,rodent,-10.125057220458984,-5.7220458984375e-05
ladybird,bat,-9.937570571899414,-7.05718994140625e-05
ladybird,bear,-9.250116348266602,-0.0001163482666015625
ladybird,cat,-9.562591552734375,-9.1552734375e-05
ladybird,cheetah,-9.81257438659668,-7.43865966796875e-05
ladybird,leopard,-8.500236511230469,-0.00023651123046875
ladybird,lion,-8.937660217285156,-0.00016021728515625
ladybird,panther,-9.312614440917969,-0.00011444091796875
ladybird,tiger,-8.18781852722168,-0.0003185272216796875
ladybird,dog,-9.750078201293945,-7.82012939453125e-05
ladybird,fox,-9.187627792358398,-0.0001277923583984375
ladybird,hyena,-9.625093460083008,-9.34600830078125e-05
ladybird,wolf,-9.187629699707031,-0.00012969970703125
ladybird,raccoon,-9.437606811523438,-0.0001068115234375
ladybird,skunk,-9.500097274780273,-9.72747802734375e-05
ladybird,otter,-9.687583923339844,-8.392333984375e-05
ladybird,beaver,-9.750078201293945,-7.82012939453125e-05
ladybird,chipmunk,-9.875072479248047,-7.2479248046875e-05
ladybird,squirrel,-10.000064849853516,-6.4849853515625e-05
ladybird,gerbil,-9.750082015991211,-8.20159912109375e-05
ladybird,guinea_pig,-9.625091552734375,-9.1552734375e-05
ladybird,hamster,-9.81257438659668,-7.43865966796875e-05
ladybird,mouse,-9.812572479248047,-7.2479248046875e-05
ladybird,porcupine,-9.500101089477539,-0.0001010894775390625
ladybird,rat,-9.750080108642578,-8.0108642578125e-05
ladybird,buffalo,-9.187629699707031,-0.00012969970703125
ladybird,cow,-8.93765640258789,-0.000156402587890625
ladybird,ox,-8.625211715698242,-0.0002117156982421875
ladybird,goat,-9.312616348266602,-0.0001163482666015625
ladybird,sheep,-9.312612533569336,-0.0001125335693359375
ladybird,deer,-9.437604904174805,-0.0001049041748046875
ladybird,moose,-9.625089645385742,-8.96453857421875e-05
ladybird,giraffe,-9.500101089477539,-0.0001010894775390625
ladybird,camel,-9.312616348266602,-0.0001163482666015625
ladybird,hippo,-9.375112533569336,-0.0001125335693359375
ladybird,llama,-9.437604904174805,-0.0001049041748046875
ladybird,pig,-9.625089645385742,-8.96453857421875e-05
ladybird,donkey,-9.625089645385742,-8.96453857421875e-05
ladybird,horse,-9.562593460083008,-9.34600830078125e-05
ladybird,pony,-9.500097274780273,-9.72747802734375e-05
ladybird,zebra,-9.437606811523438,-0.0001068115234375
ladybird,rhino,-9.437606811523438,-0.0001068115234375
ladybird,gorilla,-9.500097274780273,-9.72747802734375e-05
ladybird,monkey,-9.625091552734375,-9.1552734375e-05
ladybird,hedgehog,-9.56259536743164,-9.5367431640625e-05
ladybird,rabbit,-9.750080108642578,-8.0108642578125e-05
ladybird,seal,-9.437604904174805,-0.0001049041748046875
ladybird,walrus,-9.43760871887207,-0.0001087188720703125
ladybird,dolphin,-9.750080108642578,-8.0108642578125e-05
ladybird,whale,-9.687583923339844,-8.392333984375e-05
ladybird,elephant,-9.437604904174805,-0.0001049041748046875
ladybird,kangaroo,-9.750080108642578,-8.0108642578125e-05
ladybird,platypus,-9.875076293945312,-7.62939453125e-05
ladybird,crocodile,-9.62508773803711,-8.7738037109375e-05
ladybird,alligator,-9.750080108642578,-8.0108642578125e-05
ladybird,lizard,-10.125057220458984,-5.7220458984375e-05
ladybird,iguana,-9.81257438659668,-7.43865966796875e-05
ladybird,rattlesnake,-9.750083923339844,-8.392333984375e-05
ladybird,tortoise,-9.375106811523438,-0.0001068115234375
ladybird,turtle,-9.62508773803711,-8.7738037109375e-05
ladybird,frog,-10.187555313110352,-5.53131103515625e-05
ladybird,toad,-9.562593460083008,-9.34600830078125e-05
ladybird,budgie,-9.312612533569336,-0.0001125335693359375
ladybird,parakeet,-9.93757438659668,-7.43865966796875e-05
ladybird,buzzard,-9.875072479248047,-7.2479248046875e-05
ladybird,falcon,-9.81257438659668,-7.43865966796875e-05
ladybird,hawk,-9.2501220703125,-0.0001220703125
ladybird,eagle,-9.625085830688477,-8.58306884765625e-05
ladybird,owl,-9.937568664550781,-6.866455078125e-05
ladybird,canary,-9.50009536743164,-9.5367431640625e-05
ladybird,magpie,-9.81257438659668,-7.43865966796875e-05
ladybird,raven,-9.62508773803711,-8.7738037109375e-05
ladybird,nightingale,-9.62508773803711,-8.7738037109375e-05
ladybird,robin,-9.56258773803711,-8.7738037109375e-05
ladybird,starling,-9.375106811523438,-0.0001068115234375
ladybird,sparrow,-9.937566757202148,-6.67572021484375e-05
ladybird,wren,-9.50009536743164,-9.5367431640625e-05
ladybird,chicken,-9.500093460083008,-9.34600830078125e-05
ladybird,cockerel,-9.187633514404297,-0.000133514404296875
ladybird,turkey,-9.312614440917969,-0.00011444091796875
ladybird,dove,-9.750076293945312,-7.62939453125e-05
ladybird,pigeon,-9.875068664550781,-6.866455078125e-05
ladybird,partridge,-8.812681198120117,-0.0001811981201171875
ladybird,peacock,-9.312616348266602,-0.0001163482666015625
ladybird,crane,-9.562591552734375,-9.1552734375e-05
ladybird,flamingo,-9.62508773803711,-8.7738037109375e-05
ladybird,heron,-10.000066757202148,-6.67572021484375e-05
ladybird,duck,-9.750078201293945,-7.82012939453125e-05
ladybird,goose,-9.500097274780273,-9.72747802734375e-05
ladybird,pelican,-9.62508773803711,-8.7738037109375e-05
ladybird,penguin,-9.62508773803711,-8.7738037109375e-05
ladybird,seagull,-9.875072479248047,-7.2479248046875e-05
ladybird,swan,-9.750078201293945,-7.82012939453125e-05
ladybird,hummingbird,-9.750076293945312,-7.62939453125e-05
ladybird,kingfisher,-9.625091552734375,-9.1552734375e-05
ladybird,woodpecker,-9.750076293945312,-7.62939453125e-05
ladybird,emu,-9.56259536743164,-9.5367431640625e-05
ladybird,ostrich,-9.625085830688477,-8.58306884765625e-05
ladybird,carp,-9.37510871887207,-0.0001087188720703125
ladybird,goldfish,-9.625085830688477,-8.58306884765625e-05
ladybird,minnow,-9.87507438659668,-7.43865966796875e-05
ladybird,cod,-9.1876220703125,-0.0001220703125
ladybird,herring,-9.125133514404297,-0.000133514404296875
ladybird,sardine,-9.437601089477539,-0.0001010894775390625
ladybird,salmon,-9.50009536743164,-9.5367431640625e-05
ladybird,trout,-9.437599182128906,-9.918212890625e-05
ladybird,eel,-9.875072479248047,-7.2479248046875e-05
ladybird,flounder,-9.500097274780273,-9.72747802734375e-05
ladybird,mackerel,-9.2501220703125,-0.0001220703125
ladybird,tuna,-9.625085830688477,-8.58306884765625e-05
ladybird,seahorse,-9.750082015991211,-8.20159912109375e-05
ladybird,shark,-9.812576293945312,-7.62939453125e-05
ladybird,bee,-10.250049591064453,-4.9591064453125e-05
ladybird,hornet,-10.000064849853516,-6.4849853515625e-05
ladybird,wasp,-9.000154495239258,-0.0001544952392578125
ladybird,ant,-10.000062942504883,-6.29425048828125e-05
ladybird,beetle,-4.57763671875e-05,-11.187545776367188
ladybird,ladybird,-0.00035858154296875,-8.375358581542969
ladybird,butterfly,-9.937566757202148,-6.67572021484375e-05
ladybird,moth,-9.562591552734375,-9.1552734375e-05
ladybird,cockroach,-10.06256103515625,-6.103515625e-05
ladybird,cricket,-10.00006103515625,-6.103515625e-05
ladybird,grasshopper,-10.250049591064453,-4.9591064453125e-05
ladybird,locust,-9.750078201293945,-7.82012939453125e-05
ladybird,dragonfly,-10.125057220458984,-5.7220458984375e-05
ladybird,flea,-10.062559127807617,-5.91278076171875e-05
ladybird,housefly,-10.125057220458984,-5.7220458984375e-05
ladybird,mosquito,-10.187555313110352,-5.53131103515625e-05
ladybird,stick_insect,-10.062559127807617,-5.91278076171875e-05
ladybird,termite,-10.000062942504883,-6.29425048828125e-05
ladybird,centipede,-10.250055313110352,-5.53131103515625e-05
ladybird,millipede,-9.750080108642578,-8.0108642578125e-05
ladybird,scorpion,-10.125059127807617,-5.91278076171875e-05
ladybird,spider,-10.437543869018555,-4.38690185546875e-05
ladybird,tarantula,-9.750080108642578,-8.0108642578125e-05
ladybird,crab,-9.687585830688477,-8.58306884765625e-05
ladybird,crayfish,-9.687585830688477,-8.58306884765625e-05
ladybird,lobster,-9.062639236450195,-0.0001392364501953125
ladybird,prawn,-9.312612533569336,-0.0001125335693359375
ladybird,shrimp,-9.375110626220703,-0.000110626220703125
ladybird,slug,-10.125059127807617,-5.91278076171875e-05
ladybird,snail,-10.250051498413086,-5.14984130859375e-05
ladybird,clam,-9.625091552734375,-9.1552734375e-05
ladybird,mussel,-9.562593460083008,-9.34600830078125e-05
ladybird,scallop,-9.00014877319336,-0.000148773193359375
ladybird,oyster,-9.250120162963867,-0.0001201629638671875
ladybird,squid,-9.81257438659668,-7.43865966796875e-05
ladybird,octopus,-9.750080108642578,-8.0108642578125e-05
ladybird,worm,-10.000062942504883,-6.29425048828125e-05
ladybird,jellyfish,-10.187555313110352,-5.53131103515625e-05
butterfly,animal,-7.62939453125e-05,-10.937576293945312
butterfly,vertebrate,-10.562545776367188,-4.57763671875e-05
butterfly,invertebrate,-7.43865966796875e-05,-10.43757438659668
butterfly,mammal,-10.500043869018555,-4.38690185546875e-05
butterfly,bird,-10.312549591064453,-4.9591064453125e-05
butterfly,reptile,-10.50004768371582,-4.76837158203125e-05
butterfly,amphibian,-10.437551498413086,-5.14984130859375e-05
butterfly,fish,-10.312551498413086,-5.14984130859375e-05
butterfly,arthropod,-5.53131103515625e-05,-11.375055313110352
butterfly,insect,-4.1961669921875e-05,-11.937541961669922
butterfly,bird of prey,-10.062572479248047,-7.2479248046875e-05
butterfly,aquatic bird,-10.000076293945312,-7.62939453125e-05
butterfly,canine,-10.062564849853516,-6.4849853515625e-05
butterfly,feline,-10.06256103515625,-6.103515625e-05
butterfly,primate,-10.12506103515625,-6.103515625e-05
butterfly,aquatic mammal,-10.062572479248047,-7.2479248046875e-05
butterfly,rodent,-10.12506103515625,-6.103515625e-05
butterfly,bat,-10.125062942504883,-6.29425048828125e-05
butterfly,bear,-9.812576293945312,-7.62939453125e-05
butterfly,cat,-9.875076293945312,-7.62939453125e-05
butterfly,cheetah,-10.000068664550781,-6.866455078125e-05
butterfly,leopard,-9.43760871887207,-0.0001087188720703125
butterfly,lion,-9.750080108642578,-8.0108642578125e-05
butterfly,panther,-9.812578201293945,-7.82012939453125e-05
butterfly,tiger,-9.187633514404297,-0.000133514404296875
butterfly,dog,-9.937570571899414,-7.05718994140625e-05
butterfly,fox,-10.000066757202148,-6.67572021484375e-05
butterfly,hyena,-10.062564849853516,-6.4849853515625e-05
butterfly,wolf,-9.87507438659668,-7.43865966796875e-05
butterfly,raccoon,-9.687585830688477,-8.58306884765625e-05
butterfly,skunk,-9.812578201293945,-7.82012939453125e-05
butterfly,otter,-9.812578201293945,-7.82012939453125e-05
butterfly,beaver,-9.87507438659668,-7.43865966796875e-05
butterfly,chipmunk,-10.062564849853516,-6.4849853515625e-05
butterfly,squirrel,-10.062566757202148,-6.67572021484375e-05
butterfly,gerbil,-9.750083923339844,-8.392333984375e-05
butterfly,guinea_pig,-9.750083923339844,-8.392333984375e-05
butterfly,hamster,-9.875070571899414,-7.05718994140625e-05
butterfly,mouse,-10.125059127807617,-5.91278076171875e-05
butterfly,porcupine,-9.75008773803711,-8.7738037109375e-05
butterfly,rat,-10.000068664550781,-6.866455078125e-05
butterfly,buffalo,-9.562599182128906,-9.918212890625e-05
butterfly,cow,-9.750082015991211,-8.20159912109375e-05
butterfly,ox,-9.312620162963867,-0.0001201629638671875
butterfly,goat,-9.812582015991211,-8.20159912109375e-05
butterfly,sheep,-10.062564849853516,-6.4849853515625e-05
butterfly,deer,-9.87507438659668,-7.43865966796875e-05
butterfly,moose,-9.875072479248047,-7.2479248046875e-05
butterfly,giraffe,-9.687585830688477,-8.58306884765625e-05
butterfly,camel,-9.625091552734375,-9.1552734375e-05
butterfly,hippo,-9.687585830688477,-8.58306884765625e-05
butterfly,llama,-9.750080108642578,-8.0108642578125e-05
butterfly,pig,-9.875076293945312,-7.62939453125e-05
butterfly,donkey,-9.812580108642578,-8.0108642578125e-05
butterfly,horse,-9.937572479248047,-7.2479248046875e-05
butterfly,pony,-9.750082015991211,-8.20159912109375e-05
butterfly,zebra,-9.687589645385742,-8.96453857421875e-05
butterfly,rhino,-9.750082015991211,-8.20159912109375e-05
butterfly,gorilla,-9.750080108642578,-8.0108642578125e-05
butterfly,monkey,-10.062562942504883,-6.29425048828125e-05
butterfly,hedgehog,-10.062564849853516,-6.4849853515625e-05
butterfly,rabbit,-10.062562942504883,-6.29425048828125e-05
butterfly,seal,-9.87507438659668,-7.43865966796875e-05
butterfly,walrus,-9.62509536743164,-9.5367431640625e-05
butterfly,dolphin,-10.000066757202148,-6.67572021484375e-05
butterfly,whale,-10.062562942504883,-6.29425048828125e-05
butterfly,elephant,-9.750080108642578,-8.0108642578125e-05
butterfly,kangaroo,-10.000066757202148,-6.67572021484375e-05
butterfly,platypus,-10.062566757202148,-6.67572021484375e-05
butterfly,crocodile,-10.000066757202148,-6.67572021484375e-05
butterfly,alligator,-10.000068664550781,-6.866455078125e-05
butterfly,lizard,-10.375051498413086,-5.14984130859375e-05
butterfly,iguana,-10.062562942504883,-6.29425048828125e-05
butterfly,rattlesnake,-10.062564849853516,-6.4849853515625e-05
butterfly,tortoise,-10.000064849853516,-6.4849853515625e-05
butterfly,turtle,-10.062562942504883,-6.29425048828125e-05
butterfly,frog,-10.250055313110352,-5.53131103515625e-05
butterfly,toad,-10.000068664550781,-6.866455078125e-05
butterfly,budgie,-9.750080108642578,-8.0108642578125e-05
butterfly,parakeet,-10.062568664550781,-6.866455078125e-05
butterfly,buzzard,-10.125062942504883,-6.29425048828125e-05
butterfly,falcon,-10.12506103515625,-6.103515625e-05
butterfly,hawk,-9.562599182128906,-9.918212890625e-05
butterfly,eagle,-10.12506103515625,-6.103515625e-05
butterfly,owl,-10.062562942504883,-6.29425048828125e-05
butterfly,canary,-9.875072479248047,-7.2479248046875e-05
butterfly,magpie,-10.062562942504883,-6.29425048828125e-05
butterfly,raven,-9.937572479248047,-7.2479248046875e-05
butterfly,nightingale,-9.687583923339844,-8.392333984375e-05
butterfly,robin,-10.000064849853516,-6.4849853515625e-05
butterfly,starling,-9.937572479248047,-7.2479248046875e-05
butterfly,sparrow,-10.125059127807617,-5.91278076171875e-05
butterfly,wren,-10.062562942504883,-6.29425048828125e-05
butterfly,chicken,-10.062562942504883,-6.29425048828125e-05
butterfly,cockerel,-9.68758773803711,-8.7738037109375e-05
butterfly,turkey,-9.687585830688477,-8.58306884765625e-05
butterfly,dove,-10.000064849853516,-6.4849853515625e-05
butterfly,pigeon,-10.12506103515625,-6.103515625e-05
butterfly,partridge,-9.875076293945312,-7.62939453125e-05
butterfly,peacock,-9.500101089477539,-0.0001010894775390625
butterfly,crane,-9.937570571899414,-7.05718994140625e-05
butterfly,flamingo,-9.750080108642578,-8.0108642578125e-05
butterfly,heron,-9.93757438659668,-7.43865966796875e-05
butterfly,duck,-10.12506103515625,-6.103515625e-05
butterfly,goose,-10.062562942504883,-6.29425048828125e-05
butterfly,pelican,-9.750082015991211,-8.20159912109375e-05
butterfly,penguin,-9.87507438659668,-7.43865966796875e-05
butterfly,seagull,-10.125062942504883,-6.29425048828125e-05
butterfly,swan,-9.875072479248047,-7.2479248046875e-05
butterfly,hummingbird,-10.000064849853516,-6.4849853515625e-05
butterfly,kingfisher,-9.937572479248047,-7.2479248046875e-05
butterfly,woodpecker,-9.87507438659668,-7.43865966796875e-05
butterfly,emu,-9.68758773803711,-8.7738037109375e-05
butterfly,ostrich,-9.875072479248047,-7.2479248046875e-05
butterfly,carp,-9.750082015991211,-8.20159912109375e-05
butterfly,goldfish,-9.87507438659668,-7.43865966796875e-05
butterfly,minnow,-10.062566757202148,-6.67572021484375e-05
butterfly,cod,-9.500097274780273,-9.72747802734375e-05
butterfly,herring,-9.68758773803711,-8.7738037109375e-05
butterfly,sardine,-9.812578201293945,-7.82012939453125e-05
butterfly,salmon,-9.750080108642578,-8.0108642578125e-05
butterfly,trout,-9.750080108642578,-8.0108642578125e-05
butterfly,eel,-10.062564849853516,-6.4849853515625e-05
butterfly,flounder,-9.687585830688477,-8.58306884765625e-05
butterfly,mackerel,-9.500102996826172,-0.000102996826171875
butterfly,tuna,-9.750082015991211,-8.20159912109375e-05
butterfly,seahorse,-9.875078201293945,-7.82012939453125e-05
butterfly,shark,-10.000066757202148,-6.67572021484375e-05
butterfly,bee,-10.437543869018555,-4.38690185546875e-05
butterfly,hornet,-10.12506103515625,-6.103515625e-05
butterfly,wasp,-10.000066757202148,-6.67572021484375e-05
butterfly,ant,-10.187555313110352,-5.53131103515625e-05
butterfly,beetle,-10.687538146972656,-3.814697265625e-05
butterfly,ladybird,-9.875072479248047,-7.2479248046875e-05
butterfly,butterfly,-0.000308990478515625,-8.687808990478516
butterfly,moth,-6.065214157104492,-0.0027141571044921875
butterfly,cockroach,-9.81257438659668,-7.43865966796875e-05
butterfly,cricket,-10.250051498413086,-5.14984130859375e-05
butterfly,grasshopper,-10.312549591064453,-4.9591064453125e-05
butterfly,locust,-10.000064849853516,-6.4849853515625e-05
butterfly,dragonfly,-10.312549591064453,-4.9591064453125e-05
butterfly,flea,-10.125059127807617,-5.91278076171875e-05
butterfly,housefly,-10.06256103515625,-6.103515625e-05
butterfly,mosquito,-10.250053405761719,-5.340576171875e-05
butterfly,stick_insect,-10.062559127807617,-5.91278076171875e-05
butterfly,termite,-10.062562942504883,-6.29425048828125e-05
butterfly,centipede,-10.125064849853516,-6.4849853515625e-05
butterfly,millipede,-9.875076293945312,-7.62939453125e-05
butterfly,scorpion,-10.12506103515625,-6.103515625e-05
butterfly,spider,-10.375049591064453,-4.9591064453125e-05
butterfly,tarantula,-9.812580108642578,-8.0108642578125e-05
butterfly,crab,-10.125062942504883,-6.29425048828125e-05
butterfly,crayfish,-9.937572479248047,-7.2479248046875e-05
butterfly,lobster,-9.687585830688477,-8.58306884765625e-05
butterfly,prawn,-9.812576293945312,-7.62939453125e-05
butterfly,shrimp,-9.87507438659668,-7.43865966796875e-05
butterfly,slug,-10.000068664550781,-6.866455078125e-05
butterfly,snail,-10.187557220458984,-5.7220458984375e-05
butterfly,clam,-9.750080108642578,-8.0108642578125e-05
butterfly,mussel,-10.000066757202148,-6.67572021484375e-05
butterfly,scallop,-9.625091552734375,-9.1552734375e-05
butterfly,oyster,-9.562593460083008,-9.34600830078125e-05
butterfly,squid,-10.187557220458984,-5.7220458984375e-05
butterfly,octopus,-9.875076293945312,-7.62939453125e-05
butterfly,worm,-9.812572479248047,-7.2479248046875e-05
butterfly,jellyfish,-10.187559127807617,-5.91278076171875e-05
moth,animal,-7.43865966796875e-05,-10.87507438659668
moth,vertebrate,-10.375051498413086,-5.14984130859375e-05
moth,invertebrate,-5.7220458984375e-05,-10.937557220458984
moth,mammal,-10.12506103515625,-6.103515625e-05
moth,bird,-10.187555313110352,-5.53131103515625e-05
moth,reptile,-10.18756103515625,-6.103515625e-05
moth,amphibian,-10.312557220458984,-5.7220458984375e-05
moth,fish,-10.062562942504883,-6.29425048828125e-05
moth,arthropod,-6.29425048828125e-05,-11.187562942504883
moth,insect,-4.57763671875e-05,-11.625045776367188
moth,bird of prey,-9.875078201293945,-7.82012939453125e-05
moth,aquatic bird,-9.812589645385742,-8.96453857421875e-05
moth,canine,-9.687585830688477,-8.58306884765625e-05
moth,feline,-9.687583923339844,-8.392333984375e-05
moth,primate,-9.875076293945312,-7.62939453125e-05
moth,aquatic mammal,-9.87508773803711,-8.7738037109375e-05
moth,rodent,-10.125059127807617,-5.91278076171875e-05
moth,bat,-10.000070571899414,-7.05718994140625e-05
moth,bear,-9.437604904174805,-0.0001049041748046875
moth,cat,-9.562593460083008,-9.34600830078125e-05
moth,cheetah,-9.750082015991211,-8.20159912109375e-05
moth,leopard,-9.125141143798828,-0.000141143798828125
moth,lion,-9.187633514404297,-0.000133514404296875
moth,panther,-9.437610626220703,-0.000110626220703125
moth,tiger,-8.56273078918457,-0.0002307891845703125
moth,dog,-9.812580108642578,-8.0108642578125e-05
moth,fox,-9.625089645385742,-8.96453857421875e-05
moth,hyena,-9.75008773803711,-8.7738037109375e-05
moth,wolf,-9.437606811523438,-0.0001068115234375
moth,raccoon,-9.437606811523438,-0.0001068115234375
moth,skunk,-9.625091552734375,-9.1552734375e-05
moth,otter,-9.625093460083008,-9.34600830078125e-05
moth,beaver,-9.687583923339844,-8.392333984375e-05
moth,chipmunk,-9.750083923339844,-8.392333984375e-05
moth,squirrel,-9.750083923339844,-8.392333984375e-05
moth,gerbil,-9.625089645385742,-8.96453857421875e-05
moth,guinea_pig,-9.562599182128906,-9.918212890625e-05
moth,hamster,-9.750078201293945,-7.82012939453125e-05
moth,mouse,-9.937568664550781,-6.866455078125e-05
moth,porcupine,-9.437614440917969,-0.00011444091796875
moth,rat,-9.937570571899414,-7.05718994140625e-05
moth,buffalo,-9.437610626220703,-0.000110626220703125
moth,cow,-9.500104904174805,-0.0001049041748046875
moth,ox,-9.06264877319336,-0.000148773193359375
moth,goat,-9.562599182128906,-9.918212890625e-05
moth,sheep,-9.500102996826172,-0.000102996826171875
moth,deer,-9.625091552734375,-9.1552734375e-05
moth,moose,-9.500101089477539,-0.0001010894775390625
moth,giraffe,-9.43760871887207,-0.0001087188720703125
moth,camel,-9.375114440917969,-0.00011444091796875
moth,hippo,-9.437606811523438,-0.0001068115234375
moth,llama,-9.500099182128906,-9.918212890625e-05
moth,pig,-9.625093460083008,-9.34600830078125e-05
moth,donkey,-9.562601089477539,-0.0001010894775390625
moth,horse,-9.68758773803711,-8.7738037109375e-05
moth,pony,-9.56259536743164,-9.5367431640625e-05
moth,zebra,-9.375116348266602,-0.0001163482666015625
moth,rhino,-9.500102996826172,-0.000102996826171875
moth,gorilla,-9.56259536743164,-9.5367431640625e-05
moth,monkey,-9.750083923339844,-8.392333984375e-05
moth,hedgehog,-9.562599182128906,-9.918212890625e-05
moth,rabbit,-9.625091552734375,-9.1552734375e-05
moth,seal,-9.562599182128906,-9.918212890625e-05
moth,walrus,-9.500101089477539,-0.0001010894775390625
moth,dolphin,-9.68758773803711,-8.7738037109375e-05
moth,whale,-9.562599182128906,-9.918212890625e-05
moth,elephant,-9.437604904174805,-0.0001049041748046875
moth,kangaroo,-9.625089645385742,-8.96453857421875e-05
moth,platypus,-9.562601089477539,-0.0001010894775390625
moth,crocodile,-9.687585830688477,-8.58306884765625e-05
moth,alligator,-9.750085830688477,-8.58306884765625e-05
moth,lizard,-10.125062942504883,-6.29425048828125e-05
moth,iguana,-9.87507438659668,-7.43865966796875e-05
moth,rattlesnake,-9.750085830688477,-8.58306884765625e-05
moth,tortoise,-9.750082015991211,-8.20159912109375e-05
moth,turtle,-9.812582015991211,-8.20159912109375e-05
moth,frog,-10.000068664550781,-6.866455078125e-05
moth,toad,-9.937572479248047,-7.2479248046875e-05
moth,budgie,-9.62508773803711,-8.7738037109375e-05
moth,parakeet,-9.875082015991211,-8.20159912109375e-05
moth,buzzard,-9.875076293945312,-7.62939453125e-05
moth,falcon,-9.875076293945312,-7.62939453125e-05
moth,hawk,-9.062652587890625,-0.000152587890625
moth,eagle,-9.812580108642578,-8.0108642578125e-05
moth,owl,-9.625089645385742,-8.96453857421875e-05
moth,canary,-9.62508773803711,-8.7738037109375e-05
moth,magpie,-9.750080108642578,-8.0108642578125e-05
moth,raven,-9.625093460083008,-9.34600830078125e-05
moth,nightingale,-9.562591552734375,-9.1552734375e-05
moth,robin,-9.812576293945312,-7.62939453125e-05
moth,starling,-9.68758773803711,-8.7738037109375e-05
moth,sparrow,-9.87507438659668,-7.43865966796875e-05
moth,wren,-9.687583923339844,-8.392333984375e-05
moth,chicken,-9.625091552734375,-9.1552734375e-05
moth,cockerel,-9.375116348266602,-0.0001163482666015625
moth,turkey,-9.375112533569336,-0.0001125335693359375
moth,dove,-9.56259536743164,-9.5367431640625e-05
moth,pigeon,-9.875072479248047,-7.2479248046875e-05
moth,partridge,-9.625089645385742,-8.96453857421875e-05
moth,peacock,-8.687704086303711,-0.0002040863037109375
moth,crane,-9.43760871887207,-0.0001087188720703125
moth,flamingo,-9.500099182128906,-9.918212890625e-05
moth,heron,-9.687589645385742,-8.96453857421875e-05
moth,duck,-9.875076293945312,-7.62939453125e-05
moth,goose,-9.625089645385742,-8.96453857421875e-05
moth,pelican,-9.500101089477539,-0.0001010894775390625
moth,penguin,-9.625091552734375,-9.1552734375e-05
moth,seagull,-9.875076293945312,-7.62939453125e-05
moth,swan,-9.625089645385742,-8.96453857421875e-05
moth,hummingbird,-9.750080108642578,-8.0108642578125e-05
moth,kingfisher,-9.750082015991211,-8.20159912109375e-05
moth,woodpecker,-9.750082015991211,-8.20159912109375e-05
moth,emu,-9.375114440917969,-0.00011444091796875
moth,ostrich,-9.625089645385742,-8.96453857421875e-05
moth,carp,-9.500101089477539,-0.0001010894775390625
moth,goldfish,-9.625091552734375,-9.1552734375e-05
moth,minnow,-9.687589645385742,-8.96453857421875e-05
moth,cod,-9.062646865844727,-0.0001468658447265625
moth,herring,-9.437606811523438,-0.0001068115234375
moth,sardine,-9.750082015991211,-8.20159912109375e-05
moth,salmon,-9.56259536743164,-9.5367431640625e-05
moth,trout,-9.625089645385742,-8.96453857421875e-05
moth,eel,-9.875076293945312,-7.62939453125e-05
moth,flounder,-9.625089645385742,-8.96453857421875e-05
moth,mackerel,-9.312620162963867,-0.0001201629638671875
moth,tuna,-9.56259536743164,-9.5367431640625e-05
moth,seahorse,-9.625091552734375,-9.1552734375e-05
moth,shark,-9.750083923339844,-8.392333984375e-05
moth,bee,-10.31254768371582,-4.76837158203125e-05
moth,hornet,-10.06256103515625,-6.103515625e-05
moth,wasp,-10.312551498413086,-5.14984130859375e-05
moth,ant,-10.187555313110352,-5.53131103515625e-05
moth,beetle,-10.625038146972656,-3.814697265625e-05
moth,ladybird,-10.000064849853516,-6.4849853515625e-05
moth,butterfly,-6.564094543457031,-0.00159454345703125
moth,moth,-0.0004596710205078125,-8.437959671020508
moth,cockroach,-9.750080108642578,-8.0108642578125e-05
moth,cricket,-10.062559127807617,-5.91278076171875e-05
moth,grasshopper,-10.31254768371582,-4.76837158203125e-05
moth,locust,-9.812578201293945,-7.82012939453125e-05
moth,dragonfly,-10.06256103515625,-6.103515625e-05
moth,flea,-10.125059127807617,-5.91278076171875e-05
moth,housefly,-10.250053405761719,-5.340576171875e-05
moth,mosquito,-10.250055313110352,-5.53131103515625e-05
moth,stick_insect,-9.875066757202148,-6.67572021484375e-05
moth,termite,-10.125057220458984,-5.7220458984375e-05
moth,centipede,-10.125064849853516,-6.4849853515625e-05
moth,millipede,-9.87507438659668,-7.43865966796875e-05
moth,scorpion,-10.000068664550781,-6.866455078125e-05
moth,spider,-10.250053405761719,-5.340576171875e-05
moth,tarantula,-9.625093460083008,-9.34600830078125e-05
moth,crab,-9.937570571899414,-7.05718994140625e-05
moth,crayfish,-9.750085830688477,-8.58306884765625e-05
moth,lobster,-9.56259536743164,-9.5367431640625e-05
moth,prawn,-9.625089645385742,-8.96453857421875e-05
moth,shrimp,-9.625093460083008,-9.34600830078125e-05
moth,slug,-9.87507438659668,-7.43865966796875e-05
moth,snail,-10.125062942504883,-6.29425048828125e-05
moth,clam,-9.625091552734375,-9.1552734375e-05
moth,mussel,-9.687589645385742,-8.96453857421875e-05
moth,scallop,-9.43760871887207,-0.0001087188720703125
moth,oyster,-9.437610626220703,-0.000110626220703125
moth,squid,-9.875072479248047,-7.2479248046875e-05
moth,octopus,-9.625091552734375,-9.1552734375e-05
moth,worm,-8.562723159790039,-0.0002231597900390625
moth,jellyfish,-10.000068664550781,-6.866455078125e-05
cockroach,animal,-6.103515625e-05,-11.43756103515625
cockroach,vertebrate,-10.687540054321289,-4.00543212890625e-05
cockroach,invertebrate,-4.9591064453125e-05,-11.125049591064453
cockroach,mammal,-10.500045776367188,-4.57763671875e-05
cockroach,bird,-10.12506103515625,-6.103515625e-05
cockroach,reptile,-10.37504768371582,-4.76837158203125e-05
cockroach,amphibian,-10.50004768371582,-4.76837158203125e-05
cockroach,fish,-10.37504768371582,-4.76837158203125e-05
cockroach,arthropod,-4.00543212890625e-05,-11.812540054321289
cockroach,insect,-4.9591064453125e-05,-11.625049591064453
cockroach,bird of prey,-10.000070571899414,-7.05718994140625e-05
cockroach,aquatic bird,-9.937578201293945,-7.82012939453125e-05
cockroach,canine,-10.125059127807617,-5.91278076171875e-05
cockroach,feline,-10.125059127807617,-5.91278076171875e-05
cockroach,primate,-10.12506103515625,-6.103515625e-05
cockroach,aquatic mammal,-10.062572479248047,-7.2479248046875e-05
cockroach,rodent,-10.750036239624023,-3.62396240234375e-05
cockroach,bat,-10.000070571899414,-7.05718994140625e-05
cockroach,bear,-10.000066757202148,-6.67572021484375e-05
cockroach,cat,-10.000066757202148,-6.67572021484375e-05
cockroach,cheetah,-10.000068664550781,-6.866455078125e-05
cockroach,leopard,-9.375114440917969,-0.00011444091796875
cockroach,lion,-9.812578201293945,-7.82012939453125e-05
cockroach,panther,-9.68758773803711,-8.7738037109375e-05
cockroach,tiger,-9.437606811523438,-0.0001068115234375
cockroach,dog,-10.12506103515625,-6.103515625e-05
cockroach,fox,-9.937572479248047,-7.2479248046875e-05
cockroach,hyena,-10.062566757202148,-6.67572021484375e-05
cockroach,wolf,-9.875076293945312,-7.62939453125e-05
cockroach,raccoon,-9.500102996826172,-0.000102996826171875
cockroach,skunk,-9.687585830688477,-8.58306884765625e-05
cockroach,otter,-9.87507438659668,-7.43865966796875e-05
cockroach,beaver,-9.875072479248047,-7.2479248046875e-05
cockroach,chipmunk,-9.875076293945312,-7.62939453125e-05
cockroach,squirrel,-10.12506103515625,-6.103515625e-05
cockroach,gerbil,-9.87507438659668,-7.43865966796875e-05
cockroach,guinea_pig,-10.000070571899414,-7.05718994140625e-05
cockroach,hamster,-10.062562942504883,-6.29425048828125e-05
cockroach,mouse,-10.125059127807617,-5.91278076171875e-05
cockroach,porcupine,-9.62509536743164,-9.5367431640625e-05
cockroach,rat,-10.250051498413086,-5.14984130859375e-05
cockroach,buffalo,-9.625093460083008,-9.34600830078125e-05
cockroach,cow,-9.750083923339844,-8.392333984375e-05
cockroach,ox,-9.500101089477539,-0.0001010894775390625
cockroach,goat,-9.875076293945312,-7.62939453125e-05
cockroach,sheep,-10.062564849853516,-6.4849853515625e-05
cockroach,deer,-9.750083923339844,-8.392333984375e-05
cockroach,moose,-9.68758773803711,-8.7738037109375e-05
cockroach,giraffe,-9.750083923339844,-8.392333984375e-05
cockroach,camel,-9.625091552734375,-9.1552734375e-05
cockroach,hippo,-9.562599182128906,-9.918212890625e-05
cockroach,llama,-9.750082015991211,-8.20159912109375e-05
cockroach,pig,-9.87507438659668,-7.43865966796875e-05
cockroach,donkey,-9.93757438659668,-7.43865966796875e-05
cockroach,horse,-9.937572479248047,-7.2479248046875e-05
cockroach,pony,-9.750082015991211,-8.20159912109375e-05
cockroach,zebra,-9.625093460083008,-9.34600830078125e-05
cockroach,rhino,-9.68758773803711,-8.7738037109375e-05
cockroach,gorilla,-9.625091552734375,-9.1552734375e-05
cockroach,monkey,-10.12506103515625,-6.103515625e-05
cockroach,hedgehog,-9.93757438659668,-7.43865966796875e-05
cockroach,rabbit,-10.187557220458984,-5.7220458984375e-05
cockroach,seal,-9.68758773803711,-8.7738037109375e-05
cockroach,walrus,-9.750083923339844,-8.392333984375e-05
cockroach,dolphin,-9.937572479248047,-7.2479248046875e-05
cockroach,whale,-10.000066757202148,-6.67572021484375e-05
cockroach,elephant,-9.625091552734375,-9.1552734375e-05
cockroach,kangaroo,-9.875072479248047,-7.2479248046875e-05
cockroach,platypus,-10.000068664550781,-6.866455078125e-05
cockroach,crocodile,-9.750083923339844,-8.392333984375e-05
cockroach,alligator,-9.937572479248047,-7.2479248046875e-05
cockroach,lizard,-10.500043869018555,-4.38690185546875e-05
cockroach,iguana,-9.875072479248047,-7.2479248046875e-05
cockroach,rattlesnake,-10.000068664550781,-6.866455078125e-05
cockroach,tortoise,-9.937570571899414,-7.05718994140625e-05
cockroach,turtle,-10.000068664550781,-6.866455078125e-05
cockroach,frog,-10.250057220458984,-5.7220458984375e-05
cockroach,toad,-10.000066757202148,-6.67572021484375e-05
cockroach,budgie,-9.68758773803711,-8.7738037109375e-05
cockroach,parakeet,-10.00007438659668,-7.43865966796875e-05
cockroach,buzzard,-10.000070571899414,-7.05718994140625e-05
cockroach,falcon,-9.750085830688477,-8.58306884765625e-05
cockroach,hawk,-9.875078201293945,-7.82012939453125e-05
cockroach,eagle,-9.87507438659668,-7.43865966796875e-05
cockroach,owl,-9.687585830688477,-8.58306884765625e-05
cockroach,canary,-10.000064849853516,-6.4849853515625e-05
cockroach,magpie,-9.87507438659668,-7.43865966796875e-05
cockroach,raven,-9.625091552734375,-9.1552734375e-05
cockroach,nightingale,-9.625089645385742,-8.96453857421875e-05
cockroach,robin,-9.750082015991211,-8.20159912109375e-05
cockroach,starling,-9.62509536743164,-9.5367431640625e-05
cockroach,sparrow,-10.000066757202148,-6.67572021484375e-05
cockroach,wren,-9.687585830688477,-8.58306884765625e-05
cockroach,chicken,-10.000070571899414,-7.05718994140625e-05
cockroach,cockerel,-9.125152587890625,-0.000152587890625
cockroach,turkey,-9.562597274780273,-9.72747802734375e-05
cockroach,dove,-9.68758773803711,-8.7738037109375e-05
cockroach,pigeon,-9.937570571899414,-7.05718994140625e-05
cockroach,partridge,-9.500101089477539,-0.0001010894775390625
cockroach,peacock,-9.62509536743164,-9.5367431640625e-05
cockroach,crane,-9.375114440917969,-0.00011444091796875
cockroach,flamingo,-9.625091552734375,-9.1552734375e-05
cockroach,heron,-9.750085830688477,-8.58306884765625e-05
cockroach,duck,-10.062564849853516,-6.4849853515625e-05
cockroach,goose,-9.687585830688477,-8.58306884765625e-05
cockroach,pelican,-9.750083923339844,-8.392333984375e-05
cockroach,penguin,-9.812578201293945,-7.82012939453125e-05
cockroach,seagull,-9.93757438659668,-7.43865966796875e-05
cockroach,swan,-9.750082015991211,-8.20159912109375e-05
cockroach,hummingbird,-9.875076293945312,-7.62939453125e-05
cockroach,kingfisher,-9.62509536743164,-9.5367431640625e-05
cockroach,woodpecker,-9.687585830688477,-8.58306884765625e-05
cockroach,emu,-9.625093460083008,-9.34600830078125e-05
cockroach,ostrich,-9.812576293945312,-7.62939453125e-05
cockroach,carp,-9.625089645385742,-8.96453857421875e-05
cockroach,goldfish,-9.937568664550781,-6.866455078125e-05
cockroach,minnow,-9.875078201293945,-7.82012939453125e-05
cockroach,cod,-9.312614440917969,-0.00011444091796875
cockroach,herring,-9.750082015991211,-8.20159912109375e-05
cockroach,sardine,-9.812576293945312,-7.62939453125e-05
cockroach,salmon,-9.81257438659668,-7.43865966796875e-05
cockroach,trout,-9.812576293945312,-7.62939453125e-05
cockroach,eel,-10.12506103515625,-6.103515625e-05
cockroach,flounder,-9.687585830688477,-8.58306884765625e-05
cockroach,mackerel,-9.500102996826172,-0.000102996826171875
cockroach,tuna,-9.687583923339844,-8.392333984375e-05
cockroach,seahorse,-9.937572479248047,-7.2479248046875e-05
cockroach,shark,-9.87507438659668,-7.43865966796875e-05
cockroach,bee,-10.312551498413086,-5.14984130859375e-05
cockroach,hornet,-10.125062942504883,-6.29425048828125e-05
cockroach,wasp,-10.250057220458984,-5.7220458984375e-05
cockroach,ant,-10.37504768371582,-4.76837158203125e-05
cockroach,beetle,-9.187625885009766,-0.000125885009765625
cockroach,ladybird,-9.937570571899414,-7.05718994140625e-05
cockroach,butterfly,-10.312551498413086,-5.14984130859375e-05
cockroach,moth,-10.125059127807617,-5.91278076171875e-05
cockroach,cockroach,-0.00035858154296875,-8.562858581542969
cockroach,cricket,-8.87516975402832,-0.0001697540283203125
cockroach,grasshopper,-9.625085830688477,-8.58306884765625e-05
cockroach,locust,-9.937568664550781,-6.866455078125e-05
cockroach,dragonfly,-10.125059127807617,-5.91278076171875e-05
cockroach,flea,-10.437545776367188,-4.57763671875e-05
cockroach,housefly,-10.375049591064453,-4.9591064453125e-05
cockroach,mosquito,-10.250055313110352,-5.53131103515625e-05
cockroach,stick_insect,-10.125057220458984,-5.7220458984375e-05
cockroach,termite,-10.312549591064453,-4.9591064453125e-05
cockroach,centipede,-10.375049591064453,-4.9591064453125e-05
cockroach,millipede,-9.750078201293945,-7.82012939453125e-05
cockroach,scorpion,-10.187555313110352,-5.53131103515625e-05
cockroach,spider,-10.500043869018555,-4.38690185546875e-05
cockroach,tarantula,-10.000068664550781,-6.866455078125e-05
cockroach,crab,-9.937568664550781,-6.866455078125e-05
cockroach,crayfish,-9.87507438659668,-7.43865966796875e-05
cockroach,lobster,-7.250762939453125,-0.000762939453125
cockroach,prawn,-8.687700271606445,-0.0002002716064453125
cockroach,shrimp,-8.687705993652344,-0.00020599365234375
cockroach,slug,-10.06256103515625,-6.103515625e-05
cockroach,snail,-10.312551498413086,-5.14984130859375e-05
cockroach,clam,-9.812576293945312,-7.62939453125e-05
cockroach,mussel,-9.687589645385742,-8.96453857421875e-05
cockroach,scallop,-9.68758773803711,-8.7738037109375e-05
cockroach,oyster,-9.437606811523438,-0.0001068115234375
cockroach,squid,-10.06256103515625,-6.103515625e-05
cockroach,octopus,-9.87507438659668,-7.43865966796875e-05
cockroach,worm,-10.187553405761719,-5.340576171875e-05
cockroach,jellyfish,-10.12506103515625,-6.103515625e-05
cricket,animal,-8.58306884765625e-05,-10.437585830688477
cricket,vertebrate,-10.562545776367188,-4.57763671875e-05
cricket,invertebrate,-5.91278076171875e-05,-10.687559127807617
cricket,mammal,-10.375051498413086,-5.14984130859375e-05
cricket,bird,-9.500099182128906,-9.918212890625e-05
cricket,reptile,-10.12506103515625,-6.103515625e-05
cricket,amphibian,-10.125062942504883,-6.29425048828125e-05
cricket,fish,-10.125059127807617,-5.91278076171875e-05
cricket,arthropod,-5.14984130859375e-05,-11.250051498413086
cricket,insect,-5.340576171875e-05,-11.250053405761719
cricket,bird of prey,-9.812582015991211,-8.20159912109375e-05
cricket,aquatic bird,-9.25013542175293,-0.0001354217529296875
cricket,canine,-9.812580108642578,-8.0108642578125e-05
cricket,feline,-9.812578201293945,-7.82012939453125e-05
cricket,primate,-10.000068664550781,-6.866455078125e-05
cricket,aquatic mammal,-9.812589645385742,-8.96453857421875e-05
cricket,rodent,-10.312551498413086,-5.14984130859375e-05
cricket,bat,-6.938564300537109,-0.001064300537109375
cricket,bear,-9.625091552734375,-9.1552734375e-05
cricket,cat,-9.812578201293945,-7.82012939453125e-05
cricket,cheetah,-9.812580108642578,-8.0108642578125e-05
cricket,leopard,-9.187631607055664,-0.0001316070556640625
cricket,lion,-9.56259536743164,-9.5367431640625e-05
cricket,panther,-9.500106811523438,-0.0001068115234375
cricket,tiger,-9.187631607055664,-0.0001316070556640625
cricket,dog,-9.687589645385742,-8.96453857421875e-05
cricket,fox,-9.62509536743164,-9.5367431640625e-05
cricket,hyena,-9.812582015991211,-8.20159912109375e-05
cricket,wolf,-9.375114440917969,-0.00011444091796875
cricket,raccoon,-9.312618255615234,-0.000118255615234375
cricket,skunk,-9.375112533569336,-0.0001125335693359375
cricket,otter,-9.500101089477539,-0.0001010894775390625
cricket,beaver,-9.500101089477539,-0.0001010894775390625
cricket,chipmunk,-9.500101089477539,-0.0001010894775390625
cricket,squirrel,-9.812580108642578,-8.0108642578125e-05
cricket,gerbil,-9.625089645385742,-8.96453857421875e-05
cricket,guinea_pig,-9.562597274780273,-9.72747802734375e-05
cricket,hamster,-9.875072479248047,-7.2479248046875e-05
cricket,mouse,-9.81257438659668,-7.43865966796875e-05
cricket,porcupine,-9.375118255615234,-0.000118255615234375
cricket,rat,-9.750078201293945,-7.82012939453125e-05
cricket,buffalo,-9.250129699707031,-0.00012969970703125
cricket,cow,-9.437606811523438,-0.0001068115234375
cricket,ox,-9.062646865844727,-0.0001468658447265625
cricket,goat,-9.3126220703125,-0.0001220703125
cricket,sheep,-9.56259536743164,-9.5367431640625e-05
cricket,deer,-9.625089645385742,-8.96453857421875e-05
cricket,moose,-9.562597274780273,-9.72747802734375e-05
cricket,giraffe,-9.500102996826172,-0.000102996826171875
cricket,camel,-9.375112533569336,-0.0001125335693359375
cricket,hippo,-9.3126220703125,-0.0001220703125
cricket,llama,-9.500102996826172,-0.000102996826171875
cricket,pig,-9.62509536743164,-9.5367431640625e-05
cricket,donkey,-9.625093460083008,-9.34600830078125e-05
cricket,horse,-9.500102996826172,-0.000102996826171875
cricket,pony,-9.437606811523438,-0.0001068115234375
cricket,zebra,-9.500104904174805,-0.0001049041748046875
cricket,rhino,-9.562597274780273,-9.72747802734375e-05
cricket,gorilla,-9.500102996826172,-0.000102996826171875
cricket,monkey,-9.750083923339844,-8.392333984375e-05
cricket,hedgehog,-9.500102996826172,-0.000102996826171875
cricket,rabbit,-9.812578201293945,-7.82012939453125e-05
cricket,seal,-9.500102996826172,-0.000102996826171875
cricket,walrus,-9.437612533569336,-0.0001125335693359375
cricket,dolphin,-9.937572479248047,-7.2479248046875e-05
cricket,whale,-9.625093460083008,-9.34600830078125e-05
cricket,elephant,-9.500101089477539,-0.0001010894775390625
cricket,kangaroo,-9.312616348266602,-0.0001163482666015625
cricket,platypus,-9.62509536743164,-9.5367431640625e-05
cricket,crocodile,-9.687585830688477,-8.58306884765625e-05
cricket,alligator,-9.812582015991211,-8.20159912109375e-05
cricket,lizard,-10.062564849853516,-6.4849853515625e-05
cricket,iguana,-9.87507438659668,-7.43865966796875e-05
cricket,rattlesnake,-9.562599182128906,-9.918212890625e-05
cricket,tortoise,-9.375112533569336,-0.0001125335693359375
cricket,turtle,-9.812580108642578,-8.0108642578125e-05
cricket,frog,-10.000066757202148,-6.67572021484375e-05
cricket,toad,-9.812578201293945,-7.82012939453125e-05
cricket,budgie,-9.062644958496094,-0.00014495849609375
cricket,parakeet,-9.812580108642578,-8.0108642578125e-05
cricket,buzzard,-9.937570571899414,-7.05718994140625e-05
cricket,falcon,-9.750085830688477,-8.58306884765625e-05
cricket,hawk,-9.62509536743164,-9.5367431640625e-05
cricket,eagle,-9.812580108642578,-8.0108642578125e-05
cricket,owl,-9.500099182128906,-9.918212890625e-05
cricket,canary,-9.562591552734375,-9.1552734375e-05
cricket,magpie,-9.56259536743164,-9.5367431640625e-05
cricket,raven,-9.56259536743164,-9.5367431640625e-05
cricket,nightingale,-9.12513542175293,-0.0001354217529296875
cricket,robin,-9.312616348266602,-0.0001163482666015625
cricket,starling,-9.500101089477539,-0.0001010894775390625
cricket,sparrow,-9.687585830688477,-8.58306884765625e-05
cricket,wren,-8.937662124633789,-0.0001621246337890625
cricket,chicken,-9.125133514404297,-0.000133514404296875
cricket,cockerel,-8.62521743774414,-0.000217437744140625
cricket,turkey,-9.375112533569336,-0.0001125335693359375
cricket,dove,-9.375112533569336,-0.0001125335693359375
cricket,pigeon,-9.875072479248047,-7.2479248046875e-05
cricket,partridge,-8.562728881835938,-0.0002288818359375
cricket,peacock,-9.375114440917969,-0.00011444091796875
cricket,crane,-9.125139236450195,-0.0001392364501953125
cricket,flamingo,-9.500099182128906,-9.918212890625e-05
cricket,heron,-9.500106811523438,-0.0001068115234375
cricket,duck,-9.56259536743164,-9.5367431640625e-05
cricket,goose,-9.500099182128906,-9.918212890625e-05
cricket,pelican,-9.437610626220703,-0.000110626220703125
cricket,penguin,-9.56259536743164,-9.5367431640625e-05
cricket,seagull,-9.812580108642578,-8.0108642578125e-05
cricket,swan,-9.625091552734375,-9.1552734375e-05
cricket,hummingbird,-9.625093460083008,-9.34600830078125e-05
cricket,kingfisher,-9.500101089477539,-0.0001010894775390625
cricket,woodpecker,-9.500099182128906,-9.918212890625e-05
cricket,emu,-9.312618255615234,-0.000118255615234375
cricket,ostrich,-9.562593460083008,-9.34600830078125e-05
cricket,carp,-9.37510871887207,-0.0001087188720703125
cricket,goldfish,-9.750082015991211,-8.20159912109375e-05
cricket,minnow,-9.500102996826172,-0.000102996826171875
cricket,cod,-8.875165939331055,-0.0001659393310546875
cricket,herring,-9.500101089477539,-0.0001010894775390625
cricket,sardine,-9.625089645385742,-8.96453857421875e-05
cricket,salmon,-9.625089645385742,-8.96453857421875e-05
cricket,trout,-9.500097274780273,-9.72747802734375e-05
cricket,eel,-9.750082015991211,-8.20159912109375e-05
cricket,flounder,-9.500102996826172,-0.000102996826171875
cricket,mackerel,-9.312620162963867,-0.0001201629638671875
cricket,tuna,-9.500101089477539,-0.0001010894775390625
cricket,seahorse,-9.625093460083008,-9.34600830078125e-05
cricket,shark,-9.937572479248047,-7.2479248046875e-05
cricket,bee,-9.875070571899414,-7.05718994140625e-05
cricket,hornet,-9.87507438659668,-7.43865966796875e-05
cricket,wasp,-9.375114440917969,-0.00011444091796875
cricket,ant,-10.062559127807617,-5.91278076171875e-05
cricket,beetle,-9.187625885009766,-0.000125885009765625
cricket,ladybird,-9.062644958496094,-0.00014495849609375
cricket,butterfly,-10.06256103515625,-6.103515625e-05
cricket,moth,-6.189720153808594,-0.00222015380859375
cricket,cockroach,-7.188333511352539,-0.0008335113525390625
cricket,cricket,-0.0010929107666015625,-7.188592910766602
cricket,grasshopper,-1.807027816772461,-0.18202781677246094
cricket,locust,-6.00269889831543,-0.0026988983154296875
cricket,dragonfly,-10.000066757202148,-6.67572021484375e-05
cricket,flea,-9.437602996826172,-0.000102996826171875
cricket,housefly,-9.812576293945312,-7.62939453125e-05
cricket,mosquito,-9.812576293945312,-7.62939453125e-05
cricket,stick_insect,-7.125860214233398,-0.0008602142333984375
cricket,termite,-9.812576293945312,-7.62939453125e-05
cricket,centipede,-9.87507438659668,-7.43865966796875e-05
cricket,millipede,-9.187631607055664,-0.0001316070556640625
cricket,scorpion,-10.000066757202148,-6.67572021484375e-05
cricket,spider,-10.062562942504883,-6.29425048828125e-05
cricket,tarantula,-9.750085830688477,-8.58306884765625e-05
cricket,crab,-9.375112533569336,-0.0001125335693359375
cricket,crayfish,-9.250127792358398,-0.0001277923583984375
cricket,lobster,-8.187820434570312,-0.0003204345703125
cricket,prawn,-6.626415252685547,-0.001415252685546875
cricket,shrimp,-6.688854217529297,-0.001354217529296875
cricket,slug,-9.875072479248047,-7.2479248046875e-05
cricket,snail,-10.000064849853516,-6.4849853515625e-05
cricket,clam,-9.437606811523438,-0.0001068115234375
cricket,mussel,-9.437606811523438,-0.0001068115234375
cricket,scallop,-9.125141143798828,-0.000141143798828125
cricket,oyster,-9.187633514404297,-0.000133514404296875
cricket,squid,-9.937570571899414,-7.05718994140625e-05
cricket,octopus,-9.750083923339844,-8.392333984375e-05
cricket,worm,-9.50009536743164,-9.5367431640625e-05
cricket,jellyfish,-9.93757438659668,-7.43865966796875e-05
grasshopper,animal,-6.103515625e-05,-11.31256103515625
grasshopper,vertebrate,-10.87503433227539,-3.4332275390625e-05
grasshopper,invertebrate,-6.29425048828125e-05,-10.625062942504883
grasshopper,mammal,-10.687538146972656,-3.814697265625e-05
grasshopper,bird,-10.625038146972656,-3.814697265625e-05
grasshopper,reptile,-10.750038146972656,-3.814697265625e-05
grasshopper,amphibian,-10.625043869018555,-4.38690185546875e-05
grasshopper,fish,-10.562540054321289,-4.00543212890625e-05
grasshopper,arthropod,-4.76837158203125e-05,-11.37504768371582
grasshopper,insect,-4.38690185546875e-05,-11.687543869018555
grasshopper,bird of prey,-10.125062942504883,-6.29425048828125e-05
grasshopper,aquatic bird,-10.125066757202148,-6.67572021484375e-05
grasshopper,canine,-10.12506103515625,-6.103515625e-05
grasshopper,feline,-10.250051498413086,-5.14984130859375e-05
grasshopper,primate,-10.375049591064453,-4.9591064453125e-05
grasshopper,aquatic mammal,-10.250062942504883,-6.29425048828125e-05
grasshopper,rodent,-10.625040054321289,-4.00543212890625e-05
grasshopper,bat,-10.312553405761719,-5.340576171875e-05
grasshopper,bear,-10.250053405761719,-5.340576171875e-05
grasshopper,cat,-10.187557220458984,-5.7220458984375e-05
grasshopper,cheetah,-10.125062942504883,-6.29425048828125e-05
grasshopper,leopard,-9.750082015991211,-8.20159912109375e-05
grasshopper,lion,-9.937568664550781,-6.866455078125e-05
grasshopper,panther,-10.062562942504883,-6.29425048828125e-05
grasshopper,tiger,-9.562593460083008,-9.34600830078125e-05
grasshopper,dog,-10.250055313110352,-5.53131103515625e-05
grasshopper,fox,-10.12506103515625,-6.103515625e-05
grasshopper,hyena,-10.250057220458984,-5.7220458984375e-05
grasshopper,wolf,-9.812578201293945,-7.82012939453125e-05
grasshopper,raccoon,-10.062562942504883,-6.29425048828125e-05
grasshopper,skunk,-10.062562942504883,-6.29425048828125e-05
grasshopper,otter,-10.12506103515625,-6.103515625e-05
grasshopper,beaver,-10.062562942504883,-6.29425048828125e-05
grasshopper,chipmunk,-10.12506103515625,-6.103515625e-05
grasshopper,squirrel,-10.37504768371582,-4.76837158203125e-05
grasshopper,gerbil,-10.062562942504883,-6.29425048828125e-05
grasshopper,guinea_pig,-9.93757438659668,-7.43865966796875e-05
grasshopper,hamster,-10.187553405761719,-5.340576171875e-05
grasshopper,mouse,-10.31254768371582,-4.76837158203125e-05
grasshopper,porcupine,-9.750083923339844,-8.392333984375e-05
grasshopper,rat,-10.312549591064453,-4.9591064453125e-05
grasshopper,buffalo,-9.937572479248047,-7.2479248046875e-05
grasshopper,cow,-9.937570571899414,-7.05718994140625e-05
grasshopper,ox,-9.62508773803711,-8.7738037109375e-05
grasshopper,goat,-9.875076293945312,-7.62939453125e-05
grasshopper,sheep,-10.12506103515625,-6.103515625e-05
grasshopper,deer,-9.937570571899414,-7.05718994140625e-05
grasshopper,moose,-9.937570571899414,-7.05718994140625e-05
grasshopper,giraffe,-9.87507438659668,-7.43865966796875e-05
grasshopper,camel,-9.937570571899414,-7.05718994140625e-05
grasshopper,hippo,-9.687585830688477,-8.58306884765625e-05
grasshopper,llama,-10.000064849853516,-6.4849853515625e-05
grasshopper,pig,-10.125062942504883,-6.29425048828125e-05
grasshopper,donkey,-10.062566757202148,-6.67572021484375e-05
grasshopper,horse,-9.937570571899414,-7.05718994140625e-05
grasshopper,pony,-10.062562942504883,-6.29425048828125e-05
grasshopper,zebra,-10.000068664550781,-6.866455078125e-05
grasshopper,rhino,-10.062564849853516,-6.4849853515625e-05
grasshopper,gorilla,-9.937570571899414,-7.05718994140625e-05
grasshopper,monkey,-10.187557220458984,-5.7220458984375e-05
grasshopper,hedgehog,-10.12506103515625,-6.103515625e-05
grasshopper,rabbit,-10.187555313110352,-5.53131103515625e-05
grasshopper,seal,-10.12506103515625,-6.103515625e-05
grasshopper,walrus,-10.062564849853516,-6.4849853515625e-05
grasshopper,dolphin,-10.187557220458984,-5.7220458984375e-05
grasshopper,whale,-10.187559127807617,-5.91278076171875e-05
grasshopper,elephant,-10.06256103515625,-6.103515625e-05
grasshopper,kangaroo,-9.750078201293945,-7.82012939453125e-05
grasshopper,platypus,-10.125062942504883,-6.29425048828125e-05
grasshopper,crocodile,-10.250051498413086,-5.14984130859375e-05
grasshopper,alligator,-10.12506103515625,-6.103515625e-05
grasshopper,lizard,-10.81253433227539,-3.4332275390625e-05
grasshopper,iguana,-10.06256103515625,-6.103515625e-05
grasshopper,rattlesnake,-10.187557220458984,-5.7220458984375e-05
grasshopper,tortoise,-10.12506103515625,-6.103515625e-05
grasshopper,turtle,-10.250055313110352,-5.53131103515625e-05
grasshopper,frog,-10.625040054321289,-4.00543212890625e-05
grasshopper,toad,-10.250053405761719,-5.340576171875e-05
grasshopper,budgie,-10.000066757202148,-6.67572021484375e-05
grasshopper,parakeet,-10.375053405761719,-5.340576171875e-05
grasshopper,buzzard,-10.312553405761719,-5.340576171875e-05
grasshopper,falcon,-10.187557220458984,-5.7220458984375e-05
grasshopper,hawk,-10.12506103515625,-6.103515625e-05
grasshopper,eagle,-10.312551498413086,-5.14984130859375e-05
grasshopper,owl,-10.125059127807617,-5.91278076171875e-05
grasshopper,canary,-9.937570571899414,-7.05718994140625e-05
grasshopper,magpie,-10.250053405761719,-5.340576171875e-05
grasshopper,raven,-10.062564849853516,-6.4849853515625e-05
grasshopper,nightingale,-9.937566757202148,-6.67572021484375e-05
grasshopper,robin,-10.000066757202148,-6.67572021484375e-05
grasshopper,starling,-10.000068664550781,-6.866455078125e-05
grasshopper,sparrow,-10.250053405761719,-5.340576171875e-05
grasshopper,wren,-10.250053405761719,-5.340576171875e-05
grasshopper,chicken,-10.250051498413086,-5.14984130859375e-05
grasshopper,cockerel,-9.937570571899414,-7.05718994140625e-05
grasshopper,turkey,-9.875070571899414,-7.05718994140625e-05
grasshopper,dove,-10.125059127807617,-5.91278076171875e-05
grasshopper,pigeon,-10.250053405761719,-5.340576171875e-05
grasshopper,partridge,-9.625089645385742,-8.96453857421875e-05
grasshopper,peacock,-9.750082015991211,-8.20159912109375e-05
grasshopper,crane,-9.12513542175293,-0.0001354217529296875
grasshopper,flamingo,-10.000064849853516,-6.4849853515625e-05
grasshopper,heron,-10.125062942504883,-6.29425048828125e-05
grasshopper,duck,-10.375049591064453,-4.9591064453125e-05
grasshopper,goose,-10.000066757202148,-6.67572021484375e-05
grasshopper,pelican,-10.062564849853516,-6.4849853515625e-05
grasshopper,penguin,-10.062562942504883,-6.29425048828125e-05
grasshopper,seagull,-10.250055313110352,-5.53131103515625e-05
grasshopper,swan,-10.12506103515625,-6.103515625e-05
grasshopper,hummingbird,-10.062562942504883,-6.29425048828125e-05
grasshopper,kingfisher,-10.000068664550781,-6.866455078125e-05
grasshopper,woodpecker,-10.187555313110352,-5.53131103515625e-05
grasshopper,emu,-9.937570571899414,-7.05718994140625e-05
grasshopper,ostrich,-10.06256103515625,-6.103515625e-05
grasshopper,carp,-9.937570571899414,-7.05718994140625e-05
grasshopper,goldfish,-10.000064849853516,-6.4849853515625e-05
grasshopper,minnow,-10.250059127807617,-5.91278076171875e-05
grasshopper,cod,-9.500097274780273,-9.72747802734375e-05
grasshopper,herring,-10.000068664550781,-6.866455078125e-05
grasshopper,sardine,-10.125059127807617,-5.91278076171875e-05
grasshopper,salmon,-10.125057220458984,-5.7220458984375e-05
grasshopper,trout,-10.06256103515625,-6.103515625e-05
grasshopper,eel,-10.37504768371582,-4.76837158203125e-05
grasshopper,flounder,-10.000064849853516,-6.4849853515625e-05
grasshopper,mackerel,-10.000066757202148,-6.67572021484375e-05
grasshopper,tuna,-10.062562942504883,-6.29425048828125e-05
grasshopper,seahorse,-10.12506103515625,-6.103515625e-05
grasshopper,shark,-10.250053405761719,-5.340576171875e-05
grasshopper,bee,-10.625038146972656,-3.814697265625e-05
grasshopper,hornet,-10.37504768371582,-4.76837158203125e-05
grasshopper,wasp,-10.37504768371582,-4.76837158203125e-05
grasshopper,ant,-10.437543869018555,-4.38690185546875e-05
grasshopper,beetle,-11.06252670288086,-2.6702880859375e-05
grasshopper,ladybird,-10.250051498413086,-5.14984130859375e-05
grasshopper,butterfly,-10.562540054321289,-4.00543212890625e-05
grasshopper,moth,-10.437543869018555,-4.38690185546875e-05
grasshopper,cockroach,-9.312612533569336,-0.0001125335693359375
grasshopper,cricket,-6.314489364624023,-0.0019893646240234375
grasshopper,grasshopper,-0.0004177093505859375,-8.312917709350586
grasshopper,locust,-3.777587890625,-0.027587890625
grasshopper,dragonfly,-10.37504768371582,-4.76837158203125e-05
grasshopper,flea,-10.375045776367188,-4.57763671875e-05
grasshopper,housefly,-10.375045776367188,-4.57763671875e-05
grasshopper,mosquito,-10.312549591064453,-4.9591064453125e-05
grasshopper,stick_insect,-10.062557220458984,-5.7220458984375e-05
grasshopper,termite,-10.31254768371582,-4.76837158203125e-05
grasshopper,centipede,-10.437549591064453,-4.9591064453125e-05
grasshopper,millipede,-10.250053405761719,-5.340576171875e-05
grasshopper,scorpion,-10.500043869018555,-4.38690185546875e-05
grasshopper,spider,-10.81253433227539,-3.4332275390625e-05
grasshopper,tarantula,-10.250053405761719,-5.340576171875e-05
grasshopper,crab,-10.250053405761719,-5.340576171875e-05
grasshopper,crayfish,-10.187555313110352,-5.53131103515625e-05
grasshopper,lobster,-9.50009536743164,-9.5367431640625e-05
grasshopper,prawn,-9.687582015991211,-8.20159912109375e-05
grasshopper,shrimp,-9.187627792358398,-0.0001277923583984375
grasshopper,slug,-10.312549591064453,-4.9591064453125e-05
grasshopper,snail,-10.437545776367188,-4.57763671875e-05
grasshopper,clam,-10.12506103515625,-6.103515625e-05
grasshopper,mussel,-10.062564849853516,-6.4849853515625e-05
grasshopper,scallop,-9.937572479248047,-7.2479248046875e-05
grasshopper,oyster,-9.875072479248047,-7.2479248046875e-05
grasshopper,squid,-10.250051498413086,-5.14984130859375e-05
grasshopper,octopus,-10.125059127807617,-5.91278076171875e-05
grasshopper,worm,-10.500041961669922,-4.1961669921875e-05
grasshopper,jellyfish,-10.375051498413086,-5.14984130859375e-05
locust,animal,-0.00011444091796875,-10.000114440917969
locust,vertebrate,-10.687541961669922,-4.1961669921875e-05
locust,invertebrate,-9.918212890625e-05,-9.937599182128906
locust,mammal,-10.500045776367188,-4.57763671875e-05
locust,bird,-10.125059127807617,-5.91278076171875e-05
locust,reptile,-10.50004768371582,-4.76837158203125e-05
locust,amphibian,-10.375053405761719,-5.340576171875e-05
locust,fish,-10.250053405761719,-5.340576171875e-05
locust,arthropod,-6.866455078125e-05,-10.750068664550781
locust,insect,-5.7220458984375e-05,-11.125057220458984
locust,bird of prey,-10.125062942504883,-6.29425048828125e-05
locust,aquatic bird,-9.687593460083008,-9.34600830078125e-05
locust,canine,-9.875076293945312,-7.62939453125e-05
locust,feline,-9.87507438659668,-7.43865966796875e-05
locust,primate,-10.125062942504883,-6.29425048828125e-05
locust,aquatic mammal,-10.000078201293945,-7.82012939453125e-05
locust,rodent,-10.437545776367188,-4.57763671875e-05
locust,bat,-9.87507438659668,-7.43865966796875e-05
locust,bear,-9.875076293945312,-7.62939453125e-05
locust,cat,-9.87507438659668,-7.43865966796875e-05
locust,cheetah,-10.000066757202148,-6.67572021484375e-05
locust,leopard,-9.43760871887207,-0.0001087188720703125
locust,lion,-9.562597274780273,-9.72747802734375e-05
locust,panther,-9.750085830688477,-8.58306884765625e-05
locust,tiger,-9.06264877319336,-0.000148773193359375
locust,dog,-9.87507438659668,-7.43865966796875e-05
locust,fox,-9.812580108642578,-8.0108642578125e-05
locust,hyena,-9.875078201293945,-7.82012939453125e-05
locust,wolf,-9.687589645385742,-8.96453857421875e-05
locust,raccoon,-9.625091552734375,-9.1552734375e-05
locust,skunk,-9.500102996826172,-0.000102996826171875
locust,otter,-9.750082015991211,-8.20159912109375e-05
locust,beaver,-9.937570571899414,-7.05718994140625e-05
locust,chipmunk,-9.812578201293945,-7.82012939453125e-05
locust,squirrel,-10.000066757202148,-6.67572021484375e-05
locust,gerbil,-9.81257438659668,-7.43865966796875e-05
locust,guinea_pig,-9.750082015991211,-8.20159912109375e-05
locust,hamster,-9.937568664550781,-6.866455078125e-05
locust,mouse,-9.875072479248047,-7.2479248046875e-05
locust,porcupine,-9.62509536743164,-9.5367431640625e-05
locust,rat,-10.000064849853516,-6.4849853515625e-05
locust,buffalo,-9.625093460083008,-9.34600830078125e-05
locust,cow,-9.87507438659668,-7.43865966796875e-05
locust,ox,-9.500101089477539,-0.0001010894775390625
locust,goat,-9.625091552734375,-9.1552734375e-05
locust,sheep,-9.812578201293945,-7.82012939453125e-05
locust,deer,-9.937570571899414,-7.05718994140625e-05
locust,moose,-9.750083923339844,-8.392333984375e-05
locust,giraffe,-9.500101089477539,-0.0001010894775390625
locust,camel,-9.500101089477539,-0.0001010894775390625
locust,hippo,-9.500104904174805,-0.0001049041748046875
locust,llama,-9.562593460083008,-9.34600830078125e-05
locust,pig,-9.812582015991211,-8.20159912109375e-05
locust,donkey,-9.562597274780273,-9.72747802734375e-05
locust,horse,-9.375116348266602,-0.0001163482666015625
locust,pony,-9.37510871887207,-0.0001087188720703125
locust,zebra,-9.312620162963867,-0.0001201629638671875
locust,rhino,-9.750083923339844,-8.392333984375e-05
locust,gorilla,-9.500101089477539,-0.0001010894775390625
locust,monkey,-9.875076293945312,-7.62939453125e-05
locust,hedgehog,-9.812582015991211,-8.20159912109375e-05
locust,rabbit,-9.875072479248047,-7.2479248046875e-05
locust,seal,-9.750083923339844,-8.392333984375e-05
locust,walrus,-9.500104904174805,-0.0001049041748046875
locust,dolphin,-9.937572479248047,-7.2479248046875e-05
locust,whale,-9.875078201293945,-7.82012939453125e-05
locust,elephant,-9.562593460083008,-9.34600830078125e-05
locust,kangaroo,-9.62508773803711,-8.7738037109375e-05
locust,platypus,-9.937572479248047,-7.2479248046875e-05
locust,crocodile,-9.937570571899414,-7.05718994140625e-05
locust,alligator,-9.937572479248047,-7.2479248046875e-05
locust,lizard,-10.187559127807617,-5.91278076171875e-05
locust,iguana,-9.750080108642578,-8.0108642578125e-05
locust,rattlesnake,-9.937572479248047,-7.2479248046875e-05
locust,tortoise,-9.937568664550781,-6.866455078125e-05
locust,turtle,-10.062562942504883,-6.29425048828125e-05
locust,frog,-10.250053405761719,-5.340576171875e-05
locust,toad,-9.812578201293945,-7.82012939453125e-05
locust,budgie,-9.187627792358398,-0.0001277923583984375
locust,parakeet,-9.812582015991211,-8.20159912109375e-05
locust,buzzard,-9.937572479248047,-7.2479248046875e-05
locust,falcon,-10.000066757202148,-6.67572021484375e-05
locust,hawk,-9.937572479248047,-7.2479248046875e-05
locust,eagle,-9.937570571899414,-7.05718994140625e-05
locust,owl,-9.812578201293945,-7.82012939453125e-05
locust,canary,-9.562591552734375,-9.1552734375e-05
locust,magpie,-9.625091552734375,-9.1552734375e-05
locust,raven,-9.750082015991211,-8.20159912109375e-05
locust,nightingale,-9.375106811523438,-0.0001068115234375
locust,robin,-9.687585830688477,-8.58306884765625e-05
locust,starling,-9.375112533569336,-0.0001125335693359375
locust,sparrow,-9.812576293945312,-7.62939453125e-05
locust,wren,-9.562591552734375,-9.1552734375e-05
locust,chicken,-9.812576293945312,-7.62939453125e-05
locust,cockerel,-9.250125885009766,-0.000125885009765625
locust,turkey,-9.437604904174805,-0.0001049041748046875
locust,dove,-9.750080108642578,-8.0108642578125e-05
locust,pigeon,-9.937566757202148,-6.67572021484375e-05
locust,partridge,-9.000154495239258,-0.0001544952392578125
locust,peacock,-9.437606811523438,-0.0001068115234375
locust,crane,-8.81268310546875,-0.00018310546875
locust,flamingo,-9.562593460083008,-9.34600830078125e-05
locust,heron,-9.812582015991211,-8.20159912109375e-05
locust,duck,-10.000066757202148,-6.67572021484375e-05
locust,goose,-9.500097274780273,-9.72747802734375e-05
locust,pelican,-9.625089645385742,-8.96453857421875e-05
locust,penguin,-9.687585830688477,-8.58306884765625e-05
locust,seagull,-10.000066757202148,-6.67572021484375e-05
locust,swan,-9.812580108642578,-8.0108642578125e-05
locust,hummingbird,-9.812576293945312,-7.62939453125e-05
locust,kingfisher,-9.500101089477539,-0.0001010894775390625
locust,woodpecker,-9.62508773803711,-8.7738037109375e-05
locust,emu,-9.437606811523438,-0.0001068115234375
locust,ostrich,-9.62508773803711,-8.7738037109375e-05
locust,carp,-9.500101089477539,-0.0001010894775390625
locust,goldfish,-9.562593460083008,-9.34600830078125e-05
locust,minnow,-9.62509536743164,-9.5367431640625e-05
locust,cod,-9.12513542175293,-0.0001354217529296875
locust,herring,-9.500102996826172,-0.000102996826171875
locust,sardine,-9.687585830688477,-8.58306884765625e-05
locust,salmon,-9.87507438659668,-7.43865966796875e-05
locust,trout,-9.62508773803711,-8.7738037109375e-05
locust,eel,-10.000064849853516,-6.4849853515625e-05
locust,flounder,-9.625091552734375,-9.1552734375e-05
locust,mackerel,-9.375112533569336,-0.0001125335693359375
locust,tuna,-9.500099182128906,-9.918212890625e-05
locust,seahorse,-9.87507438659668,-7.43865966796875e-05
locust,shark,-9.875076293945312,-7.62939453125e-05
locust,bee,-10.187553405761719,-5.340576171875e-05
locust,hornet,-9.87507438659668,-7.43865966796875e-05
locust,wasp,-9.250125885009766,-0.000125885009765625
locust,ant,-10.00006103515625,-6.103515625e-05
locust,beetle,-9.12513542175293,-0.0001354217529296875
locust,ladybird,-9.875072479248047,-7.2479248046875e-05
locust,butterfly,-10.06256103515625,-6.103515625e-05
locust,moth,-7.875425338745117,-0.0004253387451171875
locust,cockroach,-5.628747940063477,-0.0037479400634765625
locust,cricket,-0.016851425170898438,-4.141851425170898
locust,grasshopper,-0.00016021728515625,-9.500160217285156
locust,locust,-0.00072479248046875,-7.750724792480469
locust,dragonfly,-9.62508773803711,-8.7738037109375e-05
locust,flea,-9.812576293945312,-7.62939453125e-05
locust,housefly,-9.687582015991211,-8.20159912109375e-05
locust,mosquito,-9.812578201293945,-7.82012939453125e-05
locust,stick_insect,-7.438133239746094,-0.00063323974609375
locust,termite,-9.875070571899414,-7.05718994140625e-05
locust,centipede,-9.812580108642578,-8.0108642578125e-05
locust,millipede,-9.250123977661133,-0.0001239776611328125
locust,scorpion,-10.187557220458984,-5.7220458984375e-05
locust,spider,-10.12506103515625,-6.103515625e-05
locust,tarantula,-9.68758773803711,-8.7738037109375e-05
locust,crab,-10.000066757202148,-6.67572021484375e-05
locust,crayfish,-9.812580108642578,-8.0108642578125e-05
locust,lobster,-9.062644958496094,-0.00014495849609375
locust,prawn,-8.875171661376953,-0.000171661376953125
locust,shrimp,-8.56273078918457,-0.0002307891845703125
locust,slug,-10.000064849853516,-6.4849853515625e-05
locust,snail,-10.312551498413086,-5.14984130859375e-05
locust,clam,-9.750085830688477,-8.58306884765625e-05
locust,mussel,-9.62509536743164,-9.5367431640625e-05
locust,scallop,-9.375116348266602,-0.0001163482666015625
locust,oyster,-9.56259536743164,-9.5367431640625e-05
locust,squid,-9.937568664550781,-6.866455078125e-05
locust,octopus,-9.68758773803711,-8.7738037109375e-05
locust,worm,-9.625085830688477,-8.58306884765625e-05
locust,jellyfish,-10.000068664550781,-6.866455078125e-05
dragonfly,animal,-6.866455078125e-05,-11.250068664550781
dragonfly,vertebrate,-10.625041961669922,-4.1961669921875e-05
dragonfly,invertebrate,-0.0001087188720703125,-9.75010871887207
dragonfly,mammal,-10.562541961669922,-4.1961669921875e-05
dragonfly,bird,-10.562540054321289,-4.00543212890625e-05
dragonfly,reptile,-10.625040054321289,-4.00543212890625e-05
dragonfly,amphibian,-10.250055313110352,-5.53131103515625e-05
dragonfly,fish,-10.312549591064453,-4.9591064453125e-05
dragonfly,arthropod,-4.76837158203125e-05,-11.50004768371582
dragonfly,insect,-4.76837158203125e-05,-11.62504768371582
dragonfly,bird of prey,-10.000066757202148,-6.67572021484375e-05
dragonfly,aquatic bird,-9.937572479248047,-7.2479248046875e-05
dragonfly,canine,-10.000068664550781,-6.866455078125e-05
dragonfly,feline,-10.125059127807617,-5.91278076171875e-05
dragonfly,primate,-10.250057220458984,-5.7220458984375e-05
dragonfly,aquatic mammal,-10.062568664550781,-6.866455078125e-05
dragonfly,rodent,-10.375049591064453,-4.9591064453125e-05
dragonfly,bat,-10.187557220458984,-5.7220458984375e-05
dragonfly,bear,-9.937570571899414,-7.05718994140625e-05
dragonfly,cat,-10.000066757202148,-6.67572021484375e-05
dragonfly,cheetah,-10.125062942504883,-6.29425048828125e-05
dragonfly,leopard,-9.62509536743164,-9.5367431640625e-05
dragonfly,lion,-9.750082015991211,-8.20159912109375e-05
dragonfly,panther,-9.750085830688477,-8.58306884765625e-05
dragonfly,tiger,-9.187633514404297,-0.000133514404296875
dragonfly,dog,-10.000070571899414,-7.05718994140625e-05
dragonfly,fox,-9.87507438659668,-7.43865966796875e-05
dragonfly,hyena,-10.062568664550781,-6.866455078125e-05
dragonfly,wolf,-9.500099182128906,-9.918212890625e-05
dragonfly,raccoon,-9.750082015991211,-8.20159912109375e-05
dragonfly,skunk,-9.812580108642578,-8.0108642578125e-05
dragonfly,otter,-9.875072479248047,-7.2479248046875e-05
dragonfly,beaver,-10.06256103515625,-6.103515625e-05
dragonfly,chipmunk,-10.12506103515625,-6.103515625e-05
dragonfly,squirrel,-10.12506103515625,-6.103515625e-05
dragonfly,gerbil,-9.93757438659668,-7.43865966796875e-05
dragonfly,guinea_pig,-9.875076293945312,-7.62939453125e-05
dragonfly,hamster,-10.125059127807617,-5.91278076171875e-05
dragonfly,mouse,-10.06256103515625,-6.103515625e-05
dragonfly,porcupine,-9.812583923339844,-8.392333984375e-05
dragonfly,rat,-10.062566757202148,-6.67572021484375e-05
dragonfly,buffalo,-9.875080108642578,-8.0108642578125e-05
dragonfly,cow,-9.62509536743164,-9.5367431640625e-05
dragonfly,ox,-9.312618255615234,-0.000118255615234375
dragonfly,goat,-9.937572479248047,-7.2479248046875e-05
dragonfly,sheep,-10.062564849853516,-6.4849853515625e-05
dragonfly,deer,-9.875076293945312,-7.62939453125e-05
dragonfly,moose,-9.87507438659668,-7.43865966796875e-05
dragonfly,giraffe,-9.875078201293945,-7.82012939453125e-05
dragonfly,camel,-9.750085830688477,-8.58306884765625e-05
dragonfly,hippo,-9.62509536743164,-9.5367431640625e-05
dragonfly,llama,-9.87507438659668,-7.43865966796875e-05
dragonfly,pig,-10.000070571899414,-7.05718994140625e-05
dragonfly,donkey,-9.937576293945312,-7.62939453125e-05
dragonfly,horse,-9.937572479248047,-7.2479248046875e-05
dragonfly,pony,-9.875076293945312,-7.62939453125e-05
dragonfly,zebra,-9.875078201293945,-7.82012939453125e-05
dragonfly,rhino,-9.937576293945312,-7.62939453125e-05
dragonfly,gorilla,-9.87507438659668,-7.43865966796875e-05
dragonfly,monkey,-10.062564849853516,-6.4849853515625e-05
dragonfly,hedgehog,-10.062566757202148,-6.67572021484375e-05
dragonfly,rabbit,-10.062562942504883,-6.29425048828125e-05
dragonfly,seal,-10.000068664550781,-6.866455078125e-05
dragonfly,walrus,-9.875078201293945,-7.82012939453125e-05
dragonfly,dolphin,-10.12506103515625,-6.103515625e-05
dragonfly,whale,-10.125059127807617,-5.91278076171875e-05
dragonfly,elephant,-10.000066757202148,-6.67572021484375e-05
dragonfly,kangaroo,-10.062562942504883,-6.29425048828125e-05
dragonfly,platypus,-10.062566757202148,-6.67572021484375e-05
dragonfly,crocodile,-9.875072479248047,-7.2479248046875e-05
dragonfly,alligator,-10.000066757202148,-6.67572021484375e-05
dragonfly,lizard,-10.562541961669922,-4.1961669921875e-05
dragonfly,iguana,-10.125059127807617,-5.91278076171875e-05
dragonfly,rattlesnake,-10.000070571899414,-7.05718994140625e-05
dragonfly,tortoise,-10.12506103515625,-6.103515625e-05
dragonfly,turtle,-10.000066757202148,-6.67572021484375e-05
dragonfly,frog,-10.43754768371582,-4.76837158203125e-05
dragonfly,toad,-10.12506103515625,-6.103515625e-05
dragonfly,budgie,-9.937570571899414,-7.05718994140625e-05
dragonfly,parakeet,-10.25006103515625,-6.103515625e-05
dragonfly,buzzard,-10.250055313110352,-5.53131103515625e-05
dragonfly,falcon,-10.187555313110352,-5.53131103515625e-05
dragonfly,hawk,-9.500097274780273,-9.72747802734375e-05
dragonfly,eagle,-10.125057220458984,-5.7220458984375e-05
dragonfly,owl,-10.000064849853516,-6.4849853515625e-05
dragonfly,canary,-10.000064849853516,-6.4849853515625e-05
dragonfly,magpie,-10.000064849853516,-6.4849853515625e-05
dragonfly,raven,-10.000068664550781,-6.866455078125e-05
dragonfly,nightingale,-9.937568664550781,-6.866455078125e-05
dragonfly,robin,-10.06256103515625,-6.103515625e-05
dragonfly,starling,-9.937570571899414,-7.05718994140625e-05
dragonfly,sparrow,-10.187557220458984,-5.7220458984375e-05
dragonfly,wren,-10.000064849853516,-6.4849853515625e-05
dragonfly,chicken,-10.000066757202148,-6.67572021484375e-05
dragonfly,cockerel,-9.562601089477539,-0.0001010894775390625
dragonfly,turkey,-9.750080108642578,-8.0108642578125e-05
dragonfly,dove,-10.000064849853516,-6.4849853515625e-05
dragonfly,pigeon,-10.187555313110352,-5.53131103515625e-05
dragonfly,partridge,-9.937572479248047,-7.2479248046875e-05
dragonfly,peacock,-9.375112533569336,-0.0001125335693359375
dragonfly,crane,-9.812576293945312,-7.62939453125e-05
dragonfly,flamingo,-9.937568664550781,-6.866455078125e-05
dragonfly,heron,-10.062562942504883,-6.29425048828125e-05
dragonfly,duck,-10.250053405761719,-5.340576171875e-05
dragonfly,goose,-10.06256103515625,-6.103515625e-05
dragonfly,pelican,-10.000064849853516,-6.4849853515625e-05
dragonfly,penguin,-10.062564849853516,-6.4849853515625e-05
dragonfly,seagull,-10.187557220458984,-5.7220458984375e-05
dragonfly,swan,-10.125059127807617,-5.91278076171875e-05
dragonfly,hummingbird,-10.125055313110352,-5.53131103515625e-05
dragonfly,kingfisher,-10.125055313110352,-5.53131103515625e-05
dragonfly,woodpecker,-10.125057220458984,-5.7220458984375e-05
dragonfly,emu,-9.937572479248047,-7.2479248046875e-05
dragonfly,ostrich,-9.875070571899414,-7.05718994140625e-05
dragonfly,carp,-9.875072479248047,-7.2479248046875e-05
dragonfly,goldfish,-10.000066757202148,-6.67572021484375e-05
dragonfly,minnow,-10.062566757202148,-6.67572021484375e-05
dragonfly,cod,-9.625085830688477,-8.58306884765625e-05
dragonfly,herring,-9.500102996826172,-0.000102996826171875
dragonfly,sardine,-10.000068664550781,-6.866455078125e-05
dragonfly,salmon,-9.750078201293945,-7.82012939453125e-05
dragonfly,trout,-9.750078201293945,-7.82012939453125e-05
dragonfly,eel,-10.125059127807617,-5.91278076171875e-05
dragonfly,flounder,-10.06256103515625,-6.103515625e-05
dragonfly,mackerel,-9.43760871887207,-0.0001087188720703125
dragonfly,tuna,-9.812576293945312,-7.62939453125e-05
dragonfly,seahorse,-10.062564849853516,-6.4849853515625e-05
dragonfly,shark,-10.12506103515625,-6.103515625e-05
dragonfly,bee,-10.500041961669922,-4.1961669921875e-05
dragonfly,hornet,-10.000062942504883,-6.29425048828125e-05
dragonfly,wasp,-9.62508773803711,-8.7738037109375e-05
dragonfly,ant,-10.250053405761719,-5.340576171875e-05
dragonfly,beetle,-10.75003433227539,-3.4332275390625e-05
dragonfly,ladybird,-10.062559127807617,-5.91278076171875e-05
dragonfly,butterfly,-10.187553405761719,-5.340576171875e-05
dragonfly,moth,-10.312549591064453,-4.9591064453125e-05
dragonfly,cockroach,-9.937568664550781,-6.866455078125e-05
dragonfly,cricket,-10.250051498413086,-5.14984130859375e-05
dragonfly,grasshopper,-9.750078201293945,-7.82012939453125e-05
dragonfly,locust,-10.000062942504883,-6.29425048828125e-05
dragonfly,dragonfly,-0.00058746337890625,-8.000587463378906
dragonfly,flea,-10.312549591064453,-4.9591064453125e-05
dragonfly,housefly,-10.062559127807617,-5.91278076171875e-05
dragonfly,mosquito,-9.937566757202148,-6.67572021484375e-05
dragonfly,stick_insect,-10.187553405761719,-5.340576171875e-05
dragonfly,termite,-10.06256103515625,-6.103515625e-05
dragonfly,centipede,-10.187562942504883,-6.29425048828125e-05
dragonfly,millipede,-10.125062942504883,-6.29425048828125e-05
dragonfly,scorpion,-10.375049591064453,-4.9591064453125e-05
dragonfly,spider,-10.37504768371582,-4.76837158203125e-05
dragonfly,tarantula,-9.93757438659668,-7.43865966796875e-05
dragonfly,crab,-10.187559127807617,-5.91278076171875e-05
dragonfly,crayfish,-10.000066757202148,-6.67572021484375e-05
dragonfly,lobster,-9.62508773803711,-8.7738037109375e-05
dragonfly,prawn,-9.562591552734375,-9.1552734375e-05
dragonfly,shrimp,-9.625089645385742,-8.96453857421875e-05
dragonfly,slug,-10.250055313110352,-5.53131103515625e-05
dragonfly,snail,-10.37504768371582,-4.76837158203125e-05
dragonfly,clam,-10.062564849853516,-6.4849853515625e-05
dragonfly,mussel,-9.87507438659668,-7.43865966796875e-05
dragonfly,scallop,-9.812578201293945,-7.82012939453125e-05
dragonfly,oyster,-9.750082015991211,-8.20159912109375e-05
dragonfly,squid,-10.37504768371582,-4.76837158203125e-05
dragonfly,octopus,-10.062564849853516,-6.4849853515625e-05
dragonfly,worm,-10.375045776367188,-4.57763671875e-05
dragonfly,jellyfish,-10.375051498413086,-5.14984130859375e-05
flea,animal,-6.103515625e-05,-11.18756103515625
flea,vertebrate,-10.312553405761719,-5.340576171875e-05
flea,invertebrate,-6.67572021484375e-05,-10.437566757202148
flea,mammal,-10.375049591064453,-4.9591064453125e-05
flea,bird,-10.000064849853516,-6.4849853515625e-05
flea,reptile,-10.500043869018555,-4.38690185546875e-05
flea,amphibian,-10.375051498413086,-5.14984130859375e-05
flea,fish,-10.125057220458984,-5.7220458984375e-05
flea,arthropod,-3.814697265625e-05,-11.562538146972656
flea,insect,-5.14984130859375e-05,-11.062551498413086
flea,bird of prey,-9.937572479248047,-7.2479248046875e-05
flea,aquatic bird,-9.750085830688477,-8.58306884765625e-05
flea,canine,-9.437602996826172,-0.000102996826171875
flea,feline,-9.187629699707031,-0.00012969970703125
flea,primate,-10.062562942504883,-6.29425048828125e-05
flea,aquatic mammal,-9.875083923339844,-8.392333984375e-05
flea,rodent,-10.375049591064453,-4.9591064453125e-05
flea,bat,-9.68758773803711,-8.7738037109375e-05
flea,bear,-9.750078201293945,-7.82012939453125e-05
flea,cat,-9.187629699707031,-0.00012969970703125
flea,cheetah,-9.625089645385742,-8.96453857421875e-05
flea,leopard,-9.062644958496094,-0.00014495849609375
flea,lion,-9.50009536743164,-9.5367431640625e-05
flea,panther,-9.500101089477539,-0.0001010894775390625
flea,tiger,-9.250123977661133,-0.0001239776611328125
flea,dog,-9.500099182128906,-9.918212890625e-05
flea,fox,-9.625089645385742,-8.96453857421875e-05
flea,hyena,-9.87507438659668,-7.43865966796875e-05
flea,wolf,-9.87507438659668,-7.43865966796875e-05
flea,raccoon,-9.375112533569336,-0.0001125335693359375
flea,skunk,-9.437604904174805,-0.0001049041748046875
flea,otter,-9.62508773803711,-8.7738037109375e-05
flea,beaver,-9.687585830688477,-8.58306884765625e-05
flea,chipmunk,-9.750082015991211,-8.20159912109375e-05
flea,squirrel,-9.750080108642578,-8.0108642578125e-05
flea,gerbil,-9.625091552734375,-9.1552734375e-05
flea,guinea_pig,-9.437606811523438,-0.0001068115234375
flea,hamster,-9.875070571899414,-7.05718994140625e-05
flea,mouse,-9.875070571899414,-7.05718994140625e-05
flea,porcupine,-9.250127792358398,-0.0001277923583984375
flea,rat,-10.000064849853516,-6.4849853515625e-05
flea,buffalo,-9.250127792358398,-0.0001277923583984375
flea,cow,-9.437606811523438,-0.0001068115234375
flea,ox,-9.187631607055664,-0.0001316070556640625
flea,goat,-9.562597274780273,-9.72747802734375e-05
flea,sheep,-9.56259536743164,-9.5367431640625e-05
flea,deer,-9.375110626220703,-0.000110626220703125
flea,moose,-9.56259536743164,-9.5367431640625e-05
flea,giraffe,-9.312618255615234,-0.000118255615234375
flea,camel,-9.375110626220703,-0.000110626220703125
flea,hippo,-9.375112533569336,-0.0001125335693359375
flea,llama,-9.437604904174805,-0.0001049041748046875
flea,pig,-9.750082015991211,-8.20159912109375e-05
flea,donkey,-9.687585830688477,-8.58306884765625e-05
flea,horse,-9.312616348266602,-0.0001163482666015625
flea,pony,-9.56259536743164,-9.5367431640625e-05
flea,zebra,-9.437606811523438,-0.0001068115234375
flea,rhino,-9.500101089477539,-0.0001010894775390625
flea,gorilla,-9.437602996826172,-0.000102996826171875
flea,monkey,-9.750080108642578,-8.0108642578125e-05
flea,hedgehog,-9.56259536743164,-9.5367431640625e-05
flea,rabbit,-9.562593460083008,-9.34600830078125e-05
flea,seal,-9.56259536743164,-9.5367431640625e-05
flea,walrus,-9.500102996826172,-0.000102996826171875
flea,dolphin,-9.687585830688477,-8.58306884765625e-05
flea,whale,-9.750080108642578,-8.0108642578125e-05
flea,elephant,-9.437602996826172,-0.000102996826171875
flea,kangaroo,-9.625089645385742,-8.96453857421875e-05
flea,platypus,-9.750082015991211,-8.20159912109375e-05
flea,crocodile,-9.62508773803711,-8.7738037109375e-05
flea,alligator,-9.750080108642578,-8.0108642578125e-05
flea,lizard,-10.250053405761719,-5.340576171875e-05
flea,iguana,-9.750080108642578,-8.0108642578125e-05
flea,rattlesnake,-9.812578201293945,-7.82012939453125e-05
flea,tortoise,-9.750080108642578,-8.0108642578125e-05
flea,turtle,-9.875070571899414,-7.05718994140625e-05
flea,frog,-10.062562942504883,-6.29425048828125e-05
flea,toad,-9.687585830688477,-8.58306884765625e-05
flea,budgie,-9.375110626220703,-0.000110626220703125
flea,parakeet,-10.000068664550781,-6.866455078125e-05
flea,buzzard,-9.812580108642578,-8.0108642578125e-05
flea,falcon,-9.687585830688477,-8.58306884765625e-05
flea,hawk,-9.625091552734375,-9.1552734375e-05
flea,eagle,-9.687585830688477,-8.58306884765625e-05
flea,owl,-9.687583923339844,-8.392333984375e-05
flea,canary,-9.562593460083008,-9.34600830078125e-05
flea,magpie,-9.687583923339844,-8.392333984375e-05
flea,raven,-9.562597274780273,-9.72747802734375e-05
flea,nightingale,-9.500099182128906,-9.918212890625e-05
flea,robin,-9.500097274780273,-9.72747802734375e-05
flea,starling,-9.375114440917969,-0.00011444091796875
flea,sparrow,-9.687583923339844,-8.392333984375e-05
flea,wren,-9.37510871887207,-0.0001087188720703125
flea,chicken,-9.62508773803711,-8.7738037109375e-05
flea,cockerel,-9.375110626220703,-0.000110626220703125
flea,turkey,-9.375110626220703,-0.000110626220703125
flea,dove,-9.562591552734375,-9.1552734375e-05
flea,pigeon,-9.750078201293945,-7.82012939453125e-05
flea,partridge,-9.437602996826172,-0.000102996826171875
flea,peacock,-9.312620162963867,-0.0001201629638671875
flea,crane,-9.500097274780273,-9.72747802734375e-05
flea,flamingo,-9.312614440917969,-0.00011444091796875
flea,heron,-9.687585830688477,-8.58306884765625e-05
flea,duck,-9.750080108642578,-8.0108642578125e-05
flea,goose,-9.562591552734375,-9.1552734375e-05
flea,pelican,-9.437606811523438,-0.0001068115234375
flea,penguin,-9.500099182128906,-9.918212890625e-05
flea,seagull,-9.750082015991211,-8.20159912109375e-05
flea,swan,-9.625089645385742,-8.96453857421875e-05
flea,hummingbird,-9.437604904174805,-0.0001049041748046875
flea,kingfisher,-9.687583923339844,-8.392333984375e-05
flea,woodpecker,-9.625085830688477,-8.58306884765625e-05
flea,emu,-9.562593460083008,-9.34600830078125e-05
flea,ostrich,-9.500097274780273,-9.72747802734375e-05
flea,carp,-9.312616348266602,-0.0001163482666015625
flea,goldfish,-9.625089645385742,-8.96453857421875e-05
flea,minnow,-9.68758773803711,-8.7738037109375e-05
flea,cod,-9.062641143798828,-0.000141143798828125
flea,herring,-9.437602996826172,-0.000102996826171875
flea,sardine,-9.500099182128906,-9.918212890625e-05
flea,salmon,-9.437601089477539,-0.0001010894775390625
flea,trout,-9.625089645385742,-8.96453857421875e-05
flea,eel,-9.750080108642578,-8.0108642578125e-05
flea,flounder,-9.312616348266602,-0.0001163482666015625
flea,mackerel,-9.125137329101562,-0.0001373291015625
flea,tuna,-9.562591552734375,-9.1552734375e-05
flea,seahorse,-9.625093460083008,-9.34600830078125e-05
flea,shark,-9.812576293945312,-7.62939453125e-05
flea,bee,-9.875068664550781,-6.866455078125e-05
flea,hornet,-9.937570571899414,-7.05718994140625e-05
flea,wasp,-9.875072479248047,-7.2479248046875e-05
flea,ant,-10.125055313110352,-5.53131103515625e-05
flea,beetle,-10.062559127807617,-5.91278076171875e-05
flea,ladybird,-9.687582015991211,-8.20159912109375e-05
flea,butterfly,-10.187553405761719,-5.340576171875e-05
flea,moth,-10.000062942504883,-6.29425048828125e-05
flea,cockroach,-10.000062942504883,-6.29425048828125e-05
flea,cricket,-9.875066757202148,-6.67572021484375e-05
flea,grasshopper,-9.687580108642578,-8.0108642578125e-05
flea,locust,-9.875070571899414,-7.05718994140625e-05
flea,dragonfly,-10.000062942504883,-6.29425048828125e-05
flea,flea,-0.00035858154296875,-8.500358581542969
flea,housefly,-10.187553405761719,-5.340576171875e-05
flea,mosquito,-10.000064849853516,-6.4849853515625e-05
flea,stick_insect,-9.875068664550781,-6.866455078125e-05
flea,termite,-10.000062942504883,-6.29425048828125e-05
flea,centipede,-10.125059127807617,-5.91278076171875e-05
flea,millipede,-9.687585830688477,-8.58306884765625e-05
flea,scorpion,-10.06256103515625,-6.103515625e-05
flea,spider,-10.250051498413086,-5.14984130859375e-05
flea,tarantula,-9.750080108642578,-8.0108642578125e-05
flea,crab,-9.500097274780273,-9.72747802734375e-05
flea,crayfish,-9.625089645385742,-8.96453857421875e-05
flea,lobster,-8.812675476074219,-0.00017547607421875
flea,prawn,-9.062641143798828,-0.000141143798828125
flea,shrimp,-8.562725067138672,-0.000225067138671875
flea,slug,-10.125057220458984,-5.7220458984375e-05
flea,snail,-10.187555313110352,-5.53131103515625e-05
flea,clam,-9.500101089477539,-0.0001010894775390625
flea,mussel,-9.750082015991211,-8.20159912109375e-05
flea,scallop,-9.437602996826172,-0.000102996826171875
flea,oyster,-9.312618255615234,-0.000118255615234375
flea,squid,-9.875070571899414,-7.05718994140625e-05
flea,octopus,-9.750082015991211,-8.20159912109375e-05
flea,worm,-10.375045776367188,-4.57763671875e-05
flea,jellyfish,-10.062564849853516,-6.4849853515625e-05
housefly,animal,-7.2479248046875e-05,-10.812572479248047
housefly,vertebrate,-10.375049591064453,-4.9591064453125e-05
housefly,invertebrate,-6.4849853515625e-05,-10.562564849853516
housefly,mammal,-10.37504768371582,-4.76837158203125e-05
housefly,bird,-10.000062942504883,-6.29425048828125e-05
housefly,reptile,-10.375049591064453,-4.9591064453125e-05
housefly,amphibian,-10.250057220458984,-5.7220458984375e-05
housefly,fish,-10.06256103515625,-6.103515625e-05
housefly,arthropod,-5.14984130859375e-05,-11.187551498413086
housefly,insect,-4.76837158203125e-05,-11.43754768371582
housefly,bird of prey,-9.750082015991211,-8.20159912109375e-05
housefly,aquatic bird,-9.75008773803711,-8.7738037109375e-05
housefly,canine,-9.875072479248047,-7.2479248046875e-05
housefly,feline,-9.812576293945312,-7.62939453125e-05
housefly,primate,-10.06256103515625,-6.103515625e-05
housefly,aquatic mammal,-9.875082015991211,-8.20159912109375e-05
housefly,rodent,-10.250051498413086,-5.14984130859375e-05
housefly,bat,-9.875072479248047,-7.2479248046875e-05
housefly,bear,-9.62508773803711,-8.7738037109375e-05
housefly,cat,-9.937568664550781,-6.866455078125e-05
housefly,cheetah,-9.875072479248047,-7.2479248046875e-05
housefly,leopard,-9.437604904174805,-0.0001049041748046875
housefly,lion,-9.562593460083008,-9.34600830078125e-05
housefly,panther,-9.56259536743164,-9.5367431640625e-05
housefly,tiger,-9.250123977661133,-0.0001239776611328125
housefly,dog,-10.000064849853516,-6.4849853515625e-05
housefly,fox,-9.625091552734375,-9.1552734375e-05
housefly,hyena,-9.750082015991211,-8.20159912109375e-05
housefly,wolf,-9.750080108642578,-8.0108642578125e-05
housefly,raccoon,-9.56259536743164,-9.5367431640625e-05
housefly,skunk,-9.562593460083008,-9.34600830078125e-05
housefly,otter,-9.750080108642578,-8.0108642578125e-05
housefly,beaver,-9.750078201293945,-7.82012939453125e-05
housefly,chipmunk,-9.687585830688477,-8.58306884765625e-05
housefly,squirrel,-9.81257438659668,-7.43865966796875e-05
housefly,gerbil,-9.625091552734375,-9.1552734375e-05
housefly,guinea_pig,-9.625093460083008,-9.34600830078125e-05
housefly,hamster,-9.875070571899414,-7.05718994140625e-05
housefly,mouse,-10.000064849853516,-6.4849853515625e-05
housefly,porcupine,-9.562599182128906,-9.918212890625e-05
housefly,rat,-9.937568664550781,-6.866455078125e-05
housefly,buffalo,-9.437606811523438,-0.0001068115234375
housefly,cow,-9.437604904174805,-0.0001049041748046875
housefly,ox,-9.250125885009766,-0.000125885009765625
housefly,goat,-9.625091552734375,-9.1552734375e-05
housefly,sheep,-9.625089645385742,-8.96453857421875e-05
housefly,deer,-9.625091552734375,-9.1552734375e-05
housefly,moose,-9.625089645385742,-8.96453857421875e-05
housefly,giraffe,-9.56259536743164,-9.5367431640625e-05
housefly,camel,-9.56259536743164,-9.5367431640625e-05
housefly,hippo,-9.437604904174805,-0.0001049041748046875
housefly,llama,-9.625089645385742,-8.96453857421875e-05
housefly,pig,-9.68758773803711,-8.7738037109375e-05
housefly,donkey,-9.750082015991211,-8.20159912109375e-05
housefly,horse,-9.562593460083008,-9.34600830078125e-05
housefly,pony,-9.687583923339844,-8.392333984375e-05
housefly,zebra,-9.56259536743164,-9.5367431640625e-05
housefly,rhino,-9.562593460083008,-9.34600830078125e-05
housefly,gorilla,-9.562593460083008,-9.34600830078125e-05
housefly,monkey,-9.87507438659668,-7.43865966796875e-05
housefly,hedgehog,-9.87507438659668,-7.43865966796875e-05
housefly,rabbit,-9.750080108642578,-8.0108642578125e-05
housefly,seal,-9.625089645385742,-8.96453857421875e-05
housefly,walrus,-9.562597274780273,-9.72747802734375e-05
housefly,dolphin,-9.81257438659668,-7.43865966796875e-05
housefly,whale,-9.750080108642578,-8.0108642578125e-05
housefly,elephant,-9.562591552734375,-9.1552734375e-05
housefly,kangaroo,-9.62508773803711,-8.7738037109375e-05
housefly,platypus,-9.875076293945312,-7.62939453125e-05
housefly,crocodile,-9.625089645385742,-8.96453857421875e-05
housefly,alligator,-9.750080108642578,-8.0108642578125e-05
housefly,lizard,-10.187555313110352,-5.53131103515625e-05
housefly,iguana,-9.81257438659668,-7.43865966796875e-05
housefly,rattlesnake,-9.937570571899414,-7.05718994140625e-05
housefly,tortoise,-9.750078201293945,-7.82012939453125e-05
housefly,turtle,-9.937568664550781,-6.866455078125e-05
housefly,frog,-10.000066757202148,-6.67572021484375e-05
housefly,toad,-9.750082015991211,-8.20159912109375e-05
housefly,budgie,-9.562591552734375,-9.1552734375e-05
housefly,parakeet,-9.875078201293945,-7.82012939453125e-05
housefly,buzzard,-9.687585830688477,-8.58306884765625e-05
housefly,falcon,-9.687585830688477,-8.58306884765625e-05
housefly,hawk,-9.687583923339844,-8.392333984375e-05
housefly,eagle,-9.750078201293945,-7.82012939453125e-05
housefly,owl,-9.62508773803711,-8.7738037109375e-05
housefly,canary,-9.62508773803711,-8.7738037109375e-05
housefly,magpie,-9.687583923339844,-8.392333984375e-05
housefly,raven,-9.62508773803711,-8.7738037109375e-05
housefly,nightingale,-9.62508773803711,-8.7738037109375e-05
housefly,robin,-9.750076293945312,-7.62939453125e-05
housefly,starling,-9.625089645385742,-8.96453857421875e-05
housefly,sparrow,-9.937568664550781,-6.866455078125e-05
housefly,wren,-9.62508773803711,-8.7738037109375e-05
housefly,chicken,-9.875072479248047,-7.2479248046875e-05
housefly,cockerel,-9.3126220703125,-0.0001220703125
housefly,turkey,-9.562593460083008,-9.34600830078125e-05
housefly,dove,-9.62508773803711,-8.7738037109375e-05
housefly,pigeon,-9.875068664550781,-6.866455078125e-05
housefly,partridge,-9.562593460083008,-9.34600830078125e-05
housefly,peacock,-9.312616348266602,-0.0001163482666015625
housefly,crane,-9.500099182128906,-9.918212890625e-05
housefly,flamingo,-9.37510871887207,-0.0001087188720703125
housefly,heron,-9.687585830688477,-8.58306884765625e-05
housefly,duck,-9.875072479248047,-7.2479248046875e-05
housefly,goose,-9.625085830688477,-8.58306884765625e-05
housefly,pelican,-9.562591552734375,-9.1552734375e-05
housefly,penguin,-9.750078201293945,-7.82012939453125e-05
housefly,seagull,-9.875072479248047,-7.2479248046875e-05
housefly,swan,-9.62508773803711,-8.7738037109375e-05
housefly,hummingbird,-9.62508773803711,-8.7738037109375e-05
housefly,kingfisher,-9.687583923339844,-8.392333984375e-05
housefly,woodpecker,-9.500097274780273,-9.72747802734375e-05
housefly,emu,-9.437606811523438,-0.0001068115234375
housefly,ostrich,-9.750078201293945,-7.82012939453125e-05
housefly,carp,-9.562593460083008,-9.34600830078125e-05
housefly,goldfish,-9.62508773803711,-8.7738037109375e-05
housefly,minnow,-9.87507438659668,-7.43865966796875e-05
housefly,cod,-9.125133514404297,-0.000133514404296875
housefly,herring,-9.62508773803711,-8.7738037109375e-05
housefly,sardine,-9.750078201293945,-7.82012939453125e-05
housefly,salmon,-9.562593460083008,-9.34600830078125e-05
housefly,trout,-9.750078201293945,-7.82012939453125e-05
housefly,eel,-9.875072479248047,-7.2479248046875e-05
housefly,flounder,-9.562593460083008,-9.34600830078125e-05
housefly,mackerel,-9.500099182128906,-9.918212890625e-05
housefly,tuna,-9.750078201293945,-7.82012939453125e-05
housefly,seahorse,-9.750080108642578,-8.0108642578125e-05
housefly,shark,-9.750078201293945,-7.82012939453125e-05
housefly,bee,-10.125055313110352,-5.53131103515625e-05
housefly,hornet,-10.000062942504883,-6.29425048828125e-05
housefly,wasp,-10.187555313110352,-5.53131103515625e-05
housefly,ant,-10.000062942504883,-6.29425048828125e-05
housefly,beetle,-10.437543869018555,-4.38690185546875e-05
housefly,ladybird,-9.937566757202148,-6.67572021484375e-05
housefly,butterfly,-10.06256103515625,-6.103515625e-05
housefly,moth,-9.875068664550781,-6.866455078125e-05
housefly,cockroach,-10.187555313110352,-5.53131103515625e-05
housefly,cricket,-10.000062942504883,-6.29425048828125e-05
housefly,grasshopper,-10.06256103515625,-6.103515625e-05
housefly,locust,-9.812576293945312,-7.62939453125e-05
housefly,dragonfly,-10.000064849853516,-6.4849853515625e-05
housefly,flea,-10.250051498413086,-5.14984130859375e-05
housefly,housefly,-0.0002613067626953125,-8.812761306762695
housefly,mosquito,-10.31254768371582,-4.76837158203125e-05
housefly,stick_insect,-9.937566757202148,-6.67572021484375e-05
housefly,termite,-10.000062942504883,-6.29425048828125e-05
housefly,centipede,-10.062564849853516,-6.4849853515625e-05
housefly,millipede,-10.000066757202148,-6.67572021484375e-05
housefly,scorpion,-10.000066757202148,-6.67572021484375e-05
housefly,spider,-10.250053405761719,-5.340576171875e-05
housefly,tarantula,-9.750080108642578,-8.0108642578125e-05
housefly,crab,-9.875072479248047,-7.2479248046875e-05
housefly,crayfish,-9.750082015991211,-8.20159912109375e-05
housefly,lobster,-9.375106811523438,-0.0001068115234375
housefly,prawn,-9.562591552734375,-9.1552734375e-05
housefly,shrimp,-9.625089645385742,-8.96453857421875e-05
housefly,slug,-10.000064849853516,-6.4849853515625e-05
housefly,snail,-10.000064849853516,-6.4849853515625e-05
housefly,clam,-9.625089645385742,-8.96453857421875e-05
housefly,mussel,-9.625091552734375,-9.1552734375e-05
housefly,scallop,-9.500101089477539,-0.0001010894775390625
housefly,oyster,-9.437604904174805,-0.0001049041748046875
housefly,squid,-10.000064849853516,-6.4849853515625e-05
housefly,octopus,-9.875072479248047,-7.2479248046875e-05
housefly,worm,-10.062559127807617,-5.91278076171875e-05
housefly,jellyfish,-10.125059127807617,-5.91278076171875e-05
mosquito,animal,-5.7220458984375e-05,-11.187557220458984
mosquito,vertebrate,-10.500049591064453,-4.9591064453125e-05
mosquito,invertebrate,-5.53131103515625e-05,-10.750055313110352
mosquito,mammal,-10.375051498413086,-5.14984130859375e-05
mosquito,bird,-10.000070571899414,-7.05718994140625e-05
mosquito,reptile,-10.250057220458984,-5.7220458984375e-05
mosquito,amphibian,-10.250059127807617,-5.91278076171875e-05
mosquito,fish,-10.18756103515625,-6.103515625e-05
mosquito,arthropod,-4.00543212890625e-05,-11.500040054321289
mosquito,insect,-3.62396240234375e-05,-11.812536239624023
mosquito,bird of prey,-9.500110626220703,-0.000110626220703125
mosquito,aquatic bird,-9.625110626220703,-0.000110626220703125
mosquito,canine,-9.750089645385742,-8.96453857421875e-05
mosquito,feline,-9.750085830688477,-8.58306884765625e-05
mosquito,primate,-10.000072479248047,-7.2479248046875e-05
mosquito,aquatic mammal,-9.687601089477539,-0.0001010894775390625
mosquito,rodent,-10.250055313110352,-5.53131103515625e-05
mosquito,bat,-9.875080108642578,-8.0108642578125e-05
mosquito,bear,-9.937576293945312,-7.62939453125e-05
mosquito,cat,-9.93757438659668,-7.43865966796875e-05
mosquito,cheetah,-10.000072479248047,-7.2479248046875e-05
mosquito,leopard,-9.562602996826172,-0.000102996826171875
mosquito,lion,-9.75008773803711,-8.7738037109375e-05
mosquito,panther,-9.75008773803711,-8.7738037109375e-05
mosquito,tiger,-9.187643051147461,-0.0001430511474609375
mosquito,dog,-9.875078201293945,-7.82012939453125e-05
mosquito,fox,-9.875078201293945,-7.82012939453125e-05
mosquito,hyena,-10.00007438659668,-7.43865966796875e-05
mosquito,wolf,-9.875083923339844,-8.392333984375e-05
mosquito,raccoon,-9.625097274780273,-9.72747802734375e-05
mosquito,skunk,-9.562604904174805,-0.0001049041748046875
mosquito,otter,-9.687591552734375,-9.1552734375e-05
mosquito,beaver,-9.875080108642578,-8.0108642578125e-05
mosquito,chipmunk,-9.937578201293945,-7.82012939453125e-05
mosquito,squirrel,-10.000072479248047,-7.2479248046875e-05
mosquito,gerbil,-9.68759536743164,-9.5367431640625e-05
mosquito,guinea_pig,-9.875085830688477,-8.58306884765625e-05
mosquito,hamster,-10.062564849853516,-6.4849853515625e-05
mosquito,mouse,-10.000068664550781,-6.866455078125e-05
mosquito,porcupine,-9.687601089477539,-0.0001010894775390625
mosquito,rat,-10.000072479248047,-7.2479248046875e-05
mosquito,buffalo,-9.562606811523438,-0.0001068115234375
mosquito,cow,-9.625099182128906,-9.918212890625e-05
mosquito,ox,-9.500104904174805,-0.0001049041748046875
mosquito,goat,-9.812585830688477,-8.58306884765625e-05
mosquito,sheep,-10.000070571899414,-7.05718994140625e-05
mosquito,deer,-9.562602996826172,-0.000102996826171875
mosquito,moose,-9.625101089477539,-0.0001010894775390625
mosquito,giraffe,-9.625097274780273,-9.72747802734375e-05
mosquito,camel,-9.62509536743164,-9.5367431640625e-05
mosquito,hippo,-9.500106811523438,-0.0001068115234375
mosquito,llama,-9.625093460083008,-9.34600830078125e-05
mosquito,pig,-9.750089645385742,-8.96453857421875e-05
mosquito,donkey,-9.812589645385742,-8.96453857421875e-05
mosquito,horse,-9.812583923339844,-8.392333984375e-05
mosquito,pony,-9.812580108642578,-8.0108642578125e-05
mosquito,zebra,-9.625101089477539,-0.0001010894775390625
mosquito,rhino,-9.625099182128906,-9.918212890625e-05
mosquito,gorilla,-9.625097274780273,-9.72747802734375e-05
mosquito,monkey,-9.937576293945312,-7.62939453125e-05
mosquito,hedgehog,-9.812585830688477,-8.58306884765625e-05
mosquito,rabbit,-10.000068664550781,-6.866455078125e-05
mosquito,seal,-9.937576293945312,-7.62939453125e-05
mosquito,walrus,-9.625099182128906,-9.918212890625e-05
mosquito,dolphin,-9.937576293945312,-7.62939453125e-05
mosquito,whale,-10.000070571899414,-7.05718994140625e-05
mosquito,elephant,-9.62509536743164,-9.5367431640625e-05
mosquito,kangaroo,-9.812582015991211,-8.20159912109375e-05
mosquito,platypus,-9.937578201293945,-7.82012939453125e-05
mosquito,crocodile,-9.687593460083008,-9.34600830078125e-05
mosquito,alligator,-9.562606811523438,-0.0001068115234375
mosquito,lizard,-10.187564849853516,-6.4849853515625e-05
mosquito,iguana,-9.937576293945312,-7.62939453125e-05
mosquito,rattlesnake,-9.937576293945312,-7.62939453125e-05
mosquito,tortoise,-10.000072479248047,-7.2479248046875e-05
mosquito,turtle,-10.000072479248047,-7.2479248046875e-05
mosquito,frog,-10.125064849853516,-6.4849853515625e-05
mosquito,toad,-9.812582015991211,-8.20159912109375e-05
mosquito,budgie,-9.875080108642578,-8.0108642578125e-05
mosquito,parakeet,-10.000076293945312,-7.62939453125e-05
mosquito,buzzard,-9.937576293945312,-7.62939453125e-05
mosquito,falcon,-9.875080108642578,-8.0108642578125e-05
mosquito,hawk,-9.875080108642578,-8.0108642578125e-05
mosquito,eagle,-9.812585830688477,-8.58306884765625e-05
mosquito,owl,-9.68758773803711,-8.7738037109375e-05
mosquito,canary,-9.750083923339844,-8.392333984375e-05
mosquito,magpie,-9.875078201293945,-7.82012939453125e-05
mosquito,raven,-9.750089645385742,-8.96453857421875e-05
mosquito,nightingale,-9.562599182128906,-9.918212890625e-05
mosquito,robin,-9.812580108642578,-8.0108642578125e-05
mosquito,starling,-9.625101089477539,-0.0001010894775390625
mosquito,sparrow,-9.875080108642578,-8.0108642578125e-05
mosquito,wren,-9.500106811523438,-0.0001068115234375
mosquito,chicken,-9.937576293945312,-7.62939453125e-05
mosquito,cockerel,-9.50010871887207,-0.0001087188720703125
mosquito,turkey,-9.50010871887207,-0.0001087188720703125
mosquito,dove,-9.750082015991211,-8.20159912109375e-05
mosquito,pigeon,-9.937572479248047,-7.2479248046875e-05
mosquito,partridge,-9.62509536743164,-9.5367431640625e-05
mosquito,peacock,-9.3751220703125,-0.0001220703125
mosquito,crane,-9.375120162963867,-0.0001201629638671875
mosquito,flamingo,-9.500102996826172,-0.000102996826171875
mosquito,heron,-9.68759536743164,-9.5367431640625e-05
mosquito,duck,-9.75008773803711,-8.7738037109375e-05
mosquito,goose,-9.687589645385742,-8.96453857421875e-05
mosquito,pelican,-9.500104904174805,-0.0001049041748046875
mosquito,penguin,-9.750083923339844,-8.392333984375e-05
mosquito,seagull,-9.937576293945312,-7.62939453125e-05
mosquito,swan,-9.687589645385742,-8.96453857421875e-05
mosquito,hummingbird,-9.437610626220703,-0.000110626220703125
mosquito,kingfisher,-9.562604904174805,-0.0001049041748046875
mosquito,woodpecker,-9.562602996826172,-0.000102996826171875
mosquito,emu,-9.687591552734375,-9.1552734375e-05
mosquito,ostrich,-9.750083923339844,-8.392333984375e-05
mosquito,carp,-9.62509536743164,-9.5367431640625e-05
mosquito,goldfish,-9.875080108642578,-8.0108642578125e-05
mosquito,minnow,-9.750091552734375,-9.1552734375e-05
mosquito,cod,-9.250127792358398,-0.0001277923583984375
mosquito,herring,-9.625099182128906,-9.918212890625e-05
mosquito,sardine,-9.875076293945312,-7.62939453125e-05
mosquito,salmon,-9.750085830688477,-8.58306884765625e-05
mosquito,trout,-9.750085830688477,-8.58306884765625e-05
mosquito,eel,-10.062568664550781,-6.866455078125e-05
mosquito,flounder,-9.75008773803711,-8.7738037109375e-05
mosquito,mackerel,-9.437612533569336,-0.0001125335693359375
mosquito,tuna,-9.68758773803711,-8.7738037109375e-05
mosquito,seahorse,-9.75008773803711,-8.7738037109375e-05
mosquito,shark,-9.875085830688477,-8.58306884765625e-05
mosquito,bee,-9.937570571899414,-7.05718994140625e-05
mosquito,hornet,-10.062566757202148,-6.67572021484375e-05
mosquito,wasp,-8.93766975402832,-0.0001697540283203125
mosquito,ant,-10.000066757202148,-6.67572021484375e-05
mosquito,beetle,-10.500043869018555,-4.38690185546875e-05
mosquito,ladybird,-9.875076293945312,-7.62939453125e-05
mosquito,butterfly,-10.12506103515625,-6.103515625e-05
mosquito,moth,-8.750192642211914,-0.0001926422119140625
mosquito,cockroach,-9.937568664550781,-6.866455078125e-05
mosquito,cricket,-9.875072479248047,-7.2479248046875e-05
mosquito,grasshopper,-9.625089645385742,-8.96453857421875e-05
mosquito,locust,-9.875076293945312,-7.62939453125e-05
mosquito,dragonfly,-9.750085830688477,-8.58306884765625e-05
mosquito,flea,-10.250053405761719,-5.340576171875e-05
mosquito,housefly,-9.937568664550781,-6.866455078125e-05
mosquito,mosquito,-0.000530242919921875,-8.063030242919922
mosquito,stick_insect,-9.750078201293945,-7.82012939453125e-05
mosquito,termite,-10.000066757202148,-6.67572021484375e-05
mosquito,centipede,-10.125062942504883,-6.29425048828125e-05
mosquito,millipede,-9.812580108642578,-8.0108642578125e-05
mosquito,scorpion,-10.187562942504883,-6.29425048828125e-05
mosquito,spider,-10.125062942504883,-6.29425048828125e-05
mosquito,tarantula,-9.750089645385742,-8.96453857421875e-05
mosquito,crab,-9.937576293945312,-7.62939453125e-05
mosquito,crayfish,-9.750091552734375,-9.1552734375e-05
mosquito,lobster,-9.43760871887207,-0.0001087188720703125
mosquito,prawn,-9.312623977661133,-0.0001239776611328125
mosquito,shrimp,-9.250133514404297,-0.000133514404296875
mosquito,slug,-10.000070571899414,-7.05718994140625e-05
mosquito,snail,-10.25006103515625,-6.103515625e-05
mosquito,clam,-9.750085830688477,-8.58306884765625e-05
mosquito,mussel,-9.625102996826172,-0.000102996826171875
mosquito,scallop,-9.562604904174805,-0.0001049041748046875
mosquito,oyster,-9.500110626220703,-0.000110626220703125
mosquito,squid,-9.937576293945312,-7.62939453125e-05
mosquito,octopus,-9.875082015991211,-8.20159912109375e-05
mosquito,worm,-10.187557220458984,-5.7220458984375e-05
mosquito,jellyfish,-10.12507438659668,-7.43865966796875e-05
stick_insect,animal,-6.67572021484375e-05,-11.250066757202148
stick_insect,vertebrate,-10.875032424926758,-3.24249267578125e-05
stick_insect,invertebrate,-5.53131103515625e-05,-10.937555313110352
stick_insect,mammal,-10.562540054321289,-4.00543212890625e-05
stick_insect,bird,-10.187555313110352,-5.53131103515625e-05
stick_insect,reptile,-10.250053405761719,-5.340576171875e-05
stick_insect,amphibian,-10.562543869018555,-4.38690185546875e-05
stick_insect,fish,-10.31254768371582,-4.76837158203125e-05
stick_insect,arthropod,-4.1961669921875e-05,-11.625041961669922
stick_insect,insect,-0.0004024505615234375,-8.312902450561523
stick_insect,bird of prey,-10.187557220458984,-5.7220458984375e-05
stick_insect,aquatic bird,-9.875076293945312,-7.62939453125e-05
stick_insect,canine,-10.06256103515625,-6.103515625e-05
stick_insect,feline,-10.000062942504883,-6.29425048828125e-05
stick_insect,primate,-10.125059127807617,-5.91278076171875e-05
stick_insect,aquatic mammal,-10.125064849853516,-6.4849853515625e-05
stick_insect,rodent,-10.500041961669922,-4.1961669921875e-05
stick_insect,bat,-10.000064849853516,-6.4849853515625e-05
stick_insect,bear,-10.062559127807617,-5.91278076171875e-05
stick_insect,cat,-10.062559127807617,-5.91278076171875e-05
stick_insect,cheetah,-10.187555313110352,-5.53131103515625e-05
stick_insect,leopard,-9.625085830688477,-8.58306884765625e-05
stick_insect,lion,-9.687582015991211,-8.20159912109375e-05
stick_insect,panther,-9.750080108642578,-8.0108642578125e-05
stick_insect,tiger,-9.312614440917969,-0.00011444091796875
stick_insect,dog,-10.125055313110352,-5.53131103515625e-05
stick_insect,fox,-10.000064849853516,-6.4849853515625e-05
stick_insect,hyena,-10.062562942504883,-6.29425048828125e-05
stick_insect,wolf,-9.62508773803711,-8.7738037109375e-05
stick_insect,raccoon,-9.750080108642578,-8.0108642578125e-05
stick_insect,skunk,-9.750080108642578,-8.0108642578125e-05
stick_insect,otter,-9.81257438659668,-7.43865966796875e-05
stick_insect,beaver,-10.000062942504883,-6.29425048828125e-05
stick_insect,chipmunk,-10.12506103515625,-6.103515625e-05
stick_insect,squirrel,-10.06256103515625,-6.103515625e-05
stick_insect,gerbil,-9.812576293945312,-7.62939453125e-05
stick_insect,guinea_pig,-9.750080108642578,-8.0108642578125e-05
stick_insect,hamster,-10.125055313110352,-5.53131103515625e-05
stick_insect,mouse,-10.062559127807617,-5.91278076171875e-05
stick_insect,porcupine,-9.750082015991211,-8.20159912109375e-05
stick_insect,rat,-10.062559127807617,-5.91278076171875e-05
stick_insect,buffalo,-9.750082015991211,-8.20159912109375e-05
stick_insect,cow,-9.750078201293945,-7.82012939453125e-05
stick_insect,ox,-9.37510871887207,-0.0001087188720703125
stick_insect,goat,-9.750078201293945,-7.82012939453125e-05
stick_insect,sheep,-9.875070571899414,-7.05718994140625e-05
stick_insect,deer,-9.625083923339844,-8.392333984375e-05
stick_insect,moose,-9.750078201293945,-7.82012939453125e-05
stick_insect,giraffe,-9.562589645385742,-8.96453857421875e-05
stick_insect,camel,-9.562591552734375,-9.1552734375e-05
stick_insect,hippo,-9.625091552734375,-9.1552734375e-05
stick_insect,llama,-9.687583923339844,-8.392333984375e-05
stick_insect,pig,-9.875072479248047,-7.2479248046875e-05
stick_insect,donkey,-9.625091552734375,-9.1552734375e-05
stick_insect,horse,-9.750078201293945,-7.82012939453125e-05
stick_insect,pony,-9.62508773803711,-8.7738037109375e-05
stick_insect,zebra,-9.750080108642578,-8.0108642578125e-05
stick_insect,rhino,-9.687585830688477,-8.58306884765625e-05
stick_insect,gorilla,-9.687580108642578,-8.0108642578125e-05
stick_insect,monkey,-10.06256103515625,-6.103515625e-05
stick_insect,hedgehog,-10.125059127807617,-5.91278076171875e-05
stick_insect,rabbit,-10.125057220458984,-5.7220458984375e-05
stick_insect,seal,-10.000064849853516,-6.4849853515625e-05
stick_insect,walrus,-9.875076293945312,-7.62939453125e-05
stick_insect,dolphin,-10.000066757202148,-6.67572021484375e-05
stick_insect,whale,-10.000066757202148,-6.67572021484375e-05
stick_insect,elephant,-9.562589645385742,-8.96453857421875e-05
stick_insect,kangaroo,-9.875070571899414,-7.05718994140625e-05
stick_insect,platypus,-10.062562942504883,-6.29425048828125e-05
stick_insect,crocodile,-9.875070571899414,-7.05718994140625e-05
stick_insect,alligator,-10.125059127807617,-5.91278076171875e-05
stick_insect,lizard,-10.437543869018555,-4.38690185546875e-05
stick_insect,iguana,-9.750076293945312,-7.62939453125e-05
stick_insect,rattlesnake,-10.125059127807617,-5.91278076171875e-05
stick_insect,tortoise,-10.062559127807617,-5.91278076171875e-05
stick_insect,turtle,-10.125057220458984,-5.7220458984375e-05
stick_insect,frog,-10.250051498413086,-5.14984130859375e-05
stick_insect,toad,-10.000064849853516,-6.4849853515625e-05
stick_insect,budgie,-9.750078201293945,-7.82012939453125e-05
stick_insect,parakeet,-10.125062942504883,-6.29425048828125e-05
stick_insect,buzzard,-10.12506103515625,-6.103515625e-05
stick_insect,falcon,-10.062562942504883,-6.29425048828125e-05
stick_insect,hawk,-9.437604904174805,-0.0001049041748046875
stick_insect,eagle,-10.000064849853516,-6.4849853515625e-05
stick_insect,owl,-9.875068664550781,-6.866455078125e-05
stick_insect,canary,-10.000062942504883,-6.29425048828125e-05
stick_insect,magpie,-10.062562942504883,-6.29425048828125e-05
stick_insect,raven,-9.750080108642578,-8.0108642578125e-05
stick_insect,nightingale,-9.62508773803711,-8.7738037109375e-05
stick_insect,robin,-9.937566757202148,-6.67572021484375e-05
stick_insect,starling,-9.687585830688477,-8.58306884765625e-05
stick_insect,sparrow,-10.000064849853516,-6.4849853515625e-05
stick_insect,wren,-9.750076293945312,-7.62939453125e-05
stick_insect,chicken,-10.000062942504883,-6.29425048828125e-05
stick_insect,cockerel,-9.625089645385742,-8.96453857421875e-05
stick_insect,turkey,-9.562589645385742,-8.96453857421875e-05
stick_insect,dove,-9.750078201293945,-7.82012939453125e-05
stick_insect,pigeon,-10.000062942504883,-6.29425048828125e-05
stick_insect,partridge,-9.625089645385742,-8.96453857421875e-05
stick_insect,peacock,-9.37510871887207,-0.0001087188720703125
stick_insect,crane,-9.187625885009766,-0.000125885009765625
stick_insect,flamingo,-9.812572479248047,-7.2479248046875e-05
stick_insect,heron,-9.875072479248047,-7.2479248046875e-05
stick_insect,duck,-10.000064849853516,-6.4849853515625e-05
stick_insect,goose,-9.750078201293945,-7.82012939453125e-05
stick_insect,pelican,-9.750082015991211,-8.20159912109375e-05
stick_insect,penguin,-9.875070571899414,-7.05718994140625e-05
stick_insect,seagull,-10.062562942504883,-6.29425048828125e-05
stick_insect,swan,-9.81257438659668,-7.43865966796875e-05
stick_insect,hummingbird,-10.062559127807617,-5.91278076171875e-05
stick_insect,kingfisher,-10.062562942504883,-6.29425048828125e-05
stick_insect,woodpecker,-9.937566757202148,-6.67572021484375e-05
stick_insect,emu,-9.875072479248047,-7.2479248046875e-05
stick_insect,ostrich,-9.812572479248047,-7.2479248046875e-05
stick_insect,carp,-9.687582015991211,-8.20159912109375e-05
stick_insect,goldfish,-10.06256103515625,-6.103515625e-05
stick_insect,minnow,-10.062562942504883,-6.29425048828125e-05
stick_insect,cod,-9.375104904174805,-0.0001049041748046875
stick_insect,herring,-9.625085830688477,-8.58306884765625e-05
stick_insect,sardine,-9.812576293945312,-7.62939453125e-05
stick_insect,salmon,-9.937564849853516,-6.4849853515625e-05
stick_insect,trout,-9.812570571899414,-7.05718994140625e-05
stick_insect,eel,-10.06256103515625,-6.103515625e-05
stick_insect,flounder,-9.875070571899414,-7.05718994140625e-05
stick_insect,mackerel,-9.687583923339844,-8.392333984375e-05
stick_insect,tuna,-9.750078201293945,-7.82012939453125e-05
stick_insect,seahorse,-10.000064849853516,-6.4849853515625e-05
stick_insect,shark,-10.125057220458984,-5.7220458984375e-05
stick_insect,bee,-10.250049591064453,-4.9591064453125e-05
stick_insect,hornet,-10.250053405761719,-5.340576171875e-05
stick_insect,wasp,-10.250053405761719,-5.340576171875e-05
stick_insect,ant,-10.31254768371582,-4.76837158203125e-05
stick_insect,beetle,-10.31254768371582,-4.76837158203125e-05
stick_insect,ladybird,-10.062559127807617,-5.91278076171875e-05
stick_insect,butterfly,-10.31254768371582,-4.76837158203125e-05
stick_insect,moth,-9.500097274780273,-9.72747802734375e-05
stick_insect,cockroach,-8.250293731689453,-0.000293731689453125
stick_insect,cricket,-8.125328063964844,-0.00032806396484375
stick_insect,grasshopper,-8.68769645690918,-0.0001964569091796875
stick_insect,locust,-9.375104904174805,-0.0001049041748046875
stick_insect,dragonfly,-10.312549591064453,-4.9591064453125e-05
stick_insect,flea,-10.312549591064453,-4.9591064453125e-05
stick_insect,housefly,-10.250051498413086,-5.14984130859375e-05
stick_insect,mosquito,-10.312549591064453,-4.9591064453125e-05
stick_insect,stick_insect,-0.000141143798828125,-9.750141143798828
stick_insect,termite,-10.125055313110352,-5.53131103515625e-05
stick_insect,centipede,-10.43754768371582,-4.76837158203125e-05
stick_insect,millipede,-9.937564849853516,-6.4849853515625e-05
stick_insect,scorpion,-10.37504768371582,-4.76837158203125e-05
stick_insect,spider,-10.500041961669922,-4.1961669921875e-05
stick_insect,tarantula,-10.125059127807617,-5.91278076171875e-05
stick_insect,crab,-10.187555313110352,-5.53131103515625e-05
stick_insect,crayfish,-10.125059127807617,-5.91278076171875e-05
stick_insect,lobster,-9.062639236450195,-0.0001392364501953125
stick_insect,prawn,-9.125133514404297,-0.000133514404296875
stick_insect,shrimp,-9.375106811523438,-0.0001068115234375
stick_insect,slug,-10.06256103515625,-6.103515625e-05
stick_insect,snail,-10.250051498413086,-5.14984130859375e-05
stick_insect,clam,-9.875072479248047,-7.2479248046875e-05
stick_insect,mussel,-10.000066757202148,-6.67572021484375e-05
stick_insect,scallop,-9.812576293945312,-7.62939453125e-05
stick_insect,oyster,-9.562593460083008,-9.34600830078125e-05
stick_insect,squid,-10.125057220458984,-5.7220458984375e-05
stick_insect,octopus,-10.125057220458984,-5.7220458984375e-05
stick_insect,worm,-10.062557220458984,-5.7220458984375e-05
stick_insect,jellyfish,-10.250053405761719,-5.340576171875e-05
termite,animal,-8.96453857421875e-05,-10.437589645385742
termite,vertebrate,-10.500041961669922,-4.1961669921875e-05
termite,invertebrate,-9.1552734375e-05,-10.062591552734375
termite,mammal,-10.375045776367188,-4.57763671875e-05
termite,bird,-9.875072479248047,-7.2479248046875e-05
termite,reptile,-10.37504768371582,-4.76837158203125e-05
termite,amphibian,-10.312551498413086,-5.14984130859375e-05
termite,fish,-10.250049591064453,-4.9591064453125e-05
termite,arthropod,-5.340576171875e-05,-11.062553405761719
termite,insect,-5.340576171875e-05,-11.250053405761719
termite,bird of prey,-10.062566757202148,-6.67572021484375e-05
termite,aquatic bird,-9.62509536743164,-9.5367431640625e-05
termite,canine,-9.937568664550781,-6.866455078125e-05
termite,feline,-9.937566757202148,-6.67572021484375e-05
termite,primate,-9.937568664550781,-6.866455078125e-05
termite,aquatic mammal,-10.000072479248047,-7.2479248046875e-05
termite,rodent,-10.250049591064453,-4.9591064453125e-05
termite,bat,-9.812578201293945,-7.82012939453125e-05
termite,bear,-9.937566757202148,-6.67572021484375e-05
termite,cat,-9.875072479248047,-7.2479248046875e-05
termite,cheetah,-10.000066757202148,-6.67572021484375e-05
termite,leopard,-9.56259536743164,-9.5367431640625e-05
termite,lion,-9.750080108642578,-8.0108642578125e-05
termite,panther,-9.750082015991211,-8.20159912109375e-05
termite,tiger,-9.43760871887207,-0.0001087188720703125
termite,dog,-10.000064849853516,-6.4849853515625e-05
termite,fox,-10.000064849853516,-6.4849853515625e-05
termite,hyena,-9.937572479248047,-7.2479248046875e-05
termite,wolf,-9.812576293945312,-7.62939453125e-05
termite,raccoon,-9.687583923339844,-8.392333984375e-05
termite,skunk,-9.500099182128906,-9.918212890625e-05
termite,otter,-9.625089645385742,-8.96453857421875e-05
termite,beaver,-9.500097274780273,-9.72747802734375e-05
termite,chipmunk,-10.000066757202148,-6.67572021484375e-05
termite,squirrel,-10.06256103515625,-6.103515625e-05
termite,gerbil,-9.750080108642578,-8.0108642578125e-05
termite,guinea_pig,-9.750082015991211,-8.20159912109375e-05
termite,hamster,-10.062559127807617,-5.91278076171875e-05
termite,mouse,-10.00006103515625,-6.103515625e-05
termite,porcupine,-9.562601089477539,-0.0001010894775390625
termite,rat,-10.062557220458984,-5.7220458984375e-05
termite,buffalo,-9.500102996826172,-0.000102996826171875
termite,cow,-9.625085830688477,-8.58306884765625e-05
termite,ox,-9.500097274780273,-9.72747802734375e-05
termite,goat,-9.750083923339844,-8.392333984375e-05
termite,sheep,-9.875072479248047,-7.2479248046875e-05
termite,deer,-9.687585830688477,-8.58306884765625e-05
termite,moose,-9.750080108642578,-8.0108642578125e-05
termite,giraffe,-9.625089645385742,-8.96453857421875e-05
termite,camel,-9.500101089477539,-0.0001010894775390625
termite,hippo,-9.500099182128906,-9.918212890625e-05
termite,llama,-9.62508773803711,-8.7738037109375e-05
termite,pig,-9.812576293945312,-7.62939453125e-05
termite,donkey,-9.750083923339844,-8.392333984375e-05
termite,horse,-9.625091552734375,-9.1552734375e-05
termite,pony,-9.750080108642578,-8.0108642578125e-05
termite,zebra,-9.562597274780273,-9.72747802734375e-05
termite,rhino,-9.625091552734375,-9.1552734375e-05
termite,gorilla,-9.500097274780273,-9.72747802734375e-05
termite,monkey,-9.87507438659668,-7.43865966796875e-05
termite,hedgehog,-9.937570571899414,-7.05718994140625e-05
termite,rabbit,-9.937566757202148,-6.67572021484375e-05
termite,seal,-8.937664031982422,-0.000164031982421875
termite,walrus,-9.562597274780273,-9.72747802734375e-05
termite,dolphin,-9.687585830688477,-8.58306884765625e-05
termite,whale,-9.87507438659668,-7.43865966796875e-05
termite,elephant,-9.562593460083008,-9.34600830078125e-05
termite,kangaroo,-9.750076293945312,-7.62939453125e-05
termite,platypus,-9.625089645385742,-8.96453857421875e-05
termite,crocodile,-9.750078201293945,-7.82012939453125e-05
termite,alligator,-9.937568664550781,-6.866455078125e-05
termite,lizard,-10.250051498413086,-5.14984130859375e-05
termite,iguana,-10.000062942504883,-6.29425048828125e-05
termite,rattlesnake,-10.000066757202148,-6.67572021484375e-05
termite,tortoise,-9.625089645385742,-8.96453857421875e-05
termite,turtle,-9.812576293945312,-7.62939453125e-05
termite,frog,-10.000062942504883,-6.29425048828125e-05
termite,toad,-9.750080108642578,-8.0108642578125e-05
termite,budgie,-9.625089645385742,-8.96453857421875e-05
termite,parakeet,-9.93757438659668,-7.43865966796875e-05
termite,buzzard,-9.750085830688477,-8.58306884765625e-05
termite,falcon,-10.000064849853516,-6.4849853515625e-05
termite,hawk,-9.937568664550781,-6.866455078125e-05
termite,eagle,-9.812576293945312,-7.62939453125e-05
termite,owl,-9.750082015991211,-8.20159912109375e-05
termite,canary,-9.62508773803711,-8.7738037109375e-05
termite,magpie,-9.687583923339844,-8.392333984375e-05
termite,raven,-9.500101089477539,-0.0001010894775390625
termite,nightingale,-9.500099182128906,-9.918212890625e-05
termite,robin,-9.750078201293945,-7.82012939453125e-05
termite,starling,-9.500104904174805,-0.0001049041748046875
termite,sparrow,-9.937570571899414,-7.05718994140625e-05
termite,wren,-9.562593460083008,-9.34600830078125e-05
termite,chicken,-9.875072479248047,-7.2479248046875e-05
termite,cockerel,-9.500101089477539,-0.0001010894775390625
termite,turkey,-9.250123977661133,-0.0001239776611328125
termite,dove,-9.562591552734375,-9.1552734375e-05
termite,pigeon,-9.875070571899414,-7.05718994140625e-05
termite,partridge,-9.375112533569336,-0.0001125335693359375
termite,peacock,-9.625091552734375,-9.1552734375e-05
termite,crane,-9.062646865844727,-0.0001468658447265625
termite,flamingo,-9.562591552734375,-9.1552734375e-05
termite,heron,-9.68758773803711,-8.7738037109375e-05
termite,duck,-9.750080108642578,-8.0108642578125e-05
termite,goose,-9.62508773803711,-8.7738037109375e-05
termite,pelican,-9.62508773803711,-8.7738037109375e-05
termite,penguin,-9.750080108642578,-8.0108642578125e-05
termite,seagull,-9.937572479248047,-7.2479248046875e-05
termite,swan,-9.687585830688477,-8.58306884765625e-05
termite,hummingbird,-9.812578201293945,-7.82012939453125e-05
termite,kingfisher,-9.625091552734375,-9.1552734375e-05
termite,woodpecker,-9.62508773803711,-8.7738037109375e-05
termite,emu,-9.625089645385742,-8.96453857421875e-05
termite,ostrich,-9.687582015991211,-8.20159912109375e-05
termite,carp,-9.375106811523438,-0.0001068115234375
termite,goldfish,-9.750078201293945,-7.82012939453125e-05
termite,minnow,-9.62509536743164,-9.5367431640625e-05
termite,cod,-9.187627792358398,-0.0001277923583984375
termite,herring,-9.562591552734375,-9.1552734375e-05
termite,sardine,-9.687583923339844,-8.392333984375e-05
termite,salmon,-9.750076293945312,-7.62939453125e-05
termite,trout,-9.750078201293945,-7.82012939453125e-05
termite,eel,-9.875068664550781,-6.866455078125e-05
termite,flounder,-9.500099182128906,-9.918212890625e-05
termite,mackerel,-9.437604904174805,-0.0001049041748046875
termite,tuna,-9.62508773803711,-8.7738037109375e-05
termite,seahorse,-9.56259536743164,-9.5367431640625e-05
termite,shark,-9.875072479248047,-7.2479248046875e-05
termite,bee,-10.062557220458984,-5.7220458984375e-05
termite,hornet,-10.125057220458984,-5.7220458984375e-05
termite,wasp,-10.000064849853516,-6.4849853515625e-05
termite,ant,-8.687694549560547,-0.000194549560546875
termite,beetle,-9.625085830688477,-8.58306884765625e-05
termite,ladybird,-10.062557220458984,-5.7220458984375e-05
termite,butterfly,-9.937566757202148,-6.67572021484375e-05
termite,moth,-9.875070571899414,-7.05718994140625e-05
termite,cockroach,-6.813678741455078,-0.001178741455078125
termite,cricket,-9.1876220703125,-0.0001220703125
termite,grasshopper,-9.875066757202148,-6.67572021484375e-05
termite,locust,-9.500097274780273,-9.72747802734375e-05
termite,dragonfly,-9.937568664550781,-6.866455078125e-05
termite,flea,-10.250051498413086,-5.14984130859375e-05
termite,housefly,-10.125055313110352,-5.53131103515625e-05
termite,mosquito,-10.000064849853516,-6.4849853515625e-05
termite,stick_insect,-9.000146865844727,-0.0001468658447265625
termite,termite,-0.0003509521484375,-8.562850952148438
termite,centipede,-10.187555313110352,-5.53131103515625e-05
termite,millipede,-9.437604904174805,-0.0001049041748046875
termite,scorpion,-10.250051498413086,-5.14984130859375e-05
termite,spider,-10.375045776367188,-4.57763671875e-05
termite,tarantula,-9.750082015991211,-8.20159912109375e-05
termite,crab,-9.875070571899414,-7.05718994140625e-05
termite,crayfish,-9.687583923339844,-8.392333984375e-05
termite,lobster,-8.750185012817383,-0.0001850128173828125
termite,prawn,-7.875421524047852,-0.0004215240478515625
termite,shrimp,-7.688011169433594,-0.00051116943359375
termite,slug,-10.062559127807617,-5.91278076171875e-05
termite,snail,-10.250049591064453,-4.9591064453125e-05
termite,clam,-9.562591552734375,-9.1552734375e-05
termite,mussel,-9.625089645385742,-8.96453857421875e-05
termite,scallop,-9.500099182128906,-9.918212890625e-05
termite,oyster,-9.312614440917969,-0.00011444091796875
termite,squid,-9.875068664550781,-6.866455078125e-05
termite,octopus,-9.81257438659668,-7.43865966796875e-05
termite,worm,-9.000144958496094,-0.00014495849609375
termite,jellyfish,-10.000066757202148,-6.67572021484375e-05
centipede,animal,-6.4849853515625e-05,-11.437564849853516
centipede,vertebrate,-10.437551498413086,-5.14984130859375e-05
centipede,invertebrate,-6.103515625e-05,-11.00006103515625
centipede,mammal,-10.375051498413086,-5.14984130859375e-05
centipede,bird,-10.062566757202148,-6.67572021484375e-05
centipede,reptile,-10.437549591064453,-4.9591064453125e-05
centipede,amphibian,-10.187562942504883,-6.29425048828125e-05
centipede,fish,-10.250055313110352,-5.53131103515625e-05
centipede,arthropod,-4.9591064453125e-05,-11.625049591064453
centipede,insect,-10.12506103515625,-6.103515625e-05
centipede,bird of prey,-9.937578201293945,-7.82012939453125e-05
centipede,aquatic bird,-9.937582015991211,-8.20159912109375e-05
centipede,canine,-9.750083923339844,-8.392333984375e-05
centipede,feline,-9.937572479248047,-7.2479248046875e-05
centipede,primate,-10.125064849853516,-6.4849853515625e-05
centipede,aquatic mammal,-10.000080108642578,-8.0108642578125e-05
centipede,rodent,-10.375053405761719,-5.340576171875e-05
centipede,bat,-9.625099182128906,-9.918212890625e-05
centipede,bear,-9.750083923339844,-8.392333984375e-05
centipede,cat,-9.62509536743164,-9.5367431640625e-05
centipede,cheetah,-9.87507438659668,-7.43865966796875e-05
centipede,leopard,-9.250125885009766,-0.000125885009765625
centipede,lion,-9.375114440917969,-0.00011444091796875
centipede,panther,-9.562599182128906,-9.918212890625e-05
centipede,tiger,-9.062650680541992,-0.0001506805419921875
centipede,dog,-9.937572479248047,-7.2479248046875e-05
centipede,fox,-9.750083923339844,-8.392333984375e-05
centipede,hyena,-9.875078201293945,-7.82012939453125e-05
centipede,wolf,-9.187633514404297,-0.000133514404296875
centipede,raccoon,-9.625093460083008,-9.34600830078125e-05
centipede,skunk,-9.687589645385742,-8.96453857421875e-05
centipede,otter,-9.687589645385742,-8.96453857421875e-05
centipede,beaver,-9.750083923339844,-8.392333984375e-05
centipede,chipmunk,-9.750083923339844,-8.392333984375e-05
centipede,squirrel,-10.000070571899414,-7.05718994140625e-05
centipede,gerbil,-9.750083923339844,-8.392333984375e-05
centipede,guinea_pig,-9.625097274780273,-9.72747802734375e-05
centipede,hamster,-9.87507438659668,-7.43865966796875e-05
centipede,mouse,-9.87507438659668,-7.43865966796875e-05
centipede,porcupine,-9.562601089477539,-0.0001010894775390625
centipede,rat,-9.937572479248047,-7.2479248046875e-05
centipede,buffalo,-9.625099182128906,-9.918212890625e-05
centipede,cow,-9.625097274780273,-9.72747802734375e-05
centipede,ox,-9.187633514404297,-0.000133514404296875
centipede,goat,-9.62509536743164,-9.5367431640625e-05
centipede,sheep,-9.812580108642578,-8.0108642578125e-05
centipede,deer,-9.562601089477539,-0.0001010894775390625
centipede,moose,-9.750085830688477,-8.58306884765625e-05
centipede,giraffe,-9.562601089477539,-0.0001010894775390625
centipede,camel,-9.500104904174805,-0.0001049041748046875
centipede,hippo,-9.312625885009766,-0.000125885009765625
centipede,llama,-9.625093460083008,-9.34600830078125e-05
centipede,pig,-9.62509536743164,-9.5367431640625e-05
centipede,donkey,-9.562602996826172,-0.000102996826171875
centipede,horse,-9.562599182128906,-9.918212890625e-05
centipede,pony,-9.500104904174805,-0.0001049041748046875
centipede,zebra,-9.562602996826172,-0.000102996826171875
centipede,rhino,-9.562602996826172,-0.000102996826171875
centipede,gorilla,-9.62509536743164,-9.5367431640625e-05
centipede,monkey,-9.812580108642578,-8.0108642578125e-05
centipede,hedgehog,-9.687589645385742,-8.96453857421875e-05
centipede,rabbit,-9.937572479248047,-7.2479248046875e-05
centipede,seal,-9.625097274780273,-9.72747802734375e-05
centipede,walrus,-9.500110626220703,-0.000110626220703125
centipede,dolphin,-9.875078201293945,-7.82012939453125e-05
centipede,whale,-9.875078201293945,-7.82012939453125e-05
centipede,elephant,-9.562597274780273,-9.72747802734375e-05
centipede,kangaroo,-9.750083923339844,-8.392333984375e-05
centipede,platypus,-9.75008773803711,-8.7738037109375e-05
centipede,crocodile,-10.000068664550781,-6.866455078125e-05
centipede,alligator,-9.875078201293945,-7.82012939453125e-05
centipede,lizard,-10.375049591064453,-4.9591064453125e-05
centipede,iguana,-10.062564849853516,-6.4849853515625e-05
centipede,rattlesnake,-9.875078201293945,-7.82012939453125e-05
centipede,tortoise,-9.937572479248047,-7.2479248046875e-05
centipede,turtle,-10.000068664550781,-6.866455078125e-05
centipede,frog,-10.062566757202148,-6.67572021484375e-05
centipede,toad,-9.875076293945312,-7.62939453125e-05
centipede,budgie,-9.500104904174805,-0.0001049041748046875
centipede,parakeet,-9.875083923339844,-8.392333984375e-05
centipede,buzzard,-10.00007438659668,-7.43865966796875e-05
centipede,falcon,-9.625093460083008,-9.34600830078125e-05
centipede,hawk,-9.562602996826172,-0.000102996826171875
centipede,eagle,-9.687589645385742,-8.96453857421875e-05
centipede,owl,-9.625091552734375,-9.1552734375e-05
centipede,canary,-9.625091552734375,-9.1552734375e-05
centipede,magpie,-9.62509536743164,-9.5367431640625e-05
centipede,raven,-9.62509536743164,-9.5367431640625e-05
centipede,nightingale,-9.562599182128906,-9.918212890625e-05
centipede,robin,-9.500104904174805,-0.0001049041748046875
centipede,starling,-9.62509536743164,-9.5367431640625e-05
centipede,sparrow,-9.875076293945312,-7.62939453125e-05
centipede,wren,-9.562597274780273,-9.72747802734375e-05
centipede,chicken,-9.750083923339844,-8.392333984375e-05
centipede,cockerel,-9.250129699707031,-0.00012969970703125
centipede,turkey,-9.3126220703125,-0.0001220703125
centipede,dove,-9.750082015991211,-8.20159912109375e-05
centipede,pigeon,-9.687589645385742,-8.96453857421875e-05
centipede,partridge,-9.375116348266602,-0.0001163482666015625
centipede,peacock,-9.437610626220703,-0.000110626220703125
centipede,crane,-9.18763542175293,-0.0001354217529296875
centipede,flamingo,-9.625091552734375,-9.1552734375e-05
centipede,heron,-9.625097274780273,-9.72747802734375e-05
centipede,duck,-9.687589645385742,-8.96453857421875e-05
centipede,goose,-9.500102996826172,-0.000102996826171875
centipede,pelican,-9.687591552734375,-9.1552734375e-05
centipede,penguin,-9.687589645385742,-8.96453857421875e-05
centipede,seagull,-9.750085830688477,-8.58306884765625e-05
centipede,swan,-9.625097274780273,-9.72747802734375e-05
centipede,hummingbird,-9.750083923339844,-8.392333984375e-05
centipede,kingfisher,-9.562601089477539,-0.0001010894775390625
centipede,woodpecker,-9.68758773803711,-8.7738037109375e-05
centipede,emu,-9.62509536743164,-9.5367431640625e-05
centipede,ostrich,-9.750083923339844,-8.392333984375e-05
centipede,carp,-9.375112533569336,-0.0001125335693359375
centipede,goldfish,-9.625093460083008,-9.34600830078125e-05
centipede,minnow,-9.750085830688477,-8.58306884765625e-05
centipede,cod,-9.062646865844727,-0.0001468658447265625
centipede,herring,-9.500102996826172,-0.000102996826171875
centipede,sardine,-9.68758773803711,-8.7738037109375e-05
centipede,salmon,-9.625089645385742,-8.96453857421875e-05
centipede,trout,-9.625089645385742,-8.96453857421875e-05
centipede,eel,-9.875072479248047,-7.2479248046875e-05
centipede,flounder,-9.687589645385742,-8.96453857421875e-05
centipede,mackerel,-9.500102996826172,-0.000102996826171875
centipede,tuna,-9.687585830688477,-8.58306884765625e-05
centipede,seahorse,-9.75008773803711,-8.7738037109375e-05
centipede,shark,-10.062566757202148,-6.67572021484375e-05
centipede,bee,-10.250055313110352,-5.53131103515625e-05
centipede,hornet,-9.937576293945312,-7.62939453125e-05
centipede,wasp,-10.187562942504883,-6.29425048828125e-05
centipede,ant,-10.250053405761719,-5.340576171875e-05
centipede,beetle,-10.562541961669922,-4.1961669921875e-05
centipede,ladybird,-9.750083923339844,-8.392333984375e-05
centipede,butterfly,-10.125062942504883,-6.29425048828125e-05
centipede,moth,-10.12506103515625,-6.103515625e-05
centipede,cockroach,-10.000066757202148,-6.67572021484375e-05
centipede,cricket,-10.125057220458984,-5.7220458984375e-05
centipede,grasshopper,-10.187557220458984,-5.7220458984375e-05
centipede,locust,-10.062564849853516,-6.4849853515625e-05
centipede,dragonfly,-10.000068664550781,-6.866455078125e-05
centipede,flea,-10.125059127807617,-5.91278076171875e-05
centipede,housefly,-10.12506103515625,-6.103515625e-05
centipede,mosquito,-10.000068664550781,-6.866455078125e-05
centipede,stick_insect,-9.937568664550781,-6.866455078125e-05
centipede,termite,-10.062562942504883,-6.29425048828125e-05
centipede,centipede,-0.000843048095703125,-7.563343048095703
centipede,millipede,-9.75008773803711,-8.7738037109375e-05
centipede,scorpion,-10.250053405761719,-5.340576171875e-05
centipede,spider,-10.43754768371582,-4.76837158203125e-05
centipede,tarantula,-10.062564849853516,-6.4849853515625e-05
centipede,crab,-10.125062942504883,-6.29425048828125e-05
centipede,crayfish,-9.750083923339844,-8.392333984375e-05
centipede,lobster,-9.312614440917969,-0.00011444091796875
centipede,prawn,-9.312616348266602,-0.0001163482666015625
centipede,shrimp,-9.437604904174805,-0.0001049041748046875
centipede,slug,-9.875076293945312,-7.62939453125e-05
centipede,snail,-10.187559127807617,-5.91278076171875e-05
centipede,clam,-9.937576293945312,-7.62939453125e-05
centipede,mussel,-10.000070571899414,-7.05718994140625e-05
centipede,scallop,-9.750085830688477,-8.58306884765625e-05
centipede,oyster,-9.562601089477539,-0.0001010894775390625
centipede,squid,-10.062564849853516,-6.4849853515625e-05
centipede,octopus,-9.812582015991211,-8.20159912109375e-05
centipede,worm,-8.875165939331055,-0.0001659393310546875
centipede,jellyfish,-10.125064849853516,-6.4849853515625e-05
millipede,animal,-5.7220458984375e-05,-11.500057220458984
millipede,vertebrate,-10.50004768371582,-4.76837158203125e-05
millipede,invertebrate,-4.57763671875e-05,-11.250045776367188
millipede,mammal,-10.500045776367188,-4.57763671875e-05
millipede,bird,-10.125062942504883,-6.29425048828125e-05
millipede,reptile,-10.50004768371582,-4.76837158203125e-05
millipede,amphibian,-10.312555313110352,-5.53131103515625e-05
millipede,fish,-10.187555313110352,-5.53131103515625e-05
millipede,arthropod,-4.1961669921875e-05,-11.625041961669922
millipede,insect,-10.12506103515625,-6.103515625e-05
millipede,bird of prey,-10.125066757202148,-6.67572021484375e-05
millipede,aquatic bird,-10.062572479248047,-7.2479248046875e-05
millipede,canine,-9.812580108642578,-8.0108642578125e-05
millipede,feline,-9.875076293945312,-7.62939453125e-05
millipede,primate,-10.062568664550781,-6.866455078125e-05
millipede,aquatic mammal,-10.000078201293945,-7.82012939453125e-05
millipede,rodent,-10.375049591064453,-4.9591064453125e-05
millipede,bat,-10.000072479248047,-7.2479248046875e-05
millipede,bear,-9.750083923339844,-8.392333984375e-05
millipede,cat,-9.812578201293945,-7.82012939453125e-05
millipede,cheetah,-10.000068664550781,-6.866455078125e-05
millipede,leopard,-9.437606811523438,-0.0001068115234375
millipede,lion,-9.562599182128906,-9.918212890625e-05
millipede,panther,-9.625093460083008,-9.34600830078125e-05
millipede,tiger,-9.43760871887207,-0.0001087188720703125
millipede,dog,-9.87507438659668,-7.43865966796875e-05
millipede,fox,-10.062566757202148,-6.67572021484375e-05
millipede,hyena,-10.000072479248047,-7.2479248046875e-05
millipede,wolf,-9.68758773803711,-8.7738037109375e-05
millipede,raccoon,-9.750083923339844,-8.392333984375e-05
millipede,skunk,-9.562597274780273,-9.72747802734375e-05
millipede,otter,-9.750085830688477,-8.58306884765625e-05
millipede,beaver,-9.937570571899414,-7.05718994140625e-05
millipede,chipmunk,-9.937570571899414,-7.05718994140625e-05
millipede,squirrel,-10.000068664550781,-6.866455078125e-05
millipede,gerbil,-9.687589645385742,-8.96453857421875e-05
millipede,guinea_pig,-9.687591552734375,-9.1552734375e-05
millipede,hamster,-9.87507438659668,-7.43865966796875e-05
millipede,mouse,-10.000066757202148,-6.67572021484375e-05
millipede,porcupine,-9.437606811523438,-0.0001068115234375
millipede,rat,-10.000068664550781,-6.866455078125e-05
millipede,buffalo,-9.687591552734375,-9.1552734375e-05
millipede,cow,-9.68758773803711,-8.7738037109375e-05
millipede,ox,-9.250125885009766,-0.000125885009765625
millipede,goat,-9.750085830688477,-8.58306884765625e-05
millipede,sheep,-9.750083923339844,-8.392333984375e-05
millipede,deer,-9.750085830688477,-8.58306884765625e-05
millipede,moose,-9.750085830688477,-8.58306884765625e-05
millipede,giraffe,-9.687589645385742,-8.96453857421875e-05
millipede,camel,-9.625093460083008,-9.34600830078125e-05
millipede,hippo,-9.437610626220703,-0.000110626220703125
millipede,llama,-9.500102996826172,-0.000102996826171875
millipede,pig,-9.68758773803711,-8.7738037109375e-05
millipede,donkey,-9.750085830688477,-8.58306884765625e-05
millipede,horse,-9.750083923339844,-8.392333984375e-05
millipede,pony,-9.500102996826172,-0.000102996826171875
millipede,zebra,-9.500104904174805,-0.0001049041748046875
millipede,rhino,-9.562599182128906,-9.918212890625e-05
millipede,gorilla,-9.562597274780273,-9.72747802734375e-05
millipede,monkey,-9.750085830688477,-8.58306884765625e-05
millipede,hedgehog,-9.750083923339844,-8.392333984375e-05
millipede,rabbit,-9.87507438659668,-7.43865966796875e-05
millipede,seal,-9.750083923339844,-8.392333984375e-05
millipede,walrus,-9.625097274780273,-9.72747802734375e-05
millipede,dolphin,-9.812582015991211,-8.20159912109375e-05
millipede,whale,-9.937572479248047,-7.2479248046875e-05
millipede,elephant,-9.500101089477539,-0.0001010894775390625
millipede,kangaroo,-9.87507438659668,-7.43865966796875e-05
millipede,platypus,-10.000072479248047,-7.2479248046875e-05
millipede,crocodile,-9.875076293945312,-7.62939453125e-05
millipede,alligator,-10.000070571899414,-7.05718994140625e-05
millipede,lizard,-10.375051498413086,-5.14984130859375e-05
millipede,iguana,-10.000070571899414,-7.05718994140625e-05
millipede,rattlesnake,-9.875076293945312,-7.62939453125e-05
millipede,tortoise,-10.000066757202148,-6.67572021484375e-05
millipede,turtle,-10.062564849853516,-6.4849853515625e-05
millipede,frog,-10.187557220458984,-5.7220458984375e-05
millipede,toad,-9.87507438659668,-7.43865966796875e-05
millipede,budgie,-9.562599182128906,-9.918212890625e-05
millipede,parakeet,-9.875082015991211,-8.20159912109375e-05
millipede,buzzard,-10.00007438659668,-7.43865966796875e-05
millipede,falcon,-9.75008773803711,-8.7738037109375e-05
millipede,hawk,-9.75008773803711,-8.7738037109375e-05
millipede,eagle,-9.812582015991211,-8.20159912109375e-05
millipede,owl,-9.750083923339844,-8.392333984375e-05
millipede,canary,-9.625091552734375,-9.1552734375e-05
millipede,magpie,-9.750083923339844,-8.392333984375e-05
millipede,raven,-9.625093460083008,-9.34600830078125e-05
millipede,nightingale,-9.625091552734375,-9.1552734375e-05
millipede,robin,-9.625091552734375,-9.1552734375e-05
millipede,starling,-9.62509536743164,-9.5367431640625e-05
millipede,sparrow,-9.812580108642578,-8.0108642578125e-05
millipede,wren,-9.562597274780273,-9.72747802734375e-05
millipede,chicken,-9.812580108642578,-8.0108642578125e-05
millipede,cockerel,-9.3126220703125,-0.0001220703125
millipede,turkey,-9.43760871887207,-0.0001087188720703125
millipede,dove,-9.56259536743164,-9.5367431640625e-05
millipede,pigeon,-9.750083923339844,-8.392333984375e-05
millipede,partridge,-9.500102996826172,-0.000102996826171875
millipede,peacock,-9.437612533569336,-0.0001125335693359375
millipede,crane,-9.500102996826172,-0.000102996826171875
millipede,flamingo,-9.625091552734375,-9.1552734375e-05
millipede,heron,-9.812583923339844,-8.392333984375e-05
millipede,duck,-9.750085830688477,-8.58306884765625e-05
millipede,goose,-9.625093460083008,-9.34600830078125e-05
millipede,pelican,-9.750085830688477,-8.58306884765625e-05
millipede,penguin,-9.68758773803711,-8.7738037109375e-05
millipede,seagull,-9.875078201293945,-7.82012939453125e-05
millipede,swan,-9.687591552734375,-9.1552734375e-05
millipede,hummingbird,-9.812580108642578,-8.0108642578125e-05
millipede,kingfisher,-9.750085830688477,-8.58306884765625e-05
millipede,woodpecker,-9.750083923339844,-8.392333984375e-05
millipede,emu,-9.687589645385742,-8.96453857421875e-05
millipede,ostrich,-9.750083923339844,-8.392333984375e-05
millipede,carp,-9.500101089477539,-0.0001010894775390625
millipede,goldfish,-9.750082015991211,-8.20159912109375e-05
millipede,minnow,-9.875078201293945,-7.82012939453125e-05
millipede,cod,-9.375110626220703,-0.000110626220703125
millipede,herring,-9.562597274780273,-9.72747802734375e-05
millipede,sardine,-9.87507438659668,-7.43865966796875e-05
millipede,salmon,-9.750080108642578,-8.0108642578125e-05
millipede,trout,-9.812578201293945,-7.82012939453125e-05
millipede,eel,-10.12506103515625,-6.103515625e-05
millipede,flounder,-9.750083923339844,-8.392333984375e-05
millipede,mackerel,-9.625093460083008,-9.34600830078125e-05
millipede,tuna,-9.625089645385742,-8.96453857421875e-05
millipede,seahorse,-9.875078201293945,-7.82012939453125e-05
millipede,shark,-10.125062942504883,-6.29425048828125e-05
millipede,bee,-10.187557220458984,-5.7220458984375e-05
millipede,hornet,-10.062568664550781,-6.866455078125e-05
millipede,wasp,-10.312557220458984,-5.7220458984375e-05
millipede,ant,-10.312551498413086,-5.14984130859375e-05
millipede,beetle,-10.250051498413086,-5.14984130859375e-05
millipede,ladybird,-9.875072479248047,-7.2479248046875e-05
millipede,butterfly,-10.125062942504883,-6.29425048828125e-05
millipede,moth,-10.12506103515625,-6.103515625e-05
millipede,cockroach,-9.812576293945312,-7.62939453125e-05
millipede,cricket,-10.125057220458984,-5.7220458984375e-05
millipede,grasshopper,-10.312551498413086,-5.14984130859375e-05
millipede,locust,-10.125059127807617,-5.91278076171875e-05
millipede,dragonfly,-10.125062942504883,-6.29425048828125e-05
millipede,flea,-10.250053405761719,-5.340576171875e-05
millipede,housefly,-10.12506103515625,-6.103515625e-05
millipede,mosquito,-10.12506103515625,-6.103515625e-05
millipede,stick_insect,-9.875070571899414,-7.05718994140625e-05
millipede,termite,-10.250051498413086,-5.14984130859375e-05
millipede,centipede,-10.000068664550781,-6.866455078125e-05
millipede,millipede,-0.0003871917724609375,-8.437887191772461
millipede,scorpion,-10.187557220458984,-5.7220458984375e-05
millipede,spider,-10.500043869018555,-4.38690185546875e-05
millipede,tarantula,-10.000068664550781,-6.866455078125e-05
millipede,crab,-10.250055313110352,-5.53131103515625e-05
millipede,crayfish,-10.062564849853516,-6.4849853515625e-05
millipede,lobster,-9.187625885009766,-0.000125885009765625
millipede,prawn,-9.687583923339844,-8.392333984375e-05
millipede,shrimp,-9.750078201293945,-7.82012939453125e-05
millipede,slug,-9.875070571899414,-7.05718994140625e-05
millipede,snail,-10.125059127807617,-5.91278076171875e-05
millipede,clam,-9.812580108642578,-8.0108642578125e-05
millipede,mussel,-9.812580108642578,-8.0108642578125e-05
millipede,scallop,-9.875076293945312,-7.62939453125e-05
millipede,oyster,-9.68758773803711,-8.7738037109375e-05
millipede,squid,-10.187557220458984,-5.7220458984375e-05
millipede,octopus,-9.937572479248047,-7.2479248046875e-05
millipede,worm,-7.563072204589844,-0.00057220458984375
millipede,jellyfish,-10.125064849853516,-6.4849853515625e-05
scorpion,animal,-4.9591064453125e-05,-11.687549591064453
scorpion,vertebrate,-10.812536239624023,-3.62396240234375e-05
scorpion,invertebrate,-4.76837158203125e-05,-10.87504768371582
scorpion,mammal,-10.75003433227539,-3.4332275390625e-05
scorpion,bird,-10.437545776367188,-4.57763671875e-05
scorpion,reptile,-10.312551498413086,-5.14984130859375e-05
scorpion,amphibian,-10.812536239624023,-3.62396240234375e-05
scorpion,fish,-10.500041961669922,-4.1961669921875e-05
scorpion,arthropod,-3.4332275390625e-05,-11.81253433227539
scorpion,insect,-10.562541961669922,-4.1961669921875e-05
scorpion,bird of prey,-10.50004768371582,-4.76837158203125e-05
scorpion,aquatic bird,-10.000072479248047,-7.2479248046875e-05
scorpion,canine,-10.250055313110352,-5.53131103515625e-05
scorpion,feline,-10.187555313110352,-5.53131103515625e-05
scorpion,primate,-10.43754768371582,-4.76837158203125e-05
scorpion,aquatic mammal,-10.375057220458984,-5.7220458984375e-05
scorpion,rodent,-10.500043869018555,-4.38690185546875e-05
scorpion,bat,-10.18756103515625,-6.103515625e-05
scorpion,bear,-10.125057220458984,-5.7220458984375e-05
scorpion,cat,-10.250051498413086,-5.14984130859375e-05
scorpion,cheetah,-10.375049591064453,-4.9591064453125e-05
scorpion,leopard,-9.750082015991211,-8.20159912109375e-05
scorpion,lion,-9.875072479248047,-7.2479248046875e-05
scorpion,panther,-10.125059127807617,-5.91278076171875e-05
scorpion,tiger,-9.875072479248047,-7.2479248046875e-05
scorpion,dog,-10.250055313110352,-5.53131103515625e-05
scorpion,fox,-10.187557220458984,-5.7220458984375e-05
scorpion,hyena,-10.250055313110352,-5.53131103515625e-05
scorpion,wolf,-9.750080108642578,-8.0108642578125e-05
scorpion,raccoon,-9.937572479248047,-7.2479248046875e-05
scorpion,skunk,-9.875072479248047,-7.2479248046875e-05
scorpion,otter,-10.062562942504883,-6.29425048828125e-05
scorpion,beaver,-10.062562942504883,-6.29425048828125e-05
scorpion,chipmunk,-10.12506103515625,-6.103515625e-05
scorpion,squirrel,-10.312551498413086,-5.14984130859375e-05
scorpion,gerbil,-10.000066757202148,-6.67572021484375e-05
scorpion,guinea_pig,-10.000068664550781,-6.866455078125e-05
scorpion,hamster,-10.125057220458984,-5.7220458984375e-05
scorpion,mouse,-10.187553405761719,-5.340576171875e-05
scorpion,porcupine,-9.687591552734375,-9.1552734375e-05
scorpion,rat,-10.312551498413086,-5.14984130859375e-05
scorpion,buffalo,-9.93757438659668,-7.43865966796875e-05
scorpion,cow,-10.12506103515625,-6.103515625e-05
scorpion,ox,-9.750082015991211,-8.20159912109375e-05
scorpion,goat,-9.937572479248047,-7.2479248046875e-05
scorpion,sheep,-10.12506103515625,-6.103515625e-05
scorpion,deer,-10.125062942504883,-6.29425048828125e-05
scorpion,moose,-9.937572479248047,-7.2479248046875e-05
scorpion,giraffe,-10.000068664550781,-6.866455078125e-05
scorpion,camel,-9.687585830688477,-8.58306884765625e-05
scorpion,hippo,-9.62509536743164,-9.5367431640625e-05
scorpion,llama,-10.000066757202148,-6.67572021484375e-05
scorpion,pig,-10.125062942504883,-6.29425048828125e-05
scorpion,donkey,-9.937572479248047,-7.2479248046875e-05
scorpion,horse,-10.187557220458984,-5.7220458984375e-05
scorpion,pony,-10.000066757202148,-6.67572021484375e-05
scorpion,zebra,-10.062564849853516,-6.4849853515625e-05
scorpion,rhino,-10.062564849853516,-6.4849853515625e-05
scorpion,gorilla,-9.937570571899414,-7.05718994140625e-05
scorpion,monkey,-10.187559127807617,-5.91278076171875e-05
scorpion,hedgehog,-10.125059127807617,-5.91278076171875e-05
scorpion,rabbit,-10.250055313110352,-5.53131103515625e-05
scorpion,seal,-9.937572479248047,-7.2479248046875e-05
scorpion,walrus,-10.000070571899414,-7.05718994140625e-05
scorpion,dolphin,-10.187557220458984,-5.7220458984375e-05
scorpion,whale,-10.187557220458984,-5.7220458984375e-05
scorpion,elephant,-10.000064849853516,-6.4849853515625e-05
scorpion,kangaroo,-10.125059127807617,-5.91278076171875e-05
scorpion,platypus,-9.93757438659668,-7.43865966796875e-05
scorpion,crocodile,-10.062562942504883,-6.29425048828125e-05
scorpion,alligator,-10.312551498413086,-5.14984130859375e-05
scorpion,lizard,-10.81253433227539,-3.4332275390625e-05
scorpion,iguana,-10.312549591064453,-4.9591064453125e-05
scorpion,rattlesnake,-10.500045776367188,-4.57763671875e-05
scorpion,tortoise,-10.250053405761719,-5.340576171875e-05
scorpion,turtle,-10.37504768371582,-4.76837158203125e-05
scorpion,frog,-10.625040054321289,-4.00543212890625e-05
scorpion,toad,-10.312551498413086,-5.14984130859375e-05
scorpion,budgie,-9.750082015991211,-8.20159912109375e-05
scorpion,parakeet,-10.250059127807617,-5.91278076171875e-05
scorpion,buzzard,-10.250055313110352,-5.53131103515625e-05
scorpion,falcon,-10.187557220458984,-5.7220458984375e-05
scorpion,hawk,-10.12506103515625,-6.103515625e-05
scorpion,eagle,-10.12506103515625,-6.103515625e-05
scorpion,owl,-10.125059127807617,-5.91278076171875e-05
scorpion,canary,-10.000064849853516,-6.4849853515625e-05
scorpion,magpie,-10.062562942504883,-6.29425048828125e-05
scorpion,raven,-10.000068664550781,-6.866455078125e-05
scorpion,nightingale,-9.875072479248047,-7.2479248046875e-05
scorpion,robin,-10.000064849853516,-6.4849853515625e-05
scorpion,starling,-9.937570571899414,-7.05718994140625e-05
scorpion,sparrow,-10.187555313110352,-5.53131103515625e-05
scorpion,wren,-9.875072479248047,-7.2479248046875e-05
scorpion,chicken,-10.187557220458984,-5.7220458984375e-05
scorpion,cockerel,-9.625089645385742,-8.96453857421875e-05
scorpion,turkey,-9.750078201293945,-7.82012939453125e-05
scorpion,dove,-9.937568664550781,-6.866455078125e-05
scorpion,pigeon,-10.125057220458984,-5.7220458984375e-05
scorpion,partridge,-9.750082015991211,-8.20159912109375e-05
scorpion,peacock,-9.750082015991211,-8.20159912109375e-05
scorpion,crane,-9.937568664550781,-6.866455078125e-05
scorpion,flamingo,-9.937568664550781,-6.866455078125e-05
scorpion,heron,-10.12506103515625,-6.103515625e-05
scorpion,duck,-10.125059127807617,-5.91278076171875e-05
scorpion,goose,-9.937568664550781,-6.866455078125e-05
scorpion,pelican,-10.000068664550781,-6.866455078125e-05
scorpion,penguin,-10.062562942504883,-6.29425048828125e-05
scorpion,seagull,-10.062564849853516,-6.4849853515625e-05
scorpion,swan,-10.125059127807617,-5.91278076171875e-05
scorpion,hummingbird,-10.125059127807617,-5.91278076171875e-05
scorpion,kingfisher,-10.062562942504883,-6.29425048828125e-05
scorpion,woodpecker,-10.000064849853516,-6.4849853515625e-05
scorpion,emu,-9.937572479248047,-7.2479248046875e-05
scorpion,ostrich,-10.06256103515625,-6.103515625e-05
scorpion,carp,-9.875072479248047,-7.2479248046875e-05
scorpion,goldfish,-10.06256103515625,-6.103515625e-05
scorpion,minnow,-10.187559127807617,-5.91278076171875e-05
scorpion,cod,-9.50009536743164,-9.5367431640625e-05
scorpion,herring,-9.812576293945312,-7.62939453125e-05
scorpion,sardine,-9.812578201293945,-7.82012939453125e-05
scorpion,salmon,-10.000064849853516,-6.4849853515625e-05
scorpion,trout,-10.06256103515625,-6.103515625e-05
scorpion,eel,-10.37504768371582,-4.76837158203125e-05
scorpion,flounder,-9.750080108642578,-8.0108642578125e-05
scorpion,mackerel,-9.812576293945312,-7.62939453125e-05
scorpion,tuna,-9.875072479248047,-7.2479248046875e-05
scorpion,seahorse,-9.93757438659668,-7.43865966796875e-05
scorpion,shark,-10.312551498413086,-5.14984130859375e-05
scorpion,bee,-10.500043869018555,-4.38690185546875e-05
scorpion,hornet,-10.375049591064453,-4.9591064453125e-05
scorpion,wasp,-10.437545776367188,-4.57763671875e-05
scorpion,ant,-10.625038146972656,-3.814697265625e-05
scorpion,beetle,-11.000030517578125,-3.0517578125e-05
scorpion,ladybird,-10.125059127807617,-5.91278076171875e-05
scorpion,butterfly,-10.562543869018555,-4.38690185546875e-05
scorpion,moth,-10.500043869018555,-4.38690185546875e-05
scorpion,cockroach,-10.06256103515625,-6.103515625e-05
scorpion,cricket,-10.250051498413086,-5.14984130859375e-05
scorpion,grasshopper,-10.500043869018555,-4.38690185546875e-05
scorpion,locust,-10.500041961669922,-4.1961669921875e-05
scorpion,dragonfly,-10.312551498413086,-5.14984130859375e-05
scorpion,flea,-10.562541961669922,-4.1961669921875e-05
scorpion,housefly,-10.37504768371582,-4.76837158203125e-05
scorpion,mosquito,-10.312553405761719,-5.340576171875e-05
scorpion,stick_insect,-10.250051498413086,-5.14984130859375e-05
scorpion,termite,-10.250053405761719,-5.340576171875e-05
scorpion,centipede,-10.43754768371582,-4.76837158203125e-05
scorpion,millipede,-10.187557220458984,-5.7220458984375e-05
scorpion,scorpion,-0.0006160736083984375,-7.875616073608398
scorpion,spider,-10.000062942504883,-6.29425048828125e-05
scorpion,tarantula,-10.125059127807617,-5.91278076171875e-05
scorpion,crab,-10.000064849853516,-6.4849853515625e-05
scorpion,crayfish,-9.312616348266602,-0.0001163482666015625
scorpion,lobster,-8.562721252441406,-0.00022125244140625
scorpion,prawn,-9.000152587890625,-0.000152587890625
scorpion,shrimp,-8.500238418579102,-0.0002384185791015625
scorpion,slug,-10.250053405761719,-5.340576171875e-05
scorpion,snail,-10.312549591064453,-4.9591064453125e-05
scorpion,clam,-10.000066757202148,-6.67572021484375e-05
scorpion,mussel,-10.12506103515625,-6.103515625e-05
scorpion,scallop,-9.750080108642578,-8.0108642578125e-05
scorpion,oyster,-9.687585830688477,-8.58306884765625e-05
scorpion,squid,-10.312549591064453,-4.9591064453125e-05
scorpion,octopus,-10.125059127807617,-5.91278076171875e-05
scorpion,worm,-10.437543869018555,-4.38690185546875e-05
scorpion,jellyfish,-10.312555313110352,-5.53131103515625e-05
spider,animal,-5.91278076171875e-05,-11.437559127807617
spider,vertebrate,-10.812536239624023,-3.62396240234375e-05
spider,invertebrate,-4.38690185546875e-05,-11.250043869018555
spider,mammal,-10.750036239624023,-3.62396240234375e-05
spider,bird,-10.500043869018555,-4.38690185546875e-05
spider,reptile,-10.87503433227539,-3.4332275390625e-05
spider,amphibian,-10.562545776367188,-4.57763671875e-05
spider,fish,-10.500043869018555,-4.38690185546875e-05
spider,arthropod,-3.62396240234375e-05,-12.000036239624023
spider,insect,-10.937530517578125,-3.0517578125e-05
spider,bird of prey,-10.062564849853516,-6.4849853515625e-05
spider,aquatic bird,-10.062568664550781,-6.866455078125e-05
spider,canine,-10.12506103515625,-6.103515625e-05
spider,feline,-10.125059127807617,-5.91278076171875e-05
spider,primate,-10.250057220458984,-5.7220458984375e-05
spider,aquatic mammal,-10.125068664550781,-6.866455078125e-05
spider,rodent,-10.562543869018555,-4.38690185546875e-05
spider,bat,-10.125062942504883,-6.29425048828125e-05
spider,bear,-10.062564849853516,-6.4849853515625e-05
spider,cat,-10.250053405761719,-5.340576171875e-05
spider,cheetah,-10.12506103515625,-6.103515625e-05
spider,leopard,-9.625089645385742,-8.96453857421875e-05
spider,lion,-9.625089645385742,-8.96453857421875e-05
spider,panther,-9.750083923339844,-8.392333984375e-05
spider,tiger,-9.687583923339844,-8.392333984375e-05
spider,dog,-10.37504768371582,-4.76837158203125e-05
spider,fox,-10.000066757202148,-6.67572021484375e-05
spider,hyena,-10.125062942504883,-6.29425048828125e-05
spider,wolf,-9.187629699707031,-0.00012969970703125
spider,raccoon,-9.87507438659668,-7.43865966796875e-05
spider,skunk,-9.750083923339844,-8.392333984375e-05
spider,otter,-9.87507438659668,-7.43865966796875e-05
spider,beaver,-10.062564849853516,-6.4849853515625e-05
spider,chipmunk,-10.125064849853516,-6.4849853515625e-05
spider,squirrel,-10.125062942504883,-6.29425048828125e-05
spider,gerbil,-9.937572479248047,-7.2479248046875e-05
spider,guinea_pig,-9.875078201293945,-7.82012939453125e-05
spider,hamster,-10.250053405761719,-5.340576171875e-05
spider,mouse,-10.250055313110352,-5.53131103515625e-05
spider,porcupine,-9.687591552734375,-9.1552734375e-05
spider,rat,-10.250055313110352,-5.53131103515625e-05
spider,buffalo,-9.812580108642578,-8.0108642578125e-05
spider,cow,-10.062564849853516,-6.4849853515625e-05
spider,ox,-9.687585830688477,-8.58306884765625e-05
spider,goat,-10.000068664550781,-6.866455078125e-05
spider,sheep,-10.12506103515625,-6.103515625e-05
spider,deer,-9.875076293945312,-7.62939453125e-05
spider,moose,-10.000070571899414,-7.05718994140625e-05
spider,giraffe,-9.875076293945312,-7.62939453125e-05
spider,camel,-9.750082015991211,-8.20159912109375e-05
spider,hippo,-9.750083923339844,-8.392333984375e-05
spider,llama,-9.812580108642578,-8.0108642578125e-05
spider,pig,-10.062568664550781,-6.866455078125e-05
spider,donkey,-10.00007438659668,-7.43865966796875e-05
spider,horse,-10.062566757202148,-6.67572021484375e-05
spider,pony,-9.937568664550781,-6.866455078125e-05
spider,zebra,-10.000070571899414,-7.05718994140625e-05
spider,rhino,-9.875076293945312,-7.62939453125e-05
spider,gorilla,-9.87507438659668,-7.43865966796875e-05
spider,monkey,-10.12506103515625,-6.103515625e-05
spider,hedgehog,-10.000070571899414,-7.05718994140625e-05
spider,rabbit,-10.187555313110352,-5.53131103515625e-05
spider,seal,-10.000068664550781,-6.866455078125e-05
spider,walrus,-9.750085830688477,-8.58306884765625e-05
spider,dolphin,-10.062564849853516,-6.4849853515625e-05
spider,whale,-10.125062942504883,-6.29425048828125e-05
spider,elephant,-9.87507438659668,-7.43865966796875e-05
spider,kangaroo,-10.062562942504883,-6.29425048828125e-05
spider,platypus,-9.937576293945312,-7.62939453125e-05
spider,crocodile,-10.000066757202148,-6.67572021484375e-05
spider,alligator,-10.062564849853516,-6.4849853515625e-05
spider,lizard,-10.625041961669922,-4.1961669921875e-05
spider,iguana,-10.062564849853516,-6.4849853515625e-05
spider,rattlesnake,-10.125062942504883,-6.29425048828125e-05
spider,tortoise,-10.125059127807617,-5.91278076171875e-05
spider,turtle,-10.12506103515625,-6.103515625e-05
spider,frog,-10.375049591064453,-4.9591064453125e-05
spider,toad,-10.187557220458984,-5.7220458984375e-05
spider,budgie,-9.875076293945312,-7.62939453125e-05
spider,parakeet,-10.187562942504883,-6.29425048828125e-05
spider,buzzard,-10.125064849853516,-6.4849853515625e-05
spider,falcon,-10.062564849853516,-6.4849853515625e-05
spider,hawk,-9.68758773803711,-8.7738037109375e-05
spider,eagle,-10.12506103515625,-6.103515625e-05
spider,owl,-9.937572479248047,-7.2479248046875e-05
spider,canary,-9.750080108642578,-8.0108642578125e-05
spider,magpie,-10.062564849853516,-6.4849853515625e-05
spider,raven,-9.93757438659668,-7.43865966796875e-05
spider,nightingale,-9.750082015991211,-8.20159912109375e-05
spider,robin,-9.937570571899414,-7.05718994140625e-05
spider,starling,-9.875076293945312,-7.62939453125e-05
spider,sparrow,-10.187559127807617,-5.91278076171875e-05
spider,wren,-10.062562942504883,-6.29425048828125e-05
spider,chicken,-10.12506103515625,-6.103515625e-05
spider,cockerel,-9.750083923339844,-8.392333984375e-05
spider,turkey,-9.750080108642578,-8.0108642578125e-05
spider,dove,-10.000066757202148,-6.67572021484375e-05
spider,pigeon,-10.062562942504883,-6.29425048828125e-05
spider,partridge,-9.750083923339844,-8.392333984375e-05
spider,peacock,-9.500102996826172,-0.000102996826171875
spider,crane,-9.625089645385742,-8.96453857421875e-05
spider,flamingo,-9.750080108642578,-8.0108642578125e-05
spider,heron,-10.062568664550781,-6.866455078125e-05
spider,duck,-10.12506103515625,-6.103515625e-05
spider,goose,-9.875072479248047,-7.2479248046875e-05
spider,pelican,-9.750083923339844,-8.392333984375e-05
spider,penguin,-10.000066757202148,-6.67572021484375e-05
spider,seagull,-10.062566757202148,-6.67572021484375e-05
spider,swan,-9.87507438659668,-7.43865966796875e-05
spider,hummingbird,-10.12506103515625,-6.103515625e-05
spider,kingfisher,-10.000070571899414,-7.05718994140625e-05
spider,woodpecker,-10.000066757202148,-6.67572021484375e-05
spider,emu,-9.750083923339844,-8.392333984375e-05
spider,ostrich,-10.000066757202148,-6.67572021484375e-05
spider,carp,-9.750080108642578,-8.0108642578125e-05
spider,goldfish,-9.87507438659668,-7.43865966796875e-05
spider,minnow,-10.125062942504883,-6.29425048828125e-05
spider,cod,-9.500099182128906,-9.918212890625e-05
spider,herring,-9.750082015991211,-8.20159912109375e-05
spider,sardine,-10.000068664550781,-6.866455078125e-05
spider,salmon,-9.875072479248047,-7.2479248046875e-05
spider,trout,-9.875070571899414,-7.05718994140625e-05
spider,eel,-10.375049591064453,-4.9591064453125e-05
spider,flounder,-9.68758773803711,-8.7738037109375e-05
spider,mackerel,-9.750082015991211,-8.20159912109375e-05
spider,tuna,-9.750082015991211,-8.20159912109375e-05
spider,seahorse,-9.937576293945312,-7.62939453125e-05
spider,shark,-10.062564849853516,-6.4849853515625e-05
spider,bee,-10.500043869018555,-4.38690185546875e-05
spider,hornet,-10.375051498413086,-5.14984130859375e-05
spider,wasp,-10.50004768371582,-4.76837158203125e-05
spider,ant,-10.562541961669922,-4.1961669921875e-05
spider,beetle,-11.18752670288086,-2.6702880859375e-05
spider,ladybird,-10.187557220458984,-5.7220458984375e-05
spider,butterfly,-10.375049591064453,-4.9591064453125e-05
spider,moth,-10.312553405761719,-5.340576171875e-05
spider,cockroach,-10.375049591064453,-4.9591064453125e-05
spider,cricket,-10.37504768371582,-4.76837158203125e-05
spider,grasshopper,-10.500045776367188,-4.57763671875e-05
spider,locust,-10.250055313110352,-5.53131103515625e-05
spider,dragonfly,-10.312555313110352,-5.53131103515625e-05
spider,flea,-10.562541961669922,-4.1961669921875e-05
spider,housefly,-10.375051498413086,-5.14984130859375e-05
spider,mosquito,-10.43754768371582,-4.76837158203125e-05
spider,stick_insect,-10.187555313110352,-5.53131103515625e-05
spider,termite,-10.312551498413086,-5.14984130859375e-05
spider,centipede,-10.687540054321289,-4.00543212890625e-05
spider,millipede,-10.187559127807617,-5.91278076171875e-05
spider,scorpion,-10.250053405761719,-5.340576171875e-05
spider,spider,-0.0004711151123046875,-8.250471115112305
spider,tarantula,-9.437612533569336,-0.0001125335693359375
spider,crab,-10.12506103515625,-6.103515625e-05
spider,crayfish,-10.062564849853516,-6.4849853515625e-05
spider,lobster,-9.562591552734375,-9.1552734375e-05
spider,prawn,-9.687583923339844,-8.392333984375e-05
spider,shrimp,-9.687585830688477,-8.58306884765625e-05
spider,slug,-10.312551498413086,-5.14984130859375e-05
spider,snail,-10.375049591064453,-4.9591064453125e-05
spider,clam,-10.062564849853516,-6.4849853515625e-05
spider,mussel,-10.062566757202148,-6.67572021484375e-05
spider,scallop,-9.750082015991211,-8.20159912109375e-05
spider,oyster,-9.625091552734375,-9.1552734375e-05
spider,squid,-10.187559127807617,-5.91278076171875e-05
spider,octopus,-10.062564849853516,-6.4849853515625e-05
spider,worm,-10.500043869018555,-4.38690185546875e-05
spider,jellyfish,-10.312555313110352,-5.53131103515625e-05
tarantula,animal,-7.05718994140625e-05,-11.250070571899414
tarantula,vertebrate,-10.687540054321289,-4.00543212890625e-05
tarantula,invertebrate,-6.103515625e-05,-10.75006103515625
tarantula,mammal,-10.437545776367188,-4.57763671875e-05
tarantula,bird,-10.12506103515625,-6.103515625e-05
tarantula,reptile,-10.750038146972656,-3.814697265625e-05
tarantula,amphibian,-10.500045776367188,-4.57763671875e-05
tarantula,fish,-10.125057220458984,-5.7220458984375e-05
tarantula,arthropod,-4.38690185546875e-05,-11.500043869018555
tarantula,insect,-10.37504768371582,-4.76837158203125e-05
tarantula,bird of prey,-10.125062942504883,-6.29425048828125e-05
tarantula,aquatic bird,-9.75008773803711,-8.7738037109375e-05
tarantula,canine,-9.937572479248047,-7.2479248046875e-05
tarantula,feline,-10.000064849853516,-6.4849853515625e-05
tarantula,primate,-10.125062942504883,-6.29425048828125e-05
tarantula,aquatic mammal,-9.875082015991211,-8.20159912109375e-05
tarantula,rodent,-10.437545776367188,-4.57763671875e-05
tarantula,bat,-10.000068664550781,-6.866455078125e-05
tarantula,bear,-9.562593460083008,-9.34600830078125e-05
tarantula,cat,-9.875072479248047,-7.2479248046875e-05
tarantula,cheetah,-9.937572479248047,-7.2479248046875e-05
tarantula,leopard,-9.000154495239258,-0.0001544952392578125
tarantula,lion,-9.000150680541992,-0.0001506805419921875
tarantula,panther,-9.125137329101562,-0.0001373291015625
tarantula,tiger,-9.000152587890625,-0.000152587890625
tarantula,dog,-10.000068664550781,-6.866455078125e-05
tarantula,fox,-9.937570571899414,-7.05718994140625e-05
tarantula,hyena,-10.000068664550781,-6.866455078125e-05
tarantula,wolf,-8.500238418579102,-0.0002384185791015625
tarantula,raccoon,-9.562599182128906,-9.918212890625e-05
tarantula,skunk,-9.56259536743164,-9.5367431640625e-05
tarantula,otter,-9.750083923339844,-8.392333984375e-05
tarantula,beaver,-9.750082015991211,-8.20159912109375e-05
tarantula,chipmunk,-9.87507438659668,-7.43865966796875e-05
tarantula,squirrel,-10.062564849853516,-6.4849853515625e-05
tarantula,gerbil,-9.625091552734375,-9.1552734375e-05
tarantula,guinea_pig,-9.750083923339844,-8.392333984375e-05
tarantula,hamster,-9.875070571899414,-7.05718994140625e-05
tarantula,mouse,-9.687583923339844,-8.392333984375e-05
tarantula,porcupine,-9.437612533569336,-0.0001125335693359375
tarantula,rat,-9.437604904174805,-0.0001049041748046875
tarantula,buffalo,-9.375116348266602,-0.0001163482666015625
tarantula,cow,-9.562599182128906,-9.918212890625e-05
tarantula,ox,-9.312620162963867,-0.0001201629638671875
tarantula,goat,-9.625093460083008,-9.34600830078125e-05
tarantula,sheep,-9.625091552734375,-9.1552734375e-05
tarantula,deer,-9.62509536743164,-9.5367431640625e-05
tarantula,moose,-9.62509536743164,-9.5367431640625e-05
tarantula,giraffe,-9.625093460083008,-9.34600830078125e-05
tarantula,camel,-9.437606811523438,-0.0001068115234375
tarantula,hippo,-9.437610626220703,-0.000110626220703125
tarantula,llama,-9.500102996826172,-0.000102996826171875
tarantula,pig,-9.750083923339844,-8.392333984375e-05
tarantula,donkey,-9.750083923339844,-8.392333984375e-05
tarantula,horse,-9.750085830688477,-8.58306884765625e-05
tarantula,pony,-9.562597274780273,-9.72747802734375e-05
tarantula,zebra,-9.43760871887207,-0.0001087188720703125
tarantula,rhino,-9.625093460083008,-9.34600830078125e-05
tarantula,gorilla,-9.625091552734375,-9.1552734375e-05
tarantula,monkey,-10.000066757202148,-6.67572021484375e-05
tarantula,hedgehog,-9.625093460083008,-9.34600830078125e-05
tarantula,rabbit,-9.87507438659668,-7.43865966796875e-05
tarantula,seal,-9.750082015991211,-8.20159912109375e-05
tarantula,walrus,-9.437612533569336,-0.0001125335693359375
tarantula,dolphin,-9.812578201293945,-7.82012939453125e-05
tarantula,whale,-9.812580108642578,-8.0108642578125e-05
tarantula,elephant,-9.437606811523438,-0.0001068115234375
tarantula,kangaroo,-9.750082015991211,-8.20159912109375e-05
tarantula,platypus,-9.750085830688477,-8.58306884765625e-05
tarantula,crocodile,-9.875072479248047,-7.2479248046875e-05
tarantula,alligator,-10.000068664550781,-6.866455078125e-05
tarantula,lizard,-10.625040054321289,-4.00543212890625e-05
tarantula,iguana,-10.062562942504883,-6.29425048828125e-05
tarantula,rattlesnake,-10.062568664550781,-6.866455078125e-05
tarantula,tortoise,-9.875070571899414,-7.05718994140625e-05
tarantula,turtle,-9.87507438659668,-7.43865966796875e-05
tarantula,frog,-10.250053405761719,-5.340576171875e-05
tarantula,toad,-9.937572479248047,-7.2479248046875e-05
tarantula,budgie,-9.625093460083008,-9.34600830078125e-05
tarantula,parakeet,-10.00007438659668,-7.43865966796875e-05
tarantula,buzzard,-9.875078201293945,-7.82012939453125e-05
tarantula,falcon,-9.812576293945312,-7.62939453125e-05
tarantula,hawk,-9.312620162963867,-0.0001201629638671875
tarantula,eagle,-9.750082015991211,-8.20159912109375e-05
tarantula,owl,-9.625091552734375,-9.1552734375e-05
tarantula,canary,-9.687585830688477,-8.58306884765625e-05
tarantula,magpie,-9.750082015991211,-8.20159912109375e-05
tarantula,raven,-9.437610626220703,-0.000110626220703125
tarantula,nightingale,-9.562593460083008,-9.34600830078125e-05
tarantula,robin,-9.687583923339844,-8.392333984375e-05
tarantula,starling,-9.437610626220703,-0.000110626220703125
tarantula,sparrow,-9.687585830688477,-8.58306884765625e-05
tarantula,wren,-9.625089645385742,-8.96453857421875e-05
tarantula,chicken,-9.87507438659668,-7.43865966796875e-05
tarantula,cockerel,-9.375114440917969,-0.00011444091796875
tarantula,turkey,-9.312620162963867,-0.0001201629638671875
tarantula,dove,-9.687585830688477,-8.58306884765625e-05
tarantula,pigeon,-10.000066757202148,-6.67572021484375e-05
tarantula,partridge,-9.312623977661133,-0.0001239776611328125
tarantula,peacock,-9.375114440917969,-0.00011444091796875
tarantula,crane,-9.250125885009766,-0.000125885009765625
tarantula,flamingo,-9.625091552734375,-9.1552734375e-05
tarantula,heron,-9.875076293945312,-7.62939453125e-05
tarantula,duck,-9.750082015991211,-8.20159912109375e-05
tarantula,goose,-9.625089645385742,-8.96453857421875e-05
tarantula,pelican,-9.625093460083008,-9.34600830078125e-05
tarantula,penguin,-9.68758773803711,-8.7738037109375e-05
tarantula,seagull,-10.000068664550781,-6.866455078125e-05
tarantula,swan,-9.750080108642578,-8.0108642578125e-05
tarantula,hummingbird,-9.687585830688477,-8.58306884765625e-05
tarantula,kingfisher,-9.625091552734375,-9.1552734375e-05
tarantula,woodpecker,-9.687585830688477,-8.58306884765625e-05
tarantula,emu,-9.625093460083008,-9.34600830078125e-05
tarantula,ostrich,-9.625089645385742,-8.96453857421875e-05
tarantula,carp,-9.437606811523438,-0.0001068115234375
tarantula,goldfish,-9.875072479248047,-7.2479248046875e-05
tarantula,minnow,-9.750085830688477,-8.58306884765625e-05
tarantula,cod,-9.187629699707031,-0.00012969970703125
tarantula,herring,-9.437604904174805,-0.0001049041748046875
tarantula,sardine,-9.625089645385742,-8.96453857421875e-05
tarantula,salmon,-9.81257438659668,-7.43865966796875e-05
tarantula,trout,-9.62508773803711,-8.7738037109375e-05
tarantula,eel,-10.062562942504883,-6.29425048828125e-05
tarantula,flounder,-9.500101089477539,-0.0001010894775390625
tarantula,mackerel,-9.437604904174805,-0.0001049041748046875
tarantula,tuna,-9.625089645385742,-8.96453857421875e-05
tarantula,seahorse,-9.750085830688477,-8.58306884765625e-05
tarantula,shark,-10.000068664550781,-6.866455078125e-05
tarantula,bee,-10.187557220458984,-5.7220458984375e-05
tarantula,hornet,-10.062566757202148,-6.67572021484375e-05
tarantula,wasp,-10.250059127807617,-5.91278076171875e-05
tarantula,ant,-10.250053405761719,-5.340576171875e-05
tarantula,beetle,-10.562541961669922,-4.1961669921875e-05
tarantula,ladybird,-9.687585830688477,-8.58306884765625e-05
tarantula,butterfly,-10.062564849853516,-6.4849853515625e-05
tarantula,moth,-10.000066757202148,-6.67572021484375e-05
tarantula,cockroach,-10.062562942504883,-6.29425048828125e-05
tarantula,cricket,-10.06256103515625,-6.103515625e-05
tarantula,grasshopper,-10.187555313110352,-5.53131103515625e-05
tarantula,locust,-10.062562942504883,-6.29425048828125e-05
tarantula,dragonfly,-10.000066757202148,-6.67572021484375e-05
tarantula,flea,-10.125059127807617,-5.91278076171875e-05
tarantula,housefly,-10.062564849853516,-6.4849853515625e-05
tarantula,mosquito,-10.000068664550781,-6.866455078125e-05
tarantula,stick_insect,-10.187553405761719,-5.340576171875e-05
tarantula,termite,-9.937568664550781,-6.866455078125e-05
tarantula,centipede,-10.312555313110352,-5.53131103515625e-05
tarantula,millipede,-10.12506103515625,-6.103515625e-05
tarantula,scorpion,-10.312551498413086,-5.14984130859375e-05
tarantula,spider,-4.9591064453125e-05,-11.500049591064453
tarantula,tarantula,-0.000278472900390625,-8.93777847290039
tarantula,crab,-9.750083923339844,-8.392333984375e-05
tarantula,crayfish,-9.750083923339844,-8.392333984375e-05
tarantula,lobster,-9.12513542175293,-0.0001354217529296875
tarantula,prawn,-9.437602996826172,-0.000102996826171875
tarantula,shrimp,-9.375110626220703,-0.000110626220703125
tarantula,slug,-10.000066757202148,-6.67572021484375e-05
tarantula,snail,-10.187555313110352,-5.53131103515625e-05
tarantula,clam,-9.625093460083008,-9.34600830078125e-05
tarantula,mussel,-9.625093460083008,-9.34600830078125e-05
tarantula,scallop,-9.500099182128906,-9.918212890625e-05
tarantula,oyster,-9.312618255615234,-0.000118255615234375
tarantula,squid,-10.062562942504883,-6.29425048828125e-05
tarantula,octopus,-10.062564849853516,-6.4849853515625e-05
tarantula,worm,-10.375045776367188,-4.57763671875e-05
tarantula,jellyfish,-10.187559127807617,-5.91278076171875e-05
crab,animal,-4.57763671875e-05,-12.000045776367188
crab,vertebrate,-10.625041961669922,-4.1961669921875e-05
crab,invertebrate,-4.57763671875e-05,-11.312545776367188
crab,mammal,-10.437545776367188,-4.57763671875e-05
crab,bird,-10.062564849853516,-6.4849853515625e-05
crab,reptile,-10.437549591064453,-4.9591064453125e-05
crab,amphibian,-10.437551498413086,-5.14984130859375e-05
crab,fish,-10.250051498413086,-5.14984130859375e-05
crab,arthropod,-3.4332275390625e-05,-12.12503433227539
crab,insect,-10.43754768371582,-4.76837158203125e-05
crab,bird of prey,-9.937578201293945,-7.82012939453125e-05
crab,aquatic bird,-9.875082015991211,-8.20159912109375e-05
crab,canine,-10.000068664550781,-6.866455078125e-05
crab,feline,-10.000064849853516,-6.4849853515625e-05
crab,primate,-10.12506103515625,-6.103515625e-05
crab,aquatic mammal,-10.000072479248047,-7.2479248046875e-05
crab,rodent,-10.250055313110352,-5.53131103515625e-05
crab,bat,-9.93757438659668,-7.43865966796875e-05
crab,bear,-9.56259536743164,-9.5367431640625e-05
crab,cat,-9.625091552734375,-9.1552734375e-05
crab,cheetah,-9.937570571899414,-7.05718994140625e-05
crab,leopard,-9.000158309936523,-0.0001583099365234375
crab,lion,-9.187633514404297,-0.000133514404296875
crab,panther,-9.625093460083008,-9.34600830078125e-05
crab,tiger,-9.125143051147461,-0.0001430511474609375
crab,dog,-9.937570571899414,-7.05718994140625e-05
crab,fox,-10.000066757202148,-6.67572021484375e-05
crab,hyena,-9.750085830688477,-8.58306884765625e-05
crab,wolf,-9.625093460083008,-9.34600830078125e-05
crab,raccoon,-9.437606811523438,-0.0001068115234375
crab,skunk,-9.56259536743164,-9.5367431640625e-05
crab,otter,-9.750082015991211,-8.20159912109375e-05
crab,beaver,-9.62508773803711,-8.7738037109375e-05
crab,chipmunk,-9.812576293945312,-7.62939453125e-05
crab,squirrel,-9.937572479248047,-7.2479248046875e-05
crab,gerbil,-9.687585830688477,-8.58306884765625e-05
crab,guinea_pig,-9.750083923339844,-8.392333984375e-05
crab,hamster,-9.875070571899414,-7.05718994140625e-05
crab,mouse,-9.875068664550781,-6.866455078125e-05
crab,porcupine,-9.375116348266602,-0.0001163482666015625
crab,rat,-9.937570571899414,-7.05718994140625e-05
crab,buffalo,-9.500102996826172,-0.000102996826171875
crab,cow,-9.750082015991211,-8.20159912109375e-05
crab,ox,-9.375110626220703,-0.000110626220703125
crab,goat,-9.68758773803711,-8.7738037109375e-05
crab,sheep,-9.87507438659668,-7.43865966796875e-05
crab,deer,-9.937572479248047,-7.2479248046875e-05
crab,moose,-9.68758773803711,-8.7738037109375e-05
crab,giraffe,-9.625091552734375,-9.1552734375e-05
crab,camel,-9.56259536743164,-9.5367431640625e-05
crab,hippo,-9.375116348266602,-0.0001163482666015625
crab,llama,-9.750080108642578,-8.0108642578125e-05
crab,pig,-9.68758773803711,-8.7738037109375e-05
crab,donkey,-9.750083923339844,-8.392333984375e-05
crab,horse,-9.875076293945312,-7.62939453125e-05
crab,pony,-9.625091552734375,-9.1552734375e-05
crab,zebra,-9.500106811523438,-0.0001068115234375
crab,rhino,-9.750083923339844,-8.392333984375e-05
crab,gorilla,-9.562593460083008,-9.34600830078125e-05
crab,monkey,-10.000068664550781,-6.866455078125e-05
crab,hedgehog,-9.68758773803711,-8.7738037109375e-05
crab,rabbit,-10.000068664550781,-6.866455078125e-05
crab,seal,-9.750082015991211,-8.20159912109375e-05
crab,walrus,-9.500101089477539,-0.0001010894775390625
crab,dolphin,-9.937570571899414,-7.05718994140625e-05
crab,whale,-10.12506103515625,-6.103515625e-05
crab,elephant,-9.625091552734375,-9.1552734375e-05
crab,kangaroo,-9.875072479248047,-7.2479248046875e-05
crab,platypus,-9.93757438659668,-7.43865966796875e-05
crab,crocodile,-9.937570571899414,-7.05718994140625e-05
crab,alligator,-9.937572479248047,-7.2479248046875e-05
crab,lizard,-10.375049591064453,-4.9591064453125e-05
crab,iguana,-10.062562942504883,-6.29425048828125e-05
crab,rattlesnake,-9.937572479248047,-7.2479248046875e-05
crab,tortoise,-9.62508773803711,-8.7738037109375e-05
crab,turtle,-9.750080108642578,-8.0108642578125e-05
crab,frog,-10.250055313110352,-5.53131103515625e-05
crab,toad,-9.875076293945312,-7.62939453125e-05
crab,budgie,-9.56259536743164,-9.5367431640625e-05
crab,parakeet,-9.937576293945312,-7.62939453125e-05
crab,buzzard,-9.750085830688477,-8.58306884765625e-05
crab,falcon,-9.750082015991211,-8.20159912109375e-05
crab,hawk,-9.875076293945312,-7.62939453125e-05
crab,eagle,-9.875076293945312,-7.62939453125e-05
crab,owl,-9.750082015991211,-8.20159912109375e-05
crab,canary,-9.62508773803711,-8.7738037109375e-05
crab,magpie,-9.68758773803711,-8.7738037109375e-05
crab,raven,-9.500102996826172,-0.000102996826171875
crab,nightingale,-9.375112533569336,-0.0001125335693359375
crab,robin,-9.687583923339844,-8.392333984375e-05
crab,starling,-9.625093460083008,-9.34600830078125e-05
crab,sparrow,-9.812580108642578,-8.0108642578125e-05
crab,wren,-9.625089645385742,-8.96453857421875e-05
crab,chicken,-9.750082015991211,-8.20159912109375e-05
crab,cockerel,-9.43760871887207,-0.0001087188720703125
crab,turkey,-9.500101089477539,-0.0001010894775390625
crab,dove,-9.687585830688477,-8.58306884765625e-05
crab,pigeon,-9.875072479248047,-7.2479248046875e-05
crab,partridge,-9.68758773803711,-8.7738037109375e-05
crab,peacock,-9.500102996826172,-0.000102996826171875
crab,crane,-9.000150680541992,-0.0001506805419921875
crab,flamingo,-9.62508773803711,-8.7738037109375e-05
crab,heron,-9.93757438659668,-7.43865966796875e-05
crab,duck,-9.937570571899414,-7.05718994140625e-05
crab,goose,-9.687583923339844,-8.392333984375e-05
crab,pelican,-9.625091552734375,-9.1552734375e-05
crab,penguin,-9.625089645385742,-8.96453857421875e-05
crab,seagull,-9.937572479248047,-7.2479248046875e-05
crab,swan,-9.750078201293945,-7.82012939453125e-05
crab,hummingbird,-9.87507438659668,-7.43865966796875e-05
crab,kingfisher,-9.625093460083008,-9.34600830078125e-05
crab,woodpecker,-9.687585830688477,-8.58306884765625e-05
crab,emu,-9.562597274780273,-9.72747802734375e-05
crab,ostrich,-9.81257438659668,-7.43865966796875e-05
crab,carp,-9.750082015991211,-8.20159912109375e-05
crab,goldfish,-9.875072479248047,-7.2479248046875e-05
crab,minnow,-10.000070571899414,-7.05718994140625e-05
crab,cod,-9.687582015991211,-8.20159912109375e-05
crab,herring,-9.875072479248047,-7.2479248046875e-05
crab,sardine,-10.06256103515625,-6.103515625e-05
crab,salmon,-10.06256103515625,-6.103515625e-05
crab,trout,-10.06256103515625,-6.103515625e-05
crab,eel,-10.375049591064453,-4.9591064453125e-05
crab,flounder,-9.937566757202148,-6.67572021484375e-05
crab,mackerel,-9.750082015991211,-8.20159912109375e-05
crab,tuna,-9.750080108642578,-8.0108642578125e-05
crab,seahorse,-9.937572479248047,-7.2479248046875e-05
crab,shark,-10.312551498413086,-5.14984130859375e-05
crab,bee,-10.000068664550781,-6.866455078125e-05
crab,hornet,-9.812582015991211,-8.20159912109375e-05
crab,wasp,-10.000070571899414,-7.05718994140625e-05
crab,ant,-10.000064849853516,-6.4849853515625e-05
crab,beetle,-10.37504768371582,-4.76837158203125e-05
crab,ladybird,-9.625089645385742,-8.96453857421875e-05
crab,butterfly,-10.000068664550781,-6.866455078125e-05
crab,moth,-9.937570571899414,-7.05718994140625e-05
crab,cockroach,-9.875070571899414,-7.05718994140625e-05
crab,cricket,-10.000066757202148,-6.67572021484375e-05
crab,grasshopper,-10.250055313110352,-5.53131103515625e-05
crab,locust,-10.125059127807617,-5.91278076171875e-05
crab,dragonfly,-10.062564849853516,-6.4849853515625e-05
crab,flea,-9.937568664550781,-6.866455078125e-05
crab,housefly,-10.000068664550781,-6.866455078125e-05
crab,mosquito,-9.875076293945312,-7.62939453125e-05
crab,stick_insect,-9.937568664550781,-6.866455078125e-05
crab,termite,-9.875072479248047,-7.2479248046875e-05
crab,centipede,-10.12506103515625,-6.103515625e-05
crab,millipede,-9.875072479248047,-7.2479248046875e-05
crab,scorpion,-9.375112533569336,-0.0001125335693359375
crab,spider,-9.750082015991211,-8.20159912109375e-05
crab,tarantula,-9.750083923339844,-8.392333984375e-05
crab,crab,-0.0002155303955078125,-9.187715530395508
crab,crayfish,-6.688901901245117,-0.0014019012451171875
crab,lobster,-7.625541687011719,-0.00054168701171875
crab,prawn,-7.688009262084961,-0.0005092620849609375
crab,shrimp,-8.062850952148438,-0.0003509521484375
crab,slug,-9.812576293945312,-7.62939453125e-05
crab,snail,-9.37510871887207,-0.0001087188720703125
crab,clam,-9.562593460083008,-9.34600830078125e-05
crab,mussel,-9.875070571899414,-7.05718994140625e-05
crab,scallop,-9.625089645385742,-8.96453857421875e-05
crab,oyster,-9.312614440917969,-0.00011444091796875
crab,squid,-10.37504768371582,-4.76837158203125e-05
crab,octopus,-10.125057220458984,-5.7220458984375e-05
crab,worm,-10.125055313110352,-5.53131103515625e-05
crab,jellyfish,-10.43754768371582,-4.76837158203125e-05
crayfish,animal,-5.14984130859375e-05,-12.000051498413086
crayfish,vertebrate,-10.687538146972656,-3.814697265625e-05
crayfish,invertebrate,-4.57763671875e-05,-11.250045776367188
crayfish,mammal,-10.37504768371582,-4.76837158203125e-05
crayfish,bird,-10.062564849853516,-6.4849853515625e-05
crayfish,reptile,-10.437545776367188,-4.57763671875e-05
crayfish,amphibian,-10.12506103515625,-6.103515625e-05
crayfish,fish,-10.062559127807617,-5.91278076171875e-05
crayfish,arthropod,-4.1961669921875e-05,-12.000041961669922
crayfish,insect,-9.750082015991211,-8.20159912109375e-05
crayfish,bird of prey,-9.875082015991211,-8.20159912109375e-05
crayfish,aquatic bird,-9.875082015991211,-8.20159912109375e-05
crayfish,canine,-9.937572479248047,-7.2479248046875e-05
crayfish,feline,-9.81257438659668,-7.43865966796875e-05
crayfish,primate,-9.937572479248047,-7.2479248046875e-05
crayfish,aquatic mammal,-10.062566757202148,-6.67572021484375e-05
crayfish,rodent,-10.125057220458984,-5.7220458984375e-05
crayfish,bat,-9.812585830688477,-8.58306884765625e-05
crayfish,bear,-9.250125885009766,-0.000125885009765625
crayfish,cat,-9.437606811523438,-0.0001068115234375
crayfish,cheetah,-9.937570571899414,-7.05718994140625e-05
crayfish,leopard,-9.000162124633789,-0.0001621246337890625
crayfish,lion,-9.18763542175293,-0.0001354217529296875
crayfish,panther,-9.187637329101562,-0.0001373291015625
crayfish,tiger,-8.625219345092773,-0.0002193450927734375
crayfish,dog,-9.812580108642578,-8.0108642578125e-05
crayfish,fox,-9.750083923339844,-8.392333984375e-05
crayfish,hyena,-9.75008773803711,-8.7738037109375e-05
crayfish,wolf,-9.187633514404297,-0.000133514404296875
crayfish,raccoon,-9.250123977661133,-0.0001239776611328125
crayfish,skunk,-9.2501220703125,-0.0001220703125
crayfish,otter,-9.81257438659668,-7.43865966796875e-05
crayfish,beaver,-9.437602996826172,-0.000102996826171875
crayfish,chipmunk,-9.750082015991211,-8.20159912109375e-05
crayfish,squirrel,-9.750083923339844,-8.392333984375e-05
crayfish,gerbil,-9.750082015991211,-8.20159912109375e-05
crayfish,guinea_pig,-9.62509536743164,-9.5367431640625e-05
crayfish,hamster,-9.81257438659668,-7.43865966796875e-05
crayfish,mouse,-9.875070571899414,-7.05718994140625e-05
crayfish,porcupine,-9.187641143798828,-0.000141143798828125
crayfish,rat,-9.500101089477539,-0.0001010894775390625
crayfish,buffalo,-9.375116348266602,-0.0001163482666015625
crayfish,cow,-9.68758773803711,-8.7738037109375e-05
crayfish,ox,-9.000158309936523,-0.0001583099365234375
crayfish,goat,-9.562599182128906,-9.918212890625e-05
crayfish,sheep,-9.750083923339844,-8.392333984375e-05
crayfish,deer,-9.625093460083008,-9.34600830078125e-05
crayfish,moose,-9.56259536743164,-9.5367431640625e-05
crayfish,giraffe,-9.625091552734375,-9.1552734375e-05
crayfish,camel,-9.500101089477539,-0.0001010894775390625
crayfish,hippo,-9.250129699707031,-0.00012969970703125
crayfish,llama,-9.562597274780273,-9.72747802734375e-05
crayfish,pig,-9.625091552734375,-9.1552734375e-05
crayfish,donkey,-9.625097274780273,-9.72747802734375e-05
crayfish,horse,-9.62509536743164,-9.5367431640625e-05
crayfish,pony,-9.68758773803711,-8.7738037109375e-05
crayfish,zebra,-9.250131607055664,-0.0001316070556640625
crayfish,rhino,-9.562599182128906,-9.918212890625e-05
crayfish,gorilla,-9.625089645385742,-8.96453857421875e-05
crayfish,monkey,-9.875076293945312,-7.62939453125e-05
crayfish,hedgehog,-9.562599182128906,-9.918212890625e-05
crayfish,rabbit,-9.87507438659668,-7.43865966796875e-05
crayfish,seal,-9.750082015991211,-8.20159912109375e-05
crayfish,walrus,-9.625093460083008,-9.34600830078125e-05
crayfish,dolphin,-9.750080108642578,-8.0108642578125e-05
crayfish,whale,-9.937570571899414,-7.05718994140625e-05
crayfish,elephant,-9.437606811523438,-0.0001068115234375
crayfish,kangaroo,-9.687583923339844,-8.392333984375e-05
crayfish,platypus,-9.62509536743164,-9.5367431640625e-05
crayfish,crocodile,-9.625091552734375,-9.1552734375e-05
crayfish,alligator,-9.500101089477539,-0.0001010894775390625
crayfish,lizard,-10.250055313110352,-5.53131103515625e-05
crayfish,iguana,-9.875070571899414,-7.05718994140625e-05
crayfish,rattlesnake,-9.68758773803711,-8.7738037109375e-05
crayfish,tortoise,-9.937568664550781,-6.866455078125e-05
crayfish,turtle,-10.000064849853516,-6.4849853515625e-05
crayfish,frog,-10.187557220458984,-5.7220458984375e-05
crayfish,toad,-9.937568664550781,-6.866455078125e-05
crayfish,budgie,-9.625093460083008,-9.34600830078125e-05
crayfish,parakeet,-9.937576293945312,-7.62939453125e-05
crayfish,buzzard,-9.875080108642578,-8.0108642578125e-05
crayfish,falcon,-9.625093460083008,-9.34600830078125e-05
crayfish,hawk,-9.687589645385742,-8.96453857421875e-05
crayfish,eagle,-9.625093460083008,-9.34600830078125e-05
crayfish,owl,-9.625089645385742,-8.96453857421875e-05
crayfish,canary,-9.687583923339844,-8.392333984375e-05
crayfish,magpie,-9.625091552734375,-9.1552734375e-05
crayfish,raven,-9.500104904174805,-0.0001049041748046875
crayfish,nightingale,-9.375114440917969,-0.00011444091796875
crayfish,robin,-9.500101089477539,-0.0001010894775390625
crayfish,starling,-9.500106811523438,-0.0001068115234375
crayfish,sparrow,-9.812578201293945,-7.82012939453125e-05
crayfish,wren,-9.437606811523438,-0.0001068115234375
crayfish,chicken,-9.750082015991211,-8.20159912109375e-05
crayfish,cockerel,-9.375116348266602,-0.0001163482666015625
crayfish,turkey,-9.250125885009766,-0.000125885009765625
crayfish,dove,-9.625089645385742,-8.96453857421875e-05
crayfish,pigeon,-9.937570571899414,-7.05718994140625e-05
crayfish,partridge,-9.562601089477539,-0.0001010894775390625
crayfish,peacock,-9.250129699707031,-0.00012969970703125
crayfish,crane,-8.937664031982422,-0.000164031982421875
crayfish,flamingo,-9.500099182128906,-9.918212890625e-05
crayfish,heron,-9.750089645385742,-8.96453857421875e-05
crayfish,duck,-9.875076293945312,-7.62939453125e-05
crayfish,goose,-9.62508773803711,-8.7738037109375e-05
crayfish,pelican,-9.500102996826172,-0.000102996826171875
crayfish,penguin,-9.625091552734375,-9.1552734375e-05
crayfish,seagull,-9.937572479248047,-7.2479248046875e-05
crayfish,swan,-9.750082015991211,-8.20159912109375e-05
crayfish,hummingbird,-9.625093460083008,-9.34600830078125e-05
crayfish,kingfisher,-9.68758773803711,-8.7738037109375e-05
crayfish,woodpecker,-9.625089645385742,-8.96453857421875e-05
crayfish,emu,-9.562599182128906,-9.918212890625e-05
crayfish,ostrich,-9.750080108642578,-8.0108642578125e-05
crayfish,carp,-9.687582015991211,-8.20159912109375e-05
crayfish,goldfish,-9.937566757202148,-6.67572021484375e-05
crayfish,minnow,-9.875072479248047,-7.2479248046875e-05
crayfish,cod,-9.750076293945312,-7.62939453125e-05
crayfish,herring,-9.87507438659668,-7.43865966796875e-05
crayfish,sardine,-10.06256103515625,-6.103515625e-05
crayfish,salmon,-9.750076293945312,-7.62939453125e-05
crayfish,trout,-9.875068664550781,-6.866455078125e-05
crayfish,eel,-10.125057220458984,-5.7220458984375e-05
crayfish,flounder,-9.875072479248047,-7.2479248046875e-05
crayfish,mackerel,-9.750080108642578,-8.0108642578125e-05
crayfish,tuna,-9.625089645385742,-8.96453857421875e-05
crayfish,seahorse,-9.750083923339844,-8.392333984375e-05
crayfish,shark,-10.125059127807617,-5.91278076171875e-05
crayfish,bee,-9.875078201293945,-7.82012939453125e-05
crayfish,hornet,-9.750083923339844,-8.392333984375e-05
crayfish,wasp,-9.625093460083008,-9.34600830078125e-05
crayfish,ant,-9.687583923339844,-8.392333984375e-05
crayfish,beetle,-9.62508773803711,-8.7738037109375e-05
crayfish,ladybird,-9.437604904174805,-0.0001049041748046875
crayfish,butterfly,-10.062564849853516,-6.4849853515625e-05
crayfish,moth,-9.87507438659668,-7.43865966796875e-05
crayfish,cockroach,-8.687700271606445,-0.0002002716064453125
crayfish,cricket,-9.500097274780273,-9.72747802734375e-05
crayfish,grasshopper,-10.000062942504883,-6.29425048828125e-05
crayfish,locust,-9.812578201293945,-7.82012939453125e-05
crayfish,dragonfly,-10.000064849853516,-6.4849853515625e-05
crayfish,flea,-9.687583923339844,-8.392333984375e-05
crayfish,housefly,-9.812580108642578,-8.0108642578125e-05
crayfish,mosquito,-9.750082015991211,-8.20159912109375e-05
crayfish,stick_insect,-9.562591552734375,-9.1552734375e-05
crayfish,termite,-9.937566757202148,-6.67572021484375e-05
crayfish,centipede,-10.000066757202148,-6.67572021484375e-05
crayfish,millipede,-9.437602996826172,-0.000102996826171875
crayfish,scorpion,-8.625215530395508,-0.0002155303955078125
crayfish,spider,-10.000066757202148,-6.67572021484375e-05
crayfish,tarantula,-9.68758773803711,-8.7738037109375e-05
crayfish,crab,-4.820978164672852,-0.008478164672851562
crayfish,crayfish,-0.0002765655517578125,-8.937776565551758
crayfish,lobster,-0.8997039794921875,-0.5247039794921875
crayfish,prawn,-0.0454559326171875,-3.1704559326171875
crayfish,shrimp,-1.6027774810791016,-0.22777748107910156
crayfish,slug,-9.62508773803711,-8.7738037109375e-05
crayfish,snail,-9.625085830688477,-8.58306884765625e-05
crayfish,clam,-9.812572479248047,-7.2479248046875e-05
crayfish,mussel,-9.875070571899414,-7.05718994140625e-05
crayfish,scallop,-9.62508773803711,-8.7738037109375e-05
crayfish,oyster,-9.750078201293945,-7.82012939453125e-05
crayfish,squid,-10.187553405761719,-5.340576171875e-05
crayfish,octopus,-10.000062942504883,-6.29425048828125e-05
crayfish,worm,-9.687580108642578,-8.0108642578125e-05
crayfish,jellyfish,-10.312551498413086,-5.14984130859375e-05
lobster,animal,-5.53131103515625e-05,-11.750055313110352
lobster,vertebrate,-10.500043869018555,-4.38690185546875e-05
lobster,invertebrate,-4.57763671875e-05,-11.000045776367188
lobster,mammal,-10.312549591064453,-4.9591064453125e-05
lobster,bird,-9.937566757202148,-6.67572021484375e-05
lobster,reptile,-10.187557220458984,-5.7220458984375e-05
lobster,amphibian,-10.375049591064453,-4.9591064453125e-05
lobster,fish,-10.062557220458984,-5.7220458984375e-05
lobster,arthropod,-4.00543212890625e-05,-11.812540054321289
lobster,insect,-9.875072479248047,-7.2479248046875e-05
lobster,bird of prey,-9.812582015991211,-8.20159912109375e-05
lobster,aquatic bird,-9.812580108642578,-8.0108642578125e-05
lobster,canine,-9.750080108642578,-8.0108642578125e-05
lobster,feline,-9.750078201293945,-7.82012939453125e-05
lobster,primate,-10.06256103515625,-6.103515625e-05
lobster,aquatic mammal,-10.062562942504883,-6.29425048828125e-05
lobster,rodent,-10.000064849853516,-6.4849853515625e-05
lobster,bat,-9.500101089477539,-0.0001010894775390625
lobster,bear,-9.12513542175293,-0.0001354217529296875
lobster,cat,-9.562591552734375,-9.1552734375e-05
lobster,cheetah,-9.875070571899414,-7.05718994140625e-05
lobster,leopard,-8.75019645690918,-0.0001964569091796875
lobster,lion,-8.875171661376953,-0.000171661376953125
lobster,panther,-9.375112533569336,-0.0001125335693359375
lobster,tiger,-8.562726974487305,-0.0002269744873046875
lobster,dog,-9.875070571899414,-7.05718994140625e-05
lobster,fox,-9.625089645385742,-8.96453857421875e-05
lobster,hyena,-9.625093460083008,-9.34600830078125e-05
lobster,wolf,-9.2501220703125,-0.0001220703125
lobster,raccoon,-9.312618255615234,-0.000118255615234375
lobster,skunk,-9.062643051147461,-0.0001430511474609375
lobster,otter,-9.62508773803711,-8.7738037109375e-05
lobster,beaver,-9.312612533569336,-0.0001125335693359375
lobster,chipmunk,-9.500099182128906,-9.918212890625e-05
lobster,squirrel,-9.687582015991211,-8.20159912109375e-05
lobster,gerbil,-9.500097274780273,-9.72747802734375e-05
lobster,guinea_pig,-9.500099182128906,-9.918212890625e-05
lobster,hamster,-9.750076293945312,-7.62939453125e-05
lobster,mouse,-9.625083923339844,-8.392333984375e-05
lobster,porcupine,-8.812685012817383,-0.0001850128173828125
lobster,rat,-9.375106811523438,-0.0001068115234375
lobster,buffalo,-9.312618255615234,-0.000118255615234375
lobster,cow,-9.750078201293945,-7.82012939453125e-05
lobster,ox,-9.125137329101562,-0.0001373291015625
lobster,goat,-9.500101089477539,-0.0001010894775390625
lobster,sheep,-9.562593460083008,-9.34600830078125e-05
lobster,deer,-9.62508773803711,-8.7738037109375e-05
lobster,moose,-9.437604904174805,-0.0001049041748046875
lobster,giraffe,-9.375110626220703,-0.000110626220703125
lobster,camel,-9.37510871887207,-0.0001087188720703125
lobster,hippo,-9.312618255615234,-0.000118255615234375
lobster,llama,-9.437602996826172,-0.000102996826171875
lobster,pig,-9.312614440917969,-0.00011444091796875
lobster,donkey,-9.500101089477539,-0.0001010894775390625
lobster,horse,-9.625089645385742,-8.96453857421875e-05
lobster,pony,-9.500097274780273,-9.72747802734375e-05
lobster,zebra,-9.312618255615234,-0.000118255615234375
lobster,rhino,-9.56259536743164,-9.5367431640625e-05
lobster,gorilla,-9.500097274780273,-9.72747802734375e-05
lobster,monkey,-9.625089645385742,-8.96453857421875e-05
lobster,hedgehog,-9.312618255615234,-0.000118255615234375
lobster,rabbit,-9.750078201293945,-7.82012939453125e-05
lobster,seal,-9.562593460083008,-9.34600830078125e-05
lobster,walrus,-9.437602996826172,-0.000102996826171875
lobster,dolphin,-9.750078201293945,-7.82012939453125e-05
lobster,whale,-9.875068664550781,-6.866455078125e-05
lobster,elephant,-9.50009536743164,-9.5367431640625e-05
lobster,kangaroo,-9.750078201293945,-7.82012939453125e-05
lobster,platypus,-9.625091552734375,-9.1552734375e-05
lobster,crocodile,-9.625085830688477,-8.58306884765625e-05
lobster,alligator,-9.687583923339844,-8.392333984375e-05
lobster,lizard,-10.06256103515625,-6.103515625e-05
lobster,iguana,-9.750076293945312,-7.62939453125e-05
lobster,rattlesnake,-9.750082015991211,-8.20159912109375e-05
lobster,tortoise,-9.687582015991211,-8.20159912109375e-05
lobster,turtle,-9.750078201293945,-7.82012939453125e-05
lobster,frog,-10.125057220458984,-5.7220458984375e-05
lobster,toad,-9.56259536743164,-9.5367431640625e-05
lobster,budgie,-9.312614440917969,-0.00011444091796875
lobster,parakeet,-9.68758773803711,-8.7738037109375e-05
lobster,buzzard,-9.62509536743164,-9.5367431640625e-05
lobster,falcon,-9.562593460083008,-9.34600830078125e-05
lobster,hawk,-9.625089645385742,-8.96453857421875e-05
lobster,eagle,-9.562593460083008,-9.34600830078125e-05
lobster,owl,-9.375106811523438,-0.0001068115234375
lobster,canary,-9.250120162963867,-0.0001201629638671875
lobster,magpie,-9.375110626220703,-0.000110626220703125
lobster,raven,-9.312614440917969,-0.00011444091796875
lobster,nightingale,-9.2501220703125,-0.0001220703125
lobster,robin,-9.250120162963867,-0.0001201629638671875
lobster,starling,-9.375112533569336,-0.0001125335693359375
lobster,sparrow,-9.562591552734375,-9.1552734375e-05
lobster,wren,-9.250120162963867,-0.0001201629638671875
lobster,chicken,-9.687582015991211,-8.20159912109375e-05
lobster,cockerel,-9.250125885009766,-0.000125885009765625
lobster,turkey,-9.312612533569336,-0.0001125335693359375
lobster,dove,-9.375106811523438,-0.0001068115234375
lobster,pigeon,-9.750076293945312,-7.62939453125e-05
lobster,partridge,-9.312616348266602,-0.0001163482666015625
lobster,peacock,-9.312616348266602,-0.0001163482666015625
lobster,crane,-8.875167846679688,-0.0001678466796875
lobster,flamingo,-9.375106811523438,-0.0001068115234375
lobster,heron,-9.562597274780273,-9.72747802734375e-05
lobster,duck,-9.750080108642578,-8.0108642578125e-05
lobster,goose,-9.562591552734375,-9.1552734375e-05
lobster,pelican,-9.437602996826172,-0.000102996826171875
lobster,penguin,-9.625083923339844,-8.392333984375e-05
lobster,seagull,-9.81257438659668,-7.43865966796875e-05
lobster,swan,-9.625085830688477,-8.58306884765625e-05
lobster,hummingbird,-9.62508773803711,-8.7738037109375e-05
lobster,kingfisher,-9.500101089477539,-0.0001010894775390625
lobster,woodpecker,-9.500097274780273,-9.72747802734375e-05
lobster,emu,-9.500101089477539,-0.0001010894775390625
lobster,ostrich,-9.562591552734375,-9.1552734375e-05
lobster,carp,-9.750076293945312,-7.62939453125e-05
lobster,goldfish,-9.625083923339844,-8.392333984375e-05
lobster,minnow,-9.687583923339844,-8.392333984375e-05
lobster,cod,-9.750072479248047,-7.2479248046875e-05
lobster,herring,-9.750076293945312,-7.62939453125e-05
lobster,sardine,-9.812570571899414,-7.05718994140625e-05
lobster,salmon,-10.000059127807617,-5.91278076171875e-05
lobster,trout,-9.875068664550781,-6.866455078125e-05
lobster,eel,-10.062559127807617,-5.91278076171875e-05
lobster,flounder,-9.625083923339844,-8.392333984375e-05
lobster,mackerel,-9.625083923339844,-8.392333984375e-05
lobster,tuna,-9.625085830688477,-8.58306884765625e-05
lobster,seahorse,-9.687583923339844,-8.392333984375e-05
lobster,shark,-10.06256103515625,-6.103515625e-05
lobster,bee,-9.750082015991211,-8.20159912109375e-05
lobster,hornet,-9.500101089477539,-0.0001010894775390625
lobster,wasp,-9.312618255615234,-0.000118255615234375
lobster,ant,-9.375106811523438,-0.0001068115234375
lobster,beetle,-9.250120162963867,-0.0001201629638671875
lobster,ladybird,-8.875171661376953,-0.000171661376953125
lobster,butterfly,-9.687583923339844,-8.392333984375e-05
lobster,moth,-9.500099182128906,-9.918212890625e-05
lobster,cockroach,-8.62520980834961,-0.000209808349609375
lobster,cricket,-9.562591552734375,-9.1552734375e-05
lobster,grasshopper,-9.875068664550781,-6.866455078125e-05
lobster,locust,-9.37510871887207,-0.0001087188720703125
lobster,dragonfly,-9.687583923339844,-8.392333984375e-05
lobster,flea,-9.312612533569336,-0.0001125335693359375
lobster,housefly,-9.625089645385742,-8.96453857421875e-05
lobster,mosquito,-9.62508773803711,-8.7738037109375e-05
lobster,stick_insect,-9.062639236450195,-0.0001392364501953125
lobster,termite,-9.562591552734375,-9.1552734375e-05
lobster,centipede,-9.62508773803711,-8.7738037109375e-05
lobster,millipede,-9.187627792358398,-0.0001277923583984375
lobster,scorpion,-7.563077926635742,-0.0005779266357421875
lobster,spider,-9.312614440917969,-0.00011444091796875
lobster,tarantula,-9.437606811523438,-0.0001068115234375
lobster,crab,-5.753339767456055,-0.0033397674560546875
lobster,crayfish,-3.0494537353515625,-0.0494537353515625
lobster,lobster,-0.0002593994140625,-8.937759399414062
lobster,prawn,-5.131114959716797,-0.006114959716796875
lobster,shrimp,-6.751226425170898,-0.0012264251708984375
lobster,slug,-8.375261306762695,-0.0002613067626953125
lobster,snail,-8.437744140625,-0.000244140625
lobster,clam,-9.437599182128906,-9.918212890625e-05
lobster,mussel,-9.75007438659668,-7.43865966796875e-05
lobster,scallop,-9.687580108642578,-8.0108642578125e-05
lobster,oyster,-9.500093460083008,-9.34600830078125e-05
lobster,squid,-10.125055313110352,-5.53131103515625e-05
lobster,octopus,-9.875068664550781,-6.866455078125e-05
lobster,worm,-9.125129699707031,-0.00012969970703125
lobster,jellyfish,-10.125057220458984,-5.7220458984375e-05
prawn,animal,-6.866455078125e-05,-11.125068664550781
prawn,vertebrate,-10.500043869018555,-4.38690185546875e-05
prawn,invertebrate,-5.7220458984375e-05,-10.812557220458984
prawn,mammal,-10.37504768371582,-4.76837158203125e-05
prawn,bird,-9.750082015991211,-8.20159912109375e-05
prawn,reptile,-10.43754768371582,-4.76837158203125e-05
prawn,amphibian,-10.375053405761719,-5.340576171875e-05
prawn,fish,-9.750076293945312,-7.62939453125e-05
prawn,arthropod,-5.7220458984375e-05,-11.125057220458984
prawn,insect,-9.187633514404297,-0.000133514404296875
prawn,bird of prey,-9.937578201293945,-7.82012939453125e-05
prawn,aquatic bird,-9.687591552734375,-9.1552734375e-05
prawn,canine,-9.812578201293945,-7.82012939453125e-05
prawn,feline,-9.81257438659668,-7.43865966796875e-05
prawn,primate,-9.812580108642578,-8.0108642578125e-05
prawn,aquatic mammal,-10.062564849853516,-6.4849853515625e-05
prawn,rodent,-10.187557220458984,-5.7220458984375e-05
prawn,bat,-9.562601089477539,-0.0001010894775390625
prawn,bear,-9.437606811523438,-0.0001068115234375
prawn,cat,-9.625091552734375,-9.1552734375e-05
prawn,cheetah,-9.750082015991211,-8.20159912109375e-05
prawn,leopard,-8.750194549560547,-0.000194549560546875
prawn,lion,-8.937664031982422,-0.000164031982421875
prawn,panther,-9.3126220703125,-0.0001220703125
prawn,tiger,-7.937906265258789,-0.0004062652587890625
prawn,dog,-9.625093460083008,-9.34600830078125e-05
prawn,fox,-9.625091552734375,-9.1552734375e-05
prawn,hyena,-9.68758773803711,-8.7738037109375e-05
prawn,wolf,-9.250123977661133,-0.0001239776611328125
prawn,raccoon,-9.18763542175293,-0.0001354217529296875
prawn,skunk,-9.312620162963867,-0.0001201629638671875
prawn,otter,-9.437604904174805,-0.0001049041748046875
prawn,beaver,-9.50009536743164,-9.5367431640625e-05
prawn,chipmunk,-9.562597274780273,-9.72747802734375e-05
prawn,squirrel,-9.68758773803711,-8.7738037109375e-05
prawn,gerbil,-9.500101089477539,-0.0001010894775390625
prawn,guinea_pig,-9.43760871887207,-0.0001087188720703125
prawn,hamster,-9.62508773803711,-8.7738037109375e-05
prawn,mouse,-9.687582015991211,-8.20159912109375e-05
prawn,porcupine,-9.000165939331055,-0.0001659393310546875
prawn,rat,-9.375110626220703,-0.000110626220703125
prawn,buffalo,-9.125141143798828,-0.000141143798828125
prawn,cow,-9.750080108642578,-8.0108642578125e-05
prawn,ox,-9.2501220703125,-0.0001220703125
prawn,goat,-9.562599182128906,-9.918212890625e-05
prawn,sheep,-9.750083923339844,-8.392333984375e-05
prawn,deer,-9.56259536743164,-9.5367431640625e-05
prawn,moose,-9.687585830688477,-8.58306884765625e-05
prawn,giraffe,-9.56259536743164,-9.5367431640625e-05
prawn,camel,-9.437604904174805,-0.0001049041748046875
prawn,hippo,-9.125143051147461,-0.0001430511474609375
prawn,llama,-9.437604904174805,-0.0001049041748046875
prawn,pig,-9.3126220703125,-0.0001220703125
prawn,donkey,-9.562597274780273,-9.72747802734375e-05
prawn,horse,-9.43760871887207,-0.0001087188720703125
prawn,pony,-9.250125885009766,-0.000125885009765625
prawn,zebra,-9.125141143798828,-0.000141143798828125
prawn,rhino,-9.43760871887207,-0.0001087188720703125
prawn,gorilla,-9.375110626220703,-0.000110626220703125
prawn,monkey,-9.68758773803711,-8.7738037109375e-05
prawn,hedgehog,-9.437610626220703,-0.000110626220703125
prawn,rabbit,-9.750080108642578,-8.0108642578125e-05
prawn,seal,-9.43760871887207,-0.0001087188720703125
prawn,walrus,-9.312616348266602,-0.0001163482666015625
prawn,dolphin,-9.562593460083008,-9.34600830078125e-05
prawn,whale,-9.750080108642578,-8.0108642578125e-05
prawn,elephant,-9.2501220703125,-0.0001220703125
prawn,kangaroo,-9.437602996826172,-0.000102996826171875
prawn,platypus,-9.43760871887207,-0.0001087188720703125
prawn,crocodile,-9.562591552734375,-9.1552734375e-05
prawn,alligator,-9.562593460083008,-9.34600830078125e-05
prawn,lizard,-10.12506103515625,-6.103515625e-05
prawn,iguana,-9.687585830688477,-8.58306884765625e-05
prawn,rattlesnake,-9.68758773803711,-8.7738037109375e-05
prawn,tortoise,-9.687583923339844,-8.392333984375e-05
prawn,turtle,-9.875070571899414,-7.05718994140625e-05
prawn,frog,-10.062562942504883,-6.29425048828125e-05
prawn,toad,-9.56259536743164,-9.5367431640625e-05
prawn,budgie,-9.187629699707031,-0.00012969970703125
prawn,parakeet,-9.687589645385742,-8.96453857421875e-05
prawn,buzzard,-9.750085830688477,-8.58306884765625e-05
prawn,falcon,-9.437606811523438,-0.0001068115234375
prawn,hawk,-9.500102996826172,-0.000102996826171875
prawn,eagle,-9.437606811523438,-0.0001068115234375
prawn,owl,-9.500097274780273,-9.72747802734375e-05
prawn,canary,-9.312614440917969,-0.00011444091796875
prawn,magpie,-9.437604904174805,-0.0001049041748046875
prawn,raven,-9.312620162963867,-0.0001201629638671875
prawn,nightingale,-9.125143051147461,-0.0001430511474609375
prawn,robin,-9.187631607055664,-0.0001316070556640625
prawn,starling,-9.3126220703125,-0.0001220703125
prawn,sparrow,-9.56259536743164,-9.5367431640625e-05
prawn,wren,-9.312614440917969,-0.00011444091796875
prawn,chicken,-10.000066757202148,-6.67572021484375e-05
prawn,cockerel,-9.187637329101562,-0.0001373291015625
prawn,turkey,-9.437604904174805,-0.0001049041748046875
prawn,dove,-9.437602996826172,-0.000102996826171875
prawn,pigeon,-9.562591552734375,-9.1552734375e-05
prawn,partridge,-9.312620162963867,-0.0001201629638671875
prawn,peacock,-9.125139236450195,-0.0001392364501953125
prawn,crane,-8.62521743774414,-0.000217437744140625
prawn,flamingo,-9.187627792358398,-0.0001277923583984375
prawn,heron,-9.375116348266602,-0.0001163482666015625
prawn,duck,-9.750082015991211,-8.20159912109375e-05
prawn,goose,-9.562593460083008,-9.34600830078125e-05
prawn,pelican,-9.312618255615234,-0.000118255615234375
prawn,penguin,-9.375110626220703,-0.000110626220703125
prawn,seagull,-9.750082015991211,-8.20159912109375e-05
prawn,swan,-9.62508773803711,-8.7738037109375e-05
prawn,hummingbird,-9.500102996826172,-0.000102996826171875
prawn,kingfisher,-9.250125885009766,-0.000125885009765625
prawn,woodpecker,-9.437602996826172,-0.000102996826171875
prawn,emu,-9.375112533569336,-0.0001125335693359375
prawn,ostrich,-9.437602996826172,-0.000102996826171875
prawn,carp,-9.750076293945312,-7.62939453125e-05
prawn,goldfish,-9.750076293945312,-7.62939453125e-05
prawn,minnow,-9.312618255615234,-0.000118255615234375
prawn,cod,-9.875066757202148,-6.67572021484375e-05
prawn,herring,-9.875070571899414,-7.05718994140625e-05
prawn,sardine,-9.750078201293945,-7.82012939453125e-05
prawn,salmon,-9.750076293945312,-7.62939453125e-05
prawn,trout,-9.750076293945312,-7.62939453125e-05
prawn,eel,-10.000062942504883,-6.29425048828125e-05
prawn,flounder,-9.562593460083008,-9.34600830078125e-05
prawn,mackerel,-9.562593460083008,-9.34600830078125e-05
prawn,tuna,-9.750078201293945,-7.82012939453125e-05
prawn,seahorse,-9.625089645385742,-8.96453857421875e-05
prawn,shark,-10.062562942504883,-6.29425048828125e-05
prawn,bee,-9.87507438659668,-7.43865966796875e-05
prawn,hornet,-9.562599182128906,-9.918212890625e-05
prawn,wasp,-9.375118255615234,-0.000118255615234375
prawn,ant,-9.625091552734375,-9.1552734375e-05
prawn,beetle,-9.875072479248047,-7.2479248046875e-05
prawn,ladybird,-9.312616348266602,-0.0001163482666015625
prawn,butterfly,-9.562599182128906,-9.918212890625e-05
prawn,moth,-9.68758773803711,-8.7738037109375e-05
prawn,cockroach,-8.375268936157227,-0.0002689361572265625
prawn,cricket,-9.500099182128906,-9.918212890625e-05
prawn,grasshopper,-10.000064849853516,-6.4849853515625e-05
prawn,locust,-9.56259536743164,-9.5367431640625e-05
prawn,dragonfly,-9.750082015991211,-8.20159912109375e-05
prawn,flea,-9.125137329101562,-0.0001373291015625
prawn,housefly,-9.687585830688477,-8.58306884765625e-05
prawn,mosquito,-9.562597274780273,-9.72747802734375e-05
prawn,stick_insect,-9.062644958496094,-0.00014495849609375
prawn,termite,-9.562591552734375,-9.1552734375e-05
prawn,centipede,-9.687585830688477,-8.58306884765625e-05
prawn,millipede,-9.250123977661133,-0.0001239776611328125
prawn,scorpion,-8.062862396240234,-0.000362396240234375
prawn,spider,-9.625091552734375,-9.1552734375e-05
prawn,tarantula,-9.500104904174805,-0.0001049041748046875
prawn,crab,-6.938543319702148,-0.0010433197021484375
prawn,crayfish,-0.5265541076660156,-0.9015541076660156
prawn,lobster,-3.1687068939208984,-0.04370689392089844
prawn,prawn,-0.0003757476806640625,-8.500375747680664
prawn,shrimp,-0.0007076263427734375,-7.875707626342773
prawn,slug,-8.562725067138672,-0.000225067138671875
prawn,snail,-9.000152587890625,-0.000152587890625
prawn,clam,-9.312612533569336,-0.0001125335693359375
prawn,mussel,-9.750078201293945,-7.82012939453125e-05
prawn,scallop,-9.375106811523438,-0.0001068115234375
prawn,oyster,-9.687582015991211,-8.20159912109375e-05
prawn,squid,-9.687580108642578,-8.0108642578125e-05
prawn,octopus,-9.750078201293945,-7.82012939453125e-05
prawn,worm,-8.437747955322266,-0.000247955322265625
prawn,jellyfish,-10.250053405761719,-5.340576171875e-05
shrimp,animal,-5.340576171875e-05,-11.562553405761719
shrimp,vertebrate,-10.500043869018555,-4.38690185546875e-05
shrimp,invertebrate,-4.57763671875e-05,-11.250045776367188
shrimp,mammal,-10.312553405761719,-5.340576171875e-05
shrimp,bird,-9.812576293945312,-7.62939453125e-05
shrimp,reptile,-10.187559127807617,-5.91278076171875e-05
shrimp,amphibian,-10.250059127807617,-5.91278076171875e-05
shrimp,fish,-10.000062942504883,-6.29425048828125e-05
shrimp,arthropod,-4.76837158203125e-05,-11.37504768371582
shrimp,insect,-10.062566757202148,-6.67572021484375e-05
shrimp,bird of prey,-9.750089645385742,-8.96453857421875e-05
shrimp,aquatic bird,-9.687591552734375,-9.1552734375e-05
shrimp,canine,-9.750082015991211,-8.20159912109375e-05
shrimp,feline,-9.750082015991211,-8.20159912109375e-05
shrimp,primate,-9.750083923339844,-8.392333984375e-05
shrimp,aquatic mammal,-10.062568664550781,-6.866455078125e-05
shrimp,rodent,-9.937568664550781,-6.866455078125e-05
shrimp,bat,-9.625093460083008,-9.34600830078125e-05
shrimp,bear,-9.562593460083008,-9.34600830078125e-05
shrimp,cat,-9.687585830688477,-8.58306884765625e-05
shrimp,cheetah,-9.812578201293945,-7.82012939453125e-05
shrimp,leopard,-8.875175476074219,-0.00017547607421875
shrimp,lion,-9.062644958496094,-0.00014495849609375
shrimp,panther,-9.43760871887207,-0.0001087188720703125
shrimp,tiger,-8.750194549560547,-0.000194549560546875
shrimp,dog,-9.68758773803711,-8.7738037109375e-05
shrimp,fox,-9.750080108642578,-8.0108642578125e-05
shrimp,hyena,-9.62509536743164,-9.5367431640625e-05
shrimp,wolf,-9.375110626220703,-0.000110626220703125
shrimp,raccoon,-9.375116348266602,-0.0001163482666015625
shrimp,skunk,-9.250127792358398,-0.0001277923583984375
shrimp,otter,-9.500101089477539,-0.0001010894775390625
shrimp,beaver,-9.562593460083008,-9.34600830078125e-05
shrimp,chipmunk,-9.562599182128906,-9.918212890625e-05
shrimp,squirrel,-9.625091552734375,-9.1552734375e-05
shrimp,gerbil,-9.437606811523438,-0.0001068115234375
shrimp,guinea_pig,-9.437610626220703,-0.000110626220703125
shrimp,hamster,-9.81257438659668,-7.43865966796875e-05
shrimp,mouse,-9.687583923339844,-8.392333984375e-05
shrimp,porcupine,-9.250131607055664,-0.0001316070556640625
shrimp,rat,-9.750082015991211,-8.20159912109375e-05
shrimp,buffalo,-9.437610626220703,-0.000110626220703125
shrimp,cow,-9.750082015991211,-8.20159912109375e-05
shrimp,ox,-9.375112533569336,-0.0001125335693359375
shrimp,goat,-9.68758773803711,-8.7738037109375e-05
shrimp,sheep,-9.562599182128906,-9.918212890625e-05
shrimp,deer,-9.562597274780273,-9.72747802734375e-05
shrimp,moose,-9.68758773803711,-8.7738037109375e-05
shrimp,giraffe,-9.500099182128906,-9.918212890625e-05
shrimp,camel,-9.500099182128906,-9.918212890625e-05
shrimp,hippo,-9.43760871887207,-0.0001087188720703125
shrimp,llama,-9.437606811523438,-0.0001068115234375
shrimp,pig,-9.500101089477539,-0.0001010894775390625
shrimp,donkey,-9.562601089477539,-0.0001010894775390625
shrimp,horse,-9.562597274780273,-9.72747802734375e-05
shrimp,pony,-9.375110626220703,-0.000110626220703125
shrimp,zebra,-9.312623977661133,-0.0001239776611328125
shrimp,rhino,-9.43760871887207,-0.0001087188720703125
shrimp,gorilla,-9.437604904174805,-0.0001049041748046875
shrimp,monkey,-9.68758773803711,-8.7738037109375e-05
shrimp,hedgehog,-9.500106811523438,-0.0001068115234375
shrimp,rabbit,-9.812576293945312,-7.62939453125e-05
shrimp,seal,-9.687585830688477,-8.58306884765625e-05
shrimp,walrus,-9.437606811523438,-0.0001068115234375
shrimp,dolphin,-9.750080108642578,-8.0108642578125e-05
shrimp,whale,-9.687585830688477,-8.58306884765625e-05
shrimp,elephant,-9.437604904174805,-0.0001049041748046875
shrimp,kangaroo,-9.625089645385742,-8.96453857421875e-05
shrimp,platypus,-9.687589645385742,-8.96453857421875e-05
shrimp,crocodile,-9.562593460083008,-9.34600830078125e-05
shrimp,alligator,-9.625089645385742,-8.96453857421875e-05
shrimp,lizard,-10.062564849853516,-6.4849853515625e-05
shrimp,iguana,-9.687585830688477,-8.58306884765625e-05
shrimp,rattlesnake,-9.687589645385742,-8.96453857421875e-05
shrimp,tortoise,-9.625089645385742,-8.96453857421875e-05
shrimp,turtle,-9.812576293945312,-7.62939453125e-05
shrimp,frog,-10.125059127807617,-5.91278076171875e-05
shrimp,toad,-9.625091552734375,-9.1552734375e-05
shrimp,budgie,-9.375112533569336,-0.0001125335693359375
shrimp,parakeet,-9.75008773803711,-8.7738037109375e-05
shrimp,buzzard,-9.62509536743164,-9.5367431640625e-05
shrimp,falcon,-9.625093460083008,-9.34600830078125e-05
shrimp,hawk,-9.625093460083008,-9.34600830078125e-05
shrimp,eagle,-9.625091552734375,-9.1552734375e-05
shrimp,owl,-9.625089645385742,-8.96453857421875e-05
shrimp,canary,-9.562593460083008,-9.34600830078125e-05
shrimp,magpie,-9.500102996826172,-0.000102996826171875
shrimp,raven,-9.500101089477539,-0.0001010894775390625
shrimp,nightingale,-9.250125885009766,-0.000125885009765625
shrimp,robin,-9.500099182128906,-9.918212890625e-05
shrimp,starling,-9.437610626220703,-0.000110626220703125
shrimp,sparrow,-9.750082015991211,-8.20159912109375e-05
shrimp,wren,-9.375110626220703,-0.000110626220703125
shrimp,chicken,-9.812576293945312,-7.62939453125e-05
shrimp,cockerel,-9.437606811523438,-0.0001068115234375
shrimp,turkey,-9.500099182128906,-9.918212890625e-05
shrimp,dove,-9.437606811523438,-0.0001068115234375
shrimp,pigeon,-9.687585830688477,-8.58306884765625e-05
shrimp,partridge,-9.500102996826172,-0.000102996826171875
shrimp,peacock,-9.250125885009766,-0.000125885009765625
shrimp,crane,-9.125137329101562,-0.0001373291015625
shrimp,flamingo,-9.312616348266602,-0.0001163482666015625
shrimp,heron,-9.62509536743164,-9.5367431640625e-05
shrimp,duck,-9.750082015991211,-8.20159912109375e-05
shrimp,goose,-9.56259536743164,-9.5367431640625e-05
shrimp,pelican,-9.375112533569336,-0.0001125335693359375
shrimp,penguin,-9.500099182128906,-9.918212890625e-05
shrimp,seagull,-9.750083923339844,-8.392333984375e-05
shrimp,swan,-9.56259536743164,-9.5367431640625e-05
shrimp,hummingbird,-9.562597274780273,-9.72747802734375e-05
shrimp,kingfisher,-9.500102996826172,-0.000102996826171875
shrimp,woodpecker,-9.500101089477539,-0.0001010894775390625
shrimp,emu,-9.562597274780273,-9.72747802734375e-05
shrimp,ostrich,-9.500097274780273,-9.72747802734375e-05
shrimp,carp,-10.000062942504883,-6.29425048828125e-05
shrimp,goldfish,-9.875072479248047,-7.2479248046875e-05
shrimp,minnow,-9.500097274780273,-9.72747802734375e-05
shrimp,cod,-10.000062942504883,-6.29425048828125e-05
shrimp,herring,-9.87507438659668,-7.43865966796875e-05
shrimp,sardine,-10.125057220458984,-5.7220458984375e-05
shrimp,salmon,-9.875068664550781,-6.866455078125e-05
shrimp,trout,-9.875070571899414,-7.05718994140625e-05
shrimp,eel,-10.062562942504883,-6.29425048828125e-05
shrimp,flounder,-9.750078201293945,-7.82012939453125e-05
shrimp,mackerel,-9.750082015991211,-8.20159912109375e-05
shrimp,tuna,-9.750078201293945,-7.82012939453125e-05
shrimp,seahorse,-9.812576293945312,-7.62939453125e-05
shrimp,shark,-9.812576293945312,-7.62939453125e-05
shrimp,bee,-9.87507438659668,-7.43865966796875e-05
shrimp,hornet,-9.750083923339844,-8.392333984375e-05
shrimp,wasp,-9.312623977661133,-0.0001239776611328125
shrimp,ant,-9.812576293945312,-7.62939453125e-05
shrimp,beetle,-10.187557220458984,-5.7220458984375e-05
shrimp,ladybird,-9.437604904174805,-0.0001049041748046875
shrimp,butterfly,-9.687589645385742,-8.96453857421875e-05
shrimp,moth,-9.625093460083008,-9.34600830078125e-05
shrimp,cockroach,-9.000152587890625,-0.000152587890625
shrimp,cricket,-9.87507438659668,-7.43865966796875e-05
shrimp,grasshopper,-10.062562942504883,-6.29425048828125e-05
shrimp,locust,-9.687585830688477,-8.58306884765625e-05
shrimp,dragonfly,-10.000068664550781,-6.866455078125e-05
shrimp,flea,-9.500099182128906,-9.918212890625e-05
shrimp,housefly,-10.000068664550781,-6.866455078125e-05
shrimp,mosquito,-9.750083923339844,-8.392333984375e-05
shrimp,stick_insect,-9.437604904174805,-0.0001049041748046875
shrimp,termite,-9.625085830688477,-8.58306884765625e-05
shrimp,centipede,-9.750083923339844,-8.392333984375e-05
shrimp,millipede,-9.437606811523438,-0.0001068115234375
shrimp,scorpion,-7.937908172607422,-0.000408172607421875
shrimp,spider,-9.625091552734375,-9.1552734375e-05
shrimp,tarantula,-9.500102996826172,-0.000102996826171875
shrimp,crab,-8.18781852722168,-0.0003185272216796875
shrimp,crayfish,-6.688846588134766,-0.001346588134765625
shrimp,lobster,-7.125862121582031,-0.00086212158203125
shrimp,prawn,-0.016191482543945312,-4.391191482543945
shrimp,shrimp,-0.000308990478515625,-8.687808990478516
shrimp,slug,-8.687705993652344,-0.00020599365234375
shrimp,snail,-9.62508773803711,-8.7738037109375e-05
shrimp,clam,-9.437602996826172,-0.000102996826171875
shrimp,mussel,-9.750080108642578,-8.0108642578125e-05
shrimp,scallop,-9.562593460083008,-9.34600830078125e-05
shrimp,oyster,-9.562591552734375,-9.1552734375e-05
shrimp,squid,-9.875068664550781,-6.866455078125e-05
shrimp,octopus,-9.875068664550781,-6.866455078125e-05
shrimp,worm,-8.62520980834961,-0.000209808349609375
shrimp,jellyfish,-10.12506103515625,-6.103515625e-05
slug,animal,-5.14984130859375e-05,-11.875051498413086
slug,vertebrate,-10.562543869018555,-4.38690185546875e-05
slug,invertebrate,-4.57763671875e-05,-11.500045776367188
slug,mammal,-10.500043869018555,-4.38690185546875e-05
slug,bird,-10.12506103515625,-6.103515625e-05
slug,reptile,-10.50004768371582,-4.76837158203125e-05
slug,amphibian,-9.812580108642578,-8.0108642578125e-05
slug,fish,-10.437545776367188,-4.57763671875e-05
slug,arthropod,-10.312557220458984,-5.7220458984375e-05
slug,insect,-10.812536239624023,-3.62396240234375e-05
slug,bird of prey,-10.125064849853516,-6.4849853515625e-05
slug,aquatic bird,-10.00007438659668,-7.43865966796875e-05
slug,canine,-10.062564849853516,-6.4849853515625e-05
slug,feline,-10.06256103515625,-6.103515625e-05
slug,primate,-10.000068664550781,-6.866455078125e-05
slug,aquatic mammal,-10.000078201293945,-7.82012939453125e-05
slug,rodent,-10.500043869018555,-4.38690185546875e-05
slug,bat,-9.875078201293945,-7.82012939453125e-05
slug,bear,-9.812580108642578,-8.0108642578125e-05
slug,cat,-10.000064849853516,-6.4849853515625e-05
slug,cheetah,-10.000066757202148,-6.67572021484375e-05
slug,leopard,-9.187631607055664,-0.0001316070556640625
slug,lion,-9.687585830688477,-8.58306884765625e-05
slug,panther,-9.500101089477539,-0.0001010894775390625
slug,tiger,-9.187633514404297,-0.000133514404296875
slug,dog,-10.062564849853516,-6.4849853515625e-05
slug,fox,-9.87507438659668,-7.43865966796875e-05
slug,hyena,-9.937576293945312,-7.62939453125e-05
slug,wolf,-9.750085830688477,-8.58306884765625e-05
slug,raccoon,-9.68758773803711,-8.7738037109375e-05
slug,skunk,-9.625091552734375,-9.1552734375e-05
slug,otter,-9.875076293945312,-7.62939453125e-05
slug,beaver,-9.875072479248047,-7.2479248046875e-05
slug,chipmunk,-9.937572479248047,-7.2479248046875e-05
slug,squirrel,-10.062564849853516,-6.4849853515625e-05
slug,gerbil,-10.000068664550781,-6.866455078125e-05
slug,guinea_pig,-9.87507438659668,-7.43865966796875e-05
slug,hamster,-10.187553405761719,-5.340576171875e-05
slug,mouse,-10.125057220458984,-5.7220458984375e-05
slug,porcupine,-9.562602996826172,-0.000102996826171875
slug,rat,-10.000064849853516,-6.4849853515625e-05
slug,buffalo,-9.437610626220703,-0.000110626220703125
slug,cow,-9.750082015991211,-8.20159912109375e-05
slug,ox,-9.062652587890625,-0.000152587890625
slug,goat,-9.562597274780273,-9.72747802734375e-05
slug,sheep,-9.937570571899414,-7.05718994140625e-05
slug,deer,-9.500101089477539,-0.0001010894775390625
slug,moose,-9.500101089477539,-0.0001010894775390625
slug,giraffe,-9.56259536743164,-9.5367431640625e-05
slug,camel,-9.62508773803711,-8.7738037109375e-05
slug,hippo,-9.437606811523438,-0.0001068115234375
slug,llama,-9.625089645385742,-8.96453857421875e-05
slug,pig,-9.375114440917969,-0.00011444091796875
slug,donkey,-9.562599182128906,-9.918212890625e-05
slug,horse,-9.687585830688477,-8.58306884765625e-05
slug,pony,-9.625091552734375,-9.1552734375e-05
slug,zebra,-9.437610626220703,-0.000110626220703125
slug,rhino,-9.500101089477539,-0.0001010894775390625
slug,gorilla,-9.500102996826172,-0.000102996826171875
slug,monkey,-9.937570571899414,-7.05718994140625e-05
slug,hedgehog,-9.87507438659668,-7.43865966796875e-05
slug,rabbit,-9.87507438659668,-7.43865966796875e-05
slug,seal,-9.375110626220703,-0.000110626220703125
slug,walrus,-9.250127792358398,-0.0001277923583984375
slug,dolphin,-9.87507438659668,-7.43865966796875e-05
slug,whale,-10.000066757202148,-6.67572021484375e-05
slug,elephant,-9.37510871887207,-0.0001087188720703125
slug,kangaroo,-9.750080108642578,-8.0108642578125e-05
slug,platypus,-9.812583923339844,-8.392333984375e-05
slug,crocodile,-9.937570571899414,-7.05718994140625e-05
slug,alligator,-9.937570571899414,-7.05718994140625e-05
slug,lizard,-10.500045776367188,-4.57763671875e-05
slug,iguana,-9.937568664550781,-6.866455078125e-05
slug,rattlesnake,-9.937572479248047,-7.2479248046875e-05
slug,tortoise,-9.500097274780273,-9.72747802734375e-05
slug,turtle,-9.87507438659668,-7.43865966796875e-05
slug,frog,-10.250053405761719,-5.340576171875e-05
slug,toad,-9.937568664550781,-6.866455078125e-05
slug,budgie,-9.687585830688477,-8.58306884765625e-05
slug,parakeet,-10.000076293945312,-7.62939453125e-05
slug,buzzard,-9.937576293945312,-7.62939453125e-05
slug,falcon,-9.87507438659668,-7.43865966796875e-05
slug,hawk,-9.750089645385742,-8.96453857421875e-05
slug,eagle,-9.812582015991211,-8.20159912109375e-05
slug,owl,-9.812578201293945,-7.82012939453125e-05
slug,canary,-9.750080108642578,-8.0108642578125e-05
slug,magpie,-9.750082015991211,-8.20159912109375e-05
slug,raven,-9.500102996826172,-0.000102996826171875
slug,nightingale,-9.437604904174805,-0.0001049041748046875
slug,robin,-9.68758773803711,-8.7738037109375e-05
slug,starling,-9.875076293945312,-7.62939453125e-05
slug,sparrow,-10.000068664550781,-6.866455078125e-05
slug,wren,-9.750085830688477,-8.58306884765625e-05
slug,chicken,-9.87507438659668,-7.43865966796875e-05
slug,cockerel,-9.625097274780273,-9.72747802734375e-05
slug,turkey,-9.43760871887207,-0.0001087188720703125
slug,dove,-9.625091552734375,-9.1552734375e-05
slug,pigeon,-9.937570571899414,-7.05718994140625e-05
slug,partridge,-9.500104904174805,-0.0001049041748046875
slug,peacock,-9.375114440917969,-0.00011444091796875
slug,crane,-9.56259536743164,-9.5367431640625e-05
slug,flamingo,-9.562593460083008,-9.34600830078125e-05
slug,heron,-9.93757438659668,-7.43865966796875e-05
slug,duck,-9.812580108642578,-8.0108642578125e-05
slug,goose,-9.625089645385742,-8.96453857421875e-05
slug,pelican,-9.625093460083008,-9.34600830078125e-05
slug,penguin,-9.750083923339844,-8.392333984375e-05
slug,seagull,-9.937570571899414,-7.05718994140625e-05
slug,swan,-9.625089645385742,-8.96453857421875e-05
slug,hummingbird,-9.750083923339844,-8.392333984375e-05
slug,kingfisher,-9.75008773803711,-8.7738037109375e-05
slug,woodpecker,-9.937570571899414,-7.05718994140625e-05
slug,emu,-9.68758773803711,-8.7738037109375e-05
slug,ostrich,-9.687583923339844,-8.392333984375e-05
slug,carp,-9.500104904174805,-0.0001049041748046875
slug,goldfish,-9.812578201293945,-7.82012939453125e-05
slug,minnow,-9.937572479248047,-7.2479248046875e-05
slug,cod,-9.125139236450195,-0.0001392364501953125
slug,herring,-9.625091552734375,-9.1552734375e-05
slug,sardine,-9.812576293945312,-7.62939453125e-05
slug,salmon,-9.62508773803711,-8.7738037109375e-05
slug,trout,-9.687585830688477,-8.58306884765625e-05
slug,eel,-10.06256103515625,-6.103515625e-05
slug,flounder,-9.312618255615234,-0.000118255615234375
slug,mackerel,-9.562597274780273,-9.72747802734375e-05
slug,tuna,-9.56259536743164,-9.5367431640625e-05
slug,seahorse,-10.000064849853516,-6.4849853515625e-05
slug,shark,-10.000068664550781,-6.866455078125e-05
slug,bee,-10.250055313110352,-5.53131103515625e-05
slug,hornet,-10.18756103515625,-6.103515625e-05
slug,wasp,-10.375053405761719,-5.340576171875e-05
slug,ant,-10.312551498413086,-5.14984130859375e-05
slug,beetle,-10.81253433227539,-3.4332275390625e-05
slug,ladybird,-9.87507438659668,-7.43865966796875e-05
slug,butterfly,-10.062564849853516,-6.4849853515625e-05
slug,moth,-10.125062942504883,-6.29425048828125e-05
slug,cockroach,-10.000066757202148,-6.67572021484375e-05
slug,cricket,-10.250055313110352,-5.53131103515625e-05
slug,grasshopper,-10.312549591064453,-4.9591064453125e-05
slug,locust,-9.87507438659668,-7.43865966796875e-05
slug,dragonfly,-10.000068664550781,-6.866455078125e-05
slug,flea,-10.375049591064453,-4.9591064453125e-05
slug,housefly,-10.12506103515625,-6.103515625e-05
slug,mosquito,-10.062566757202148,-6.67572021484375e-05
slug,stick_insect,-10.000062942504883,-6.29425048828125e-05
slug,termite,-10.250053405761719,-5.340576171875e-05
slug,centipede,-10.375051498413086,-5.14984130859375e-05
slug,millipede,-9.750078201293945,-7.82012939453125e-05
slug,scorpion,-10.187557220458984,-5.7220458984375e-05
slug,spider,-10.500045776367188,-4.57763671875e-05
slug,tarantula,-9.87507438659668,-7.43865966796875e-05
slug,crab,-10.062562942504883,-6.29425048828125e-05
slug,crayfish,-10.000066757202148,-6.67572021484375e-05
slug,lobster,-8.93765640258789,-0.000156402587890625
slug,prawn,-9.62508773803711,-8.7738037109375e-05
slug,shrimp,-9.87507438659668,-7.43865966796875e-05
slug,slug,-0.0004901885986328125,-8.187990188598633
slug,snail,-0.000244140625,-9.375244140625
slug,clam,-7.688009262084961,-0.0005092620849609375
slug,mussel,-9.937570571899414,-7.05718994140625e-05
slug,scallop,-9.000152587890625,-0.000152587890625
slug,oyster,-8.37527084350586,-0.000270843505859375
slug,squid,-9.625085830688477,-8.58306884765625e-05
slug,octopus,-9.62508773803711,-8.7738037109375e-05
slug,worm,-3.5308914184570312,-0.03089141845703125
slug,jellyfish,-10.125062942504883,-6.29425048828125e-05
snail,animal,-4.76837158203125e-05,-12.06254768371582
snail,vertebrate,-10.625040054321289,-4.00543212890625e-05
snail,invertebrate,-4.00543212890625e-05,-11.625040054321289
snail,mammal,-10.562540054321289,-4.00543212890625e-05
snail,bird,-10.250053405761719,-5.340576171875e-05
snail,reptile,-10.500045776367188,-4.57763671875e-05
snail,amphibian,-10.375049591064453,-4.9591064453125e-05
snail,fish,-10.500041961669922,-4.1961669921875e-05
snail,arthropod,-10.625045776367188,-4.57763671875e-05
snail,insect,-10.812536239624023,-3.62396240234375e-05
snail,bird of prey,-10.125062942504883,-6.29425048828125e-05
snail,aquatic bird,-10.000070571899414,-7.05718994140625e-05
snail,canine,-10.000068664550781,-6.866455078125e-05
snail,feline,-10.06256103515625,-6.103515625e-05
snail,primate,-10.062562942504883,-6.29425048828125e-05
snail,aquatic mammal,-10.125064849853516,-6.4849853515625e-05
snail,rodent,-10.437545776367188,-4.57763671875e-05
snail,bat,-10.062566757202148,-6.67572021484375e-05
snail,bear,-10.062562942504883,-6.29425048828125e-05
snail,cat,-10.000064849853516,-6.4849853515625e-05
snail,cheetah,-9.937570571899414,-7.05718994140625e-05
snail,leopard,-9.437606811523438,-0.0001068115234375
snail,lion,-9.875076293945312,-7.62939453125e-05
snail,panther,-9.625091552734375,-9.1552734375e-05
snail,tiger,-9.625091552734375,-9.1552734375e-05
snail,dog,-10.062562942504883,-6.29425048828125e-05
snail,fox,-10.000066757202148,-6.67572021484375e-05
snail,hyena,-10.062566757202148,-6.67572021484375e-05
snail,wolf,-9.937568664550781,-6.866455078125e-05
snail,raccoon,-9.625091552734375,-9.1552734375e-05
snail,skunk,-9.750082015991211,-8.20159912109375e-05
snail,otter,-10.000066757202148,-6.67572021484375e-05
snail,beaver,-9.937570571899414,-7.05718994140625e-05
snail,chipmunk,-10.12506103515625,-6.103515625e-05
snail,squirrel,-10.125059127807617,-5.91278076171875e-05
snail,gerbil,-10.000068664550781,-6.866455078125e-05
snail,guinea_pig,-9.87507438659668,-7.43865966796875e-05
snail,hamster,-10.125057220458984,-5.7220458984375e-05
snail,mouse,-10.187555313110352,-5.53131103515625e-05
snail,porcupine,-9.750083923339844,-8.392333984375e-05
snail,rat,-10.250053405761719,-5.340576171875e-05
snail,buffalo,-9.625091552734375,-9.1552734375e-05
snail,cow,-10.062562942504883,-6.29425048828125e-05
snail,ox,-9.500101089477539,-0.0001010894775390625
snail,goat,-9.750083923339844,-8.392333984375e-05
snail,sheep,-10.06256103515625,-6.103515625e-05
snail,deer,-9.87507438659668,-7.43865966796875e-05
snail,moose,-9.87507438659668,-7.43865966796875e-05
snail,giraffe,-9.687585830688477,-8.58306884765625e-05
snail,camel,-9.687583923339844,-8.392333984375e-05
snail,hippo,-9.562597274780273,-9.72747802734375e-05
snail,llama,-9.750080108642578,-8.0108642578125e-05
snail,pig,-9.812578201293945,-7.82012939453125e-05
snail,donkey,-9.875076293945312,-7.62939453125e-05
snail,horse,-9.937570571899414,-7.05718994140625e-05
snail,pony,-9.750082015991211,-8.20159912109375e-05
snail,zebra,-9.68758773803711,-8.7738037109375e-05
snail,rhino,-9.750082015991211,-8.20159912109375e-05
snail,gorilla,-9.625089645385742,-8.96453857421875e-05
snail,monkey,-10.125059127807617,-5.91278076171875e-05
snail,hedgehog,-10.062562942504883,-6.29425048828125e-05
snail,rabbit,-10.125059127807617,-5.91278076171875e-05
snail,seal,-10.000066757202148,-6.67572021484375e-05
snail,walrus,-9.750080108642578,-8.0108642578125e-05
snail,dolphin,-10.062562942504883,-6.29425048828125e-05
snail,whale,-10.062562942504883,-6.29425048828125e-05
snail,elephant,-9.562591552734375,-9.1552734375e-05
snail,kangaroo,-10.000066757202148,-6.67572021484375e-05
snail,platypus,-9.937572479248047,-7.2479248046875e-05
snail,crocodile,-10.06256103515625,-6.103515625e-05
snail,alligator,-10.000068664550781,-6.866455078125e-05
snail,lizard,-10.562541961669922,-4.1961669921875e-05
snail,iguana,-10.000064849853516,-6.4849853515625e-05
snail,rattlesnake,-10.000068664550781,-6.866455078125e-05
snail,tortoise,-8.500232696533203,-0.000232696533203125
snail,turtle,-9.562589645385742,-8.96453857421875e-05
snail,frog,-10.37504768371582,-4.76837158203125e-05
snail,toad,-10.125059127807617,-5.91278076171875e-05
snail,budgie,-9.87507438659668,-7.43865966796875e-05
snail,parakeet,-10.062568664550781,-6.866455078125e-05
snail,buzzard,-10.125062942504883,-6.29425048828125e-05
snail,falcon,-10.062564849853516,-6.4849853515625e-05
snail,hawk,-10.12506103515625,-6.103515625e-05
snail,eagle,-10.000068664550781,-6.866455078125e-05
snail,owl,-10.000066757202148,-6.67572021484375e-05
snail,canary,-9.87507438659668,-7.43865966796875e-05
snail,magpie,-10.000066757202148,-6.67572021484375e-05
snail,raven,-9.750082015991211,-8.20159912109375e-05
snail,nightingale,-9.625089645385742,-8.96453857421875e-05
snail,robin,-9.937570571899414,-7.05718994140625e-05
snail,starling,-10.000068664550781,-6.866455078125e-05
snail,sparrow,-10.12506103515625,-6.103515625e-05
snail,wren,-9.875072479248047,-7.2479248046875e-05
snail,chicken,-10.062562942504883,-6.29425048828125e-05
snail,cockerel,-9.875078201293945,-7.82012939453125e-05
snail,turkey,-9.625089645385742,-8.96453857421875e-05
snail,dove,-9.875072479248047,-7.2479248046875e-05
snail,pigeon,-10.000066757202148,-6.67572021484375e-05
snail,partridge,-9.750083923339844,-8.392333984375e-05
snail,peacock,-9.625091552734375,-9.1552734375e-05
snail,crane,-9.687585830688477,-8.58306884765625e-05
snail,flamingo,-9.62508773803711,-8.7738037109375e-05
snail,heron,-9.93757438659668,-7.43865966796875e-05
snail,duck,-10.12506103515625,-6.103515625e-05
snail,goose,-9.750080108642578,-8.0108642578125e-05
snail,pelican,-9.750082015991211,-8.20159912109375e-05
snail,penguin,-9.875072479248047,-7.2479248046875e-05
snail,seagull,-10.062562942504883,-6.29425048828125e-05
snail,swan,-9.687585830688477,-8.58306884765625e-05
snail,hummingbird,-9.937572479248047,-7.2479248046875e-05
snail,kingfisher,-9.93757438659668,-7.43865966796875e-05
snail,woodpecker,-9.937570571899414,-7.05718994140625e-05
snail,emu,-9.812576293945312,-7.62939453125e-05
snail,ostrich,-9.81257438659668,-7.43865966796875e-05
snail,carp,-9.937572479248047,-7.2479248046875e-05
snail,goldfish,-9.937570571899414,-7.05718994140625e-05
snail,minnow,-10.062566757202148,-6.67572021484375e-05
snail,cod,-9.62508773803711,-8.7738037109375e-05
snail,herring,-9.87507438659668,-7.43865966796875e-05
snail,sardine,-10.125059127807617,-5.91278076171875e-05
snail,salmon,-10.000064849853516,-6.4849853515625e-05
snail,trout,-10.000066757202148,-6.67572021484375e-05
snail,eel,-10.187557220458984,-5.7220458984375e-05
snail,flounder,-9.937570571899414,-7.05718994140625e-05
snail,mackerel,-9.812578201293945,-7.82012939453125e-05
snail,tuna,-9.875070571899414,-7.05718994140625e-05
snail,seahorse,-9.937572479248047,-7.2479248046875e-05
snail,shark,-10.125059127807617,-5.91278076171875e-05
snail,bee,-10.312551498413086,-5.14984130859375e-05
snail,hornet,-10.125064849853516,-6.4849853515625e-05
snail,wasp,-10.250057220458984,-5.7220458984375e-05
snail,ant,-10.250055313110352,-5.53131103515625e-05
snail,beetle,-10.81253433227539,-3.4332275390625e-05
snail,ladybird,-9.875072479248047,-7.2479248046875e-05
snail,butterfly,-10.312551498413086,-5.14984130859375e-05
snail,moth,-10.250053405761719,-5.340576171875e-05
snail,cockroach,-10.000064849853516,-6.4849853515625e-05
snail,cricket,-10.312551498413086,-5.14984130859375e-05
snail,grasshopper,-10.437545776367188,-4.57763671875e-05
snail,locust,-10.250055313110352,-5.53131103515625e-05
snail,dragonfly,-10.250057220458984,-5.7220458984375e-05
snail,flea,-10.43754768371582,-4.76837158203125e-05
snail,housefly,-10.312551498413086,-5.14984130859375e-05
snail,mosquito,-10.187559127807617,-5.91278076171875e-05
snail,stick_insect,-10.125055313110352,-5.53131103515625e-05
snail,termite,-10.187557220458984,-5.7220458984375e-05
snail,centipede,-10.375051498413086,-5.14984130859375e-05
snail,millipede,-10.000064849853516,-6.4849853515625e-05
snail,scorpion,-10.312551498413086,-5.14984130859375e-05
snail,spider,-10.43754768371582,-4.76837158203125e-05
snail,tarantula,-10.062564849853516,-6.4849853515625e-05
snail,crab,-10.250055313110352,-5.53131103515625e-05
snail,crayfish,-10.12506103515625,-6.103515625e-05
snail,lobster,-9.750076293945312,-7.62939453125e-05
snail,prawn,-10.062559127807617,-5.91278076171875e-05
snail,shrimp,-10.250053405761719,-5.340576171875e-05
snail,slug,-5.566831588745117,-0.0043315887451171875
snail,snail,-0.000270843505859375,-8.93777084350586
snail,clam,-7.500600814819336,-0.0006008148193359375
snail,mussel,-9.875072479248047,-7.2479248046875e-05
snail,scallop,-9.687582015991211,-8.20159912109375e-05
snail,oyster,-9.437601089477539,-0.0001010894775390625
snail,squid,-10.06256103515625,-6.103515625e-05
snail,octopus,-10.06256103515625,-6.103515625e-05
snail,worm,-6.002630233764648,-0.0026302337646484375
snail,jellyfish,-10.250057220458984,-5.7220458984375e-05
clam,animal,-5.14984130859375e-05,-11.750051498413086
clam,vertebrate,-10.250053405761719,-5.340576171875e-05
clam,invertebrate,-5.14984130859375e-05,-11.187551498413086
clam,mammal,-10.125059127807617,-5.91278076171875e-05
clam,bird,-9.500099182128906,-9.918212890625e-05
clam,reptile,-10.125062942504883,-6.29425048828125e-05
clam,amphibian,-10.18756103515625,-6.103515625e-05
clam,fish,-10.375045776367188,-4.57763671875e-05
clam,arthropod,-10.18756103515625,-6.103515625e-05
clam,insect,-10.312553405761719,-5.340576171875e-05
clam,bird of prey,-9.687591552734375,-9.1552734375e-05
clam,aquatic bird,-9.562601089477539,-0.0001010894775390625
clam,canine,-9.56259536743164,-9.5367431640625e-05
clam,feline,-9.625089645385742,-8.96453857421875e-05
clam,primate,-9.750082015991211,-8.20159912109375e-05
clam,aquatic mammal,-9.812578201293945,-7.82012939453125e-05
clam,rodent,-9.750080108642578,-8.0108642578125e-05
clam,bat,-9.375118255615234,-0.000118255615234375
clam,bear,-9.375110626220703,-0.000110626220703125
clam,cat,-9.500101089477539,-0.0001010894775390625
clam,cheetah,-9.562597274780273,-9.72747802734375e-05
clam,leopard,-8.875175476074219,-0.00017547607421875
clam,lion,-9.250123977661133,-0.0001239776611328125
clam,panther,-9.437604904174805,-0.0001049041748046875
clam,tiger,-8.750194549560547,-0.000194549560546875
clam,dog,-9.500101089477539,-0.0001010894775390625
clam,fox,-9.437606811523438,-0.0001068115234375
clam,hyena,-9.43760871887207,-0.0001087188720703125
clam,wolf,-9.437606811523438,-0.0001068115234375
clam,raccoon,-9.125141143798828,-0.000141143798828125
clam,skunk,-9.125141143798828,-0.000141143798828125
clam,otter,-9.437602996826172,-0.000102996826171875
clam,beaver,-9.312616348266602,-0.0001163482666015625
clam,chipmunk,-9.375110626220703,-0.000110626220703125
clam,squirrel,-9.500099182128906,-9.918212890625e-05
clam,gerbil,-9.375110626220703,-0.000110626220703125
clam,guinea_pig,-9.312618255615234,-0.000118255615234375
clam,hamster,-9.437604904174805,-0.0001049041748046875
clam,mouse,-9.562591552734375,-9.1552734375e-05
clam,porcupine,-9.125143051147461,-0.0001430511474609375
clam,rat,-9.500101089477539,-0.0001010894775390625
clam,buffalo,-9.125143051147461,-0.0001430511474609375
clam,cow,-9.312616348266602,-0.0001163482666015625
clam,ox,-9.00015640258789,-0.000156402587890625
clam,goat,-9.312620162963867,-0.0001201629638671875
clam,sheep,-9.312618255615234,-0.000118255615234375
clam,deer,-9.56259536743164,-9.5367431640625e-05
clam,moose,-9.375112533569336,-0.0001125335693359375
clam,giraffe,-9.312618255615234,-0.000118255615234375
clam,camel,-9.062646865844727,-0.0001468658447265625
clam,hippo,-9.125139236450195,-0.0001392364501953125
clam,llama,-9.187629699707031,-0.00012969970703125
clam,pig,-9.312618255615234,-0.000118255615234375
clam,donkey,-9.312620162963867,-0.0001201629638671875
clam,horse,-9.187629699707031,-0.00012969970703125
clam,pony,-9.187631607055664,-0.0001316070556640625
clam,zebra,-9.125139236450195,-0.0001392364501953125
clam,rhino,-9.375110626220703,-0.000110626220703125
clam,gorilla,-9.375110626220703,-0.000110626220703125
clam,monkey,-9.562597274780273,-9.72747802734375e-05
clam,hedgehog,-9.375114440917969,-0.00011444091796875
clam,rabbit,-9.500099182128906,-9.918212890625e-05
clam,seal,-9.250125885009766,-0.000125885009765625
clam,walrus,-9.06264877319336,-0.000148773193359375
clam,dolphin,-9.562593460083008,-9.34600830078125e-05
clam,whale,-9.37510871887207,-0.0001087188720703125
clam,elephant,-9.062643051147461,-0.0001430511474609375
clam,kangaroo,-9.500097274780273,-9.72747802734375e-05
clam,platypus,-9.250129699707031,-0.00012969970703125
clam,crocodile,-9.500101089477539,-0.0001010894775390625
clam,alligator,-9.500102996826172,-0.000102996826171875
clam,lizard,-9.937572479248047,-7.2479248046875e-05
clam,iguana,-9.625089645385742,-8.96453857421875e-05
clam,rattlesnake,-9.56259536743164,-9.5367431640625e-05
clam,tortoise,-9.000150680541992,-0.0001506805419921875
clam,turtle,-9.500097274780273,-9.72747802734375e-05
clam,frog,-9.937570571899414,-7.05718994140625e-05
clam,toad,-9.43760871887207,-0.0001087188720703125
clam,budgie,-9.187629699707031,-0.00012969970703125
clam,parakeet,-9.562602996826172,-0.000102996826171875
clam,buzzard,-9.625091552734375,-9.1552734375e-05
clam,falcon,-9.375114440917969,-0.00011444091796875
clam,hawk,-9.437606811523438,-0.0001068115234375
clam,eagle,-9.500101089477539,-0.0001010894775390625
clam,owl,-9.312616348266602,-0.0001163482666015625
clam,canary,-9.12513542175293,-0.0001354217529296875
clam,magpie,-9.375112533569336,-0.0001125335693359375
clam,raven,-9.187633514404297,-0.000133514404296875
clam,nightingale,-9.000154495239258,-0.0001544952392578125
clam,robin,-9.250123977661133,-0.0001239776611328125
clam,starling,-9.312620162963867,-0.0001201629638671875
clam,sparrow,-9.437606811523438,-0.0001068115234375
clam,wren,-9.125139236450195,-0.0001392364501953125
clam,chicken,-9.500101089477539,-0.0001010894775390625
clam,cockerel,-9.125143051147461,-0.0001430511474609375
clam,turkey,-9.12513542175293,-0.0001354217529296875
clam,dove,-9.250123977661133,-0.0001239776611328125
clam,pigeon,-9.312616348266602,-0.0001163482666015625
clam,partridge,-9.375112533569336,-0.0001125335693359375
clam,peacock,-9.00015640258789,-0.000156402587890625
clam,crane,-8.812681198120117,-0.0001811981201171875
clam,flamingo,-9.2501220703125,-0.0001220703125
clam,heron,-9.500104904174805,-0.0001049041748046875
clam,duck,-9.375110626220703,-0.000110626220703125
clam,goose,-9.312616348266602,-0.0001163482666015625
clam,pelican,-9.375110626220703,-0.000110626220703125
clam,penguin,-9.37510871887207,-0.0001087188720703125
clam,seagull,-9.500101089477539,-0.0001010894775390625
clam,swan,-9.312616348266602,-0.0001163482666015625
clam,hummingbird,-9.437604904174805,-0.0001049041748046875
clam,kingfisher,-9.3126220703125,-0.0001220703125
clam,woodpecker,-9.250123977661133,-0.0001239776611328125
clam,emu,-9.312618255615234,-0.000118255615234375
clam,ostrich,-9.2501220703125,-0.0001220703125
clam,carp,-9.562591552734375,-9.1552734375e-05
clam,goldfish,-9.437602996826172,-0.000102996826171875
clam,minnow,-9.625093460083008,-9.34600830078125e-05
clam,cod,-9.437599182128906,-9.918212890625e-05
clam,herring,-9.687585830688477,-8.58306884765625e-05
clam,sardine,-9.750078201293945,-7.82012939453125e-05
clam,salmon,-9.750078201293945,-7.82012939453125e-05
clam,trout,-9.750078201293945,-7.82012939453125e-05
clam,eel,-10.06256103515625,-6.103515625e-05
clam,flounder,-9.375106811523438,-0.0001068115234375
clam,mackerel,-9.625091552734375,-9.1552734375e-05
clam,tuna,-9.500097274780273,-9.72747802734375e-05
clam,seahorse,-9.56259536743164,-9.5367431640625e-05
clam,shark,-9.750080108642578,-8.0108642578125e-05
clam,bee,-9.687585830688477,-8.58306884765625e-05
clam,hornet,-9.62509536743164,-9.5367431640625e-05
clam,wasp,-9.750085830688477,-8.58306884765625e-05
clam,ant,-9.500104904174805,-0.0001049041748046875
clam,beetle,-10.12506103515625,-6.103515625e-05
clam,ladybird,-9.312616348266602,-0.0001163482666015625
clam,butterfly,-9.56259536743164,-9.5367431640625e-05
clam,moth,-9.625091552734375,-9.1552734375e-05
clam,cockroach,-9.625091552734375,-9.1552734375e-05
clam,cricket,-9.625089645385742,-8.96453857421875e-05
clam,grasshopper,-9.87507438659668,-7.43865966796875e-05
clam,locust,-9.562597274780273,-9.72747802734375e-05
clam,dragonfly,-9.625093460083008,-9.34600830078125e-05
clam,flea,-9.750083923339844,-8.392333984375e-05
clam,housefly,-9.625091552734375,-9.1552734375e-05
clam,mosquito,-9.625091552734375,-9.1552734375e-05
clam,stick_insect,-9.500101089477539,-0.0001010894775390625
clam,termite,-9.500101089477539,-0.0001010894775390625
clam,centipede,-9.937576293945312,-7.62939453125e-05
clam,millipede,-9.625089645385742,-8.96453857421875e-05
clam,scorpion,-9.500101089477539,-0.0001010894775390625
clam,spider,-9.750083923339844,-8.392333984375e-05
clam,tarantula,-9.312620162963867,-0.0001201629638671875
clam,crab,-9.937568664550781,-6.866455078125e-05
clam,crayfish,-9.750082015991211,-8.20159912109375e-05
clam,lobster,-9.375106811523438,-0.0001068115234375
clam,prawn,-9.625085830688477,-8.58306884765625e-05
clam,shrimp,-10.000062942504883,-6.29425048828125e-05
clam,slug,-5.628761291503906,-0.00376129150390625
clam,snail,-0.00103759765625,-7.12603759765625
clam,clam,-0.00048828125,-8.18798828125
clam,mussel,-5.815830230712891,-0.003330230712890625
clam,scallop,-7.750492095947266,-0.000492095947265625
clam,oyster,-7.188344955444336,-0.0008449554443359375
clam,squid,-9.875068664550781,-6.866455078125e-05
clam,octopus,-9.687583923339844,-8.392333984375e-05
clam,worm,-4.945034027099609,-0.007534027099609375
clam,jellyfish,-10.000066757202148,-6.67572021484375e-05
mussel,animal,-4.76837158203125e-05,-11.50004768371582
mussel,vertebrate,-10.250053405761719,-5.340576171875e-05
mussel,invertebrate,-4.57763671875e-05,-11.125045776367188
mussel,mammal,-10.062559127807617,-5.91278076171875e-05
mussel,bird,-9.62508773803711,-8.7738037109375e-05
mussel,reptile,-10.125059127807617,-5.91278076171875e-05
mussel,amphibian,-10.250055313110352,-5.53131103515625e-05
mussel,fish,-10.125053405761719,-5.340576171875e-05
mussel,arthropod,-10.125062942504883,-6.29425048828125e-05
mussel,insect,-10.312551498413086,-5.14984130859375e-05
mussel,bird of prey,-9.687591552734375,-9.1552734375e-05
mussel,aquatic bird,-9.68758773803711,-8.7738037109375e-05
mussel,canine,-9.625091552734375,-9.1552734375e-05
mussel,feline,-9.562593460083008,-9.34600830078125e-05
mussel,primate,-9.750080108642578,-8.0108642578125e-05
mussel,aquatic mammal,-9.750082015991211,-8.20159912109375e-05
mussel,rodent,-9.750078201293945,-7.82012939453125e-05
mussel,bat,-9.562599182128906,-9.918212890625e-05
mussel,bear,-9.437604904174805,-0.0001049041748046875
mussel,cat,-9.500099182128906,-9.918212890625e-05
mussel,cheetah,-9.625091552734375,-9.1552734375e-05
mussel,leopard,-9.000154495239258,-0.0001544952392578125
mussel,lion,-9.437604904174805,-0.0001049041748046875
mussel,panther,-9.312620162963867,-0.0001201629638671875
mussel,tiger,-8.812681198120117,-0.0001811981201171875
mussel,dog,-9.562597274780273,-9.72747802734375e-05
mussel,fox,-9.625091552734375,-9.1552734375e-05
mussel,hyena,-9.625091552734375,-9.1552734375e-05
mussel,wolf,-9.437606811523438,-0.0001068115234375
mussel,raccoon,-9.312618255615234,-0.000118255615234375
mussel,skunk,-9.312620162963867,-0.0001201629638671875
mussel,otter,-9.500101089477539,-0.0001010894775390625
mussel,beaver,-9.500099182128906,-9.918212890625e-05
mussel,chipmunk,-9.56259536743164,-9.5367431640625e-05
mussel,squirrel,-9.625089645385742,-8.96453857421875e-05
mussel,gerbil,-9.437606811523438,-0.0001068115234375
mussel,guinea_pig,-9.375112533569336,-0.0001125335693359375
mussel,hamster,-9.625085830688477,-8.58306884765625e-05
mussel,mouse,-9.437602996826172,-0.000102996826171875
mussel,porcupine,-9.375112533569336,-0.0001125335693359375
mussel,rat,-9.625091552734375,-9.1552734375e-05
mussel,buffalo,-9.250127792358398,-0.0001277923583984375
mussel,cow,-9.562591552734375,-9.1552734375e-05
mussel,ox,-9.125139236450195,-0.0001392364501953125
mussel,goat,-9.375112533569336,-0.0001125335693359375
mussel,sheep,-9.437604904174805,-0.0001049041748046875
mussel,deer,-9.500099182128906,-9.918212890625e-05
mussel,moose,-9.312618255615234,-0.000118255615234375
mussel,giraffe,-9.437604904174805,-0.0001049041748046875
mussel,camel,-9.312614440917969,-0.00011444091796875
mussel,hippo,-9.187631607055664,-0.0001316070556640625
mussel,llama,-9.37510871887207,-0.0001087188720703125
mussel,pig,-9.375110626220703,-0.000110626220703125
mussel,donkey,-9.312618255615234,-0.000118255615234375
mussel,horse,-9.312618255615234,-0.000118255615234375
mussel,pony,-9.2501220703125,-0.0001220703125
mussel,zebra,-9.000152587890625,-0.000152587890625
mussel,rhino,-9.437606811523438,-0.0001068115234375
mussel,gorilla,-9.312616348266602,-0.0001163482666015625
mussel,monkey,-9.500101089477539,-0.0001010894775390625
mussel,hedgehog,-9.500102996826172,-0.000102996826171875
mussel,rabbit,-9.687582015991211,-8.20159912109375e-05
mussel,seal,-9.562589645385742,-8.96453857421875e-05
mussel,walrus,-9.312618255615234,-0.000118255615234375
mussel,dolphin,-9.625085830688477,-8.58306884765625e-05
mussel,whale,-9.562589645385742,-8.96453857421875e-05
mussel,elephant,-9.312614440917969,-0.00011444091796875
mussel,kangaroo,-9.625089645385742,-8.96453857421875e-05
mussel,platypus,-9.375114440917969,-0.00011444091796875
mussel,crocodile,-9.62508773803711,-8.7738037109375e-05
mussel,alligator,-9.62508773803711,-8.7738037109375e-05
mussel,lizard,-10.062562942504883,-6.29425048828125e-05
mussel,iguana,-9.62508773803711,-8.7738037109375e-05
mussel,rattlesnake,-9.625093460083008,-9.34600830078125e-05
mussel,tortoise,-9.50009536743164,-9.5367431640625e-05
mussel,turtle,-9.625085830688477,-8.58306884765625e-05
mussel,frog,-9.937568664550781,-6.866455078125e-05
mussel,toad,-9.625089645385742,-8.96453857421875e-05
mussel,budgie,-9.250120162963867,-0.0001201629638671875
mussel,parakeet,-9.625097274780273,-9.72747802734375e-05
mussel,buzzard,-9.68758773803711,-8.7738037109375e-05
mussel,falcon,-9.56259536743164,-9.5367431640625e-05
mussel,hawk,-9.500102996826172,-0.000102996826171875
mussel,eagle,-9.500101089477539,-0.0001010894775390625
mussel,owl,-9.437602996826172,-0.000102996826171875
mussel,canary,-9.250120162963867,-0.0001201629638671875
mussel,magpie,-9.437604904174805,-0.0001049041748046875
mussel,raven,-9.250123977661133,-0.0001239776611328125
mussel,nightingale,-9.125139236450195,-0.0001392364501953125
mussel,robin,-9.250123977661133,-0.0001239776611328125
mussel,starling,-9.312620162963867,-0.0001201629638671875
mussel,sparrow,-9.312620162963867,-0.0001201629638671875
mussel,wren,-9.187627792358398,-0.0001277923583984375
mussel,chicken,-9.562593460083008,-9.34600830078125e-05
mussel,cockerel,-9.187631607055664,-0.0001316070556640625
mussel,turkey,-9.125137329101562,-0.0001373291015625
mussel,dove,-9.37510871887207,-0.0001087188720703125
mussel,pigeon,-9.437602996826172,-0.000102996826171875
mussel,partridge,-9.500099182128906,-9.918212890625e-05
mussel,peacock,-9.250125885009766,-0.000125885009765625
mussel,crane,-9.062644958496094,-0.00014495849609375
mussel,flamingo,-9.312614440917969,-0.00011444091796875
mussel,heron,-9.500102996826172,-0.000102996826171875
mussel,duck,-9.500099182128906,-9.918212890625e-05
mussel,goose,-9.437602996826172,-0.000102996826171875
mussel,pelican,-9.375112533569336,-0.0001125335693359375
mussel,penguin,-9.437602996826172,-0.000102996826171875
mussel,seagull,-9.750080108642578,-8.0108642578125e-05
mussel,swan,-9.375110626220703,-0.000110626220703125
mussel,hummingbird,-9.437606811523438,-0.0001068115234375
mussel,kingfisher,-9.375112533569336,-0.0001125335693359375
mussel,woodpecker,-9.37510871887207,-0.0001087188720703125
mussel,emu,-9.187633514404297,-0.000133514404296875
mussel,ostrich,-9.37510871887207,-0.0001087188720703125
mussel,carp,-9.750076293945312,-7.62939453125e-05
mussel,goldfish,-9.625085830688477,-8.58306884765625e-05
mussel,minnow,-9.687582015991211,-8.20159912109375e-05
mussel,cod,-9.625082015991211,-8.20159912109375e-05
mussel,herring,-9.875070571899414,-7.05718994140625e-05
mussel,sardine,-9.750076293945312,-7.62939453125e-05
mussel,salmon,-9.875068664550781,-6.866455078125e-05
mussel,trout,-9.81257438659668,-7.43865966796875e-05
mussel,eel,-10.062559127807617,-5.91278076171875e-05
mussel,flounder,-9.750076293945312,-7.62939453125e-05
mussel,mackerel,-9.562591552734375,-9.1552734375e-05
mussel,tuna,-9.625085830688477,-8.58306884765625e-05
mussel,seahorse,-9.750078201293945,-7.82012939453125e-05
mussel,shark,-9.750076293945312,-7.62939453125e-05
mussel,bee,-9.812576293945312,-7.62939453125e-05
mussel,hornet,-9.687589645385742,-8.96453857421875e-05
mussel,wasp,-9.875078201293945,-7.82012939453125e-05
mussel,ant,-9.625091552734375,-9.1552734375e-05
mussel,beetle,-10.125059127807617,-5.91278076171875e-05
mussel,ladybird,-9.500097274780273,-9.72747802734375e-05
mussel,butterfly,-9.625089645385742,-8.96453857421875e-05
mussel,moth,-9.500099182128906,-9.918212890625e-05
mussel,cockroach,-9.750080108642578,-8.0108642578125e-05
mussel,cricket,-9.750082015991211,-8.20159912109375e-05
mussel,grasshopper,-10.062562942504883,-6.29425048828125e-05
mussel,locust,-9.625089645385742,-8.96453857421875e-05
mussel,dragonfly,-9.875072479248047,-7.2479248046875e-05
mussel,flea,-10.06256103515625,-6.103515625e-05
mussel,housefly,-9.750082015991211,-8.20159912109375e-05
mussel,mosquito,-9.750083923339844,-8.392333984375e-05
mussel,stick_insect,-9.625085830688477,-8.58306884765625e-05
mussel,termite,-9.687583923339844,-8.392333984375e-05
mussel,centipede,-10.062564849853516,-6.4849853515625e-05
mussel,millipede,-9.62508773803711,-8.7738037109375e-05
mussel,scorpion,-9.68758773803711,-8.7738037109375e-05
mussel,spider,-9.687585830688477,-8.58306884765625e-05
mussel,tarantula,-9.437604904174805,-0.0001049041748046875
mussel,crab,-10.125055313110352,-5.53131103515625e-05
mussel,crayfish,-10.000062942504883,-6.29425048828125e-05
mussel,lobster,-9.687578201293945,-7.82012939453125e-05
mussel,prawn,-9.750076293945312,-7.62939453125e-05
mussel,shrimp,-10.125053405761719,-5.340576171875e-05
mussel,slug,-7.1883087158203125,-0.0008087158203125
mussel,snail,-1.8060874938964844,-0.18108749389648438
mussel,clam,-0.0012664794921875,-6.9387664794921875
mussel,mussel,-0.0003452301025390625,-8.625345230102539
mussel,scallop,-8.06285285949707,-0.0003528594970703125
mussel,oyster,-6.813676834106445,-0.0011768341064453125
mussel,squid,-10.00006103515625,-6.103515625e-05
mussel,octopus,-9.750076293945312,-7.62939453125e-05
mussel,worm,-5.877933502197266,-0.002933502197265625
mussel,jellyfish,-10.187555313110352,-5.53131103515625e-05
scallop,animal,-5.7220458984375e-05,-11.312557220458984
scallop,vertebrate,-10.625041961669922,-4.1961669921875e-05
scallop,invertebrate,-5.91278076171875e-05,-10.750059127807617
scallop,mammal,-10.500043869018555,-4.38690185546875e-05
scallop,bird,-9.750080108642578,-8.0108642578125e-05
scallop,reptile,-10.437549591064453,-4.9591064453125e-05
scallop,amphibian,-10.437553405761719,-5.340576171875e-05
scallop,fish,-10.250051498413086,-5.14984130859375e-05
scallop,arthropod,-9.312623977661133,-0.0001239776611328125
scallop,insect,-10.375053405761719,-5.340576171875e-05
scallop,bird of prey,-10.125066757202148,-6.67572021484375e-05
scallop,aquatic bird,-9.62509536743164,-9.5367431640625e-05
scallop,canine,-9.750082015991211,-8.20159912109375e-05
scallop,feline,-10.000064849853516,-6.4849853515625e-05
scallop,primate,-10.062566757202148,-6.67572021484375e-05
scallop,aquatic mammal,-10.062568664550781,-6.866455078125e-05
scallop,rodent,-10.062564849853516,-6.4849853515625e-05
scallop,bat,-9.62509536743164,-9.5367431640625e-05
scallop,bear,-9.812576293945312,-7.62939453125e-05
scallop,cat,-9.625091552734375,-9.1552734375e-05
scallop,cheetah,-10.000068664550781,-6.866455078125e-05
scallop,leopard,-9.06264877319336,-0.000148773193359375
scallop,lion,-9.06264877319336,-0.000148773193359375
scallop,panther,-9.625093460083008,-9.34600830078125e-05
scallop,tiger,-8.875173568725586,-0.0001735687255859375
scallop,dog,-9.625093460083008,-9.34600830078125e-05
scallop,fox,-9.750083923339844,-8.392333984375e-05
scallop,hyena,-9.812582015991211,-8.20159912109375e-05
scallop,wolf,-9.625093460083008,-9.34600830078125e-05
scallop,raccoon,-9.43760871887207,-0.0001087188720703125
scallop,skunk,-9.375114440917969,-0.00011444091796875
scallop,otter,-9.68758773803711,-8.7738037109375e-05
scallop,beaver,-9.687585830688477,-8.58306884765625e-05
scallop,chipmunk,-9.562597274780273,-9.72747802734375e-05
scallop,squirrel,-9.750083923339844,-8.392333984375e-05
scallop,gerbil,-9.750083923339844,-8.392333984375e-05
scallop,guinea_pig,-9.43760871887207,-0.0001087188720703125
scallop,hamster,-9.812576293945312,-7.62939453125e-05
scallop,mouse,-9.750078201293945,-7.82012939453125e-05
scallop,porcupine,-9.437612533569336,-0.0001125335693359375
scallop,rat,-9.750083923339844,-8.392333984375e-05
scallop,buffalo,-9.3126220703125,-0.0001220703125
scallop,cow,-9.625089645385742,-8.96453857421875e-05
scallop,ox,-9.187633514404297,-0.000133514404296875
scallop,goat,-9.62509536743164,-9.5367431640625e-05
scallop,sheep,-9.625091552734375,-9.1552734375e-05
scallop,deer,-9.56259536743164,-9.5367431640625e-05
scallop,moose,-9.750082015991211,-8.20159912109375e-05
scallop,giraffe,-9.562597274780273,-9.72747802734375e-05
scallop,camel,-9.437606811523438,-0.0001068115234375
scallop,hippo,-9.43760871887207,-0.0001087188720703125
scallop,llama,-9.500099182128906,-9.918212890625e-05
scallop,pig,-9.750085830688477,-8.58306884765625e-05
scallop,donkey,-9.437610626220703,-0.000110626220703125
scallop,horse,-9.312618255615234,-0.000118255615234375
scallop,pony,-9.375114440917969,-0.00011444091796875
scallop,zebra,-9.43760871887207,-0.0001087188720703125
scallop,rhino,-9.500104904174805,-0.0001049041748046875
scallop,gorilla,-9.687585830688477,-8.58306884765625e-05
scallop,monkey,-9.812580108642578,-8.0108642578125e-05
scallop,hedgehog,-9.68758773803711,-8.7738037109375e-05
scallop,rabbit,-9.812576293945312,-7.62939453125e-05
scallop,seal,-9.437606811523438,-0.0001068115234375
scallop,walrus,-9.437604904174805,-0.0001049041748046875
scallop,dolphin,-9.87507438659668,-7.43865966796875e-05
scallop,whale,-9.875072479248047,-7.2479248046875e-05
scallop,elephant,-9.250125885009766,-0.000125885009765625
scallop,kangaroo,-9.68758773803711,-8.7738037109375e-05
scallop,platypus,-9.812580108642578,-8.0108642578125e-05
scallop,crocodile,-9.812578201293945,-7.82012939453125e-05
scallop,alligator,-9.87507438659668,-7.43865966796875e-05
scallop,lizard,-10.187559127807617,-5.91278076171875e-05
scallop,iguana,-9.937568664550781,-6.866455078125e-05
scallop,rattlesnake,-9.750085830688477,-8.58306884765625e-05
scallop,tortoise,-9.562593460083008,-9.34600830078125e-05
scallop,turtle,-10.06256103515625,-6.103515625e-05
scallop,frog,-10.125059127807617,-5.91278076171875e-05
scallop,toad,-9.562599182128906,-9.918212890625e-05
scallop,budgie,-9.250123977661133,-0.0001239776611328125
scallop,parakeet,-9.812582015991211,-8.20159912109375e-05
scallop,buzzard,-9.750083923339844,-8.392333984375e-05
scallop,falcon,-9.625091552734375,-9.1552734375e-05
scallop,hawk,-9.562599182128906,-9.918212890625e-05
scallop,eagle,-9.750082015991211,-8.20159912109375e-05
scallop,owl,-9.562593460083008,-9.34600830078125e-05
scallop,canary,-9.312616348266602,-0.0001163482666015625
scallop,magpie,-9.500101089477539,-0.0001010894775390625
scallop,raven,-9.500102996826172,-0.000102996826171875
scallop,nightingale,-9.312618255615234,-0.000118255615234375
scallop,robin,-9.500099182128906,-9.918212890625e-05
scallop,starling,-9.312620162963867,-0.0001201629638671875
scallop,sparrow,-9.562593460083008,-9.34600830078125e-05
scallop,wren,-9.312616348266602,-0.0001163482666015625
scallop,chicken,-9.625091552734375,-9.1552734375e-05
scallop,cockerel,-9.125141143798828,-0.000141143798828125
scallop,turkey,-9.312616348266602,-0.0001163482666015625
scallop,dove,-9.562593460083008,-9.34600830078125e-05
scallop,pigeon,-9.625089645385742,-8.96453857421875e-05
scallop,partridge,-9.437606811523438,-0.0001068115234375
scallop,peacock,-9.312620162963867,-0.0001201629638671875
scallop,crane,-8.875175476074219,-0.00017547607421875
scallop,flamingo,-9.500099182128906,-9.918212890625e-05
scallop,heron,-9.812580108642578,-8.0108642578125e-05
scallop,duck,-9.812578201293945,-7.82012939453125e-05
scallop,goose,-9.437602996826172,-0.000102996826171875
scallop,pelican,-9.562597274780273,-9.72747802734375e-05
scallop,penguin,-9.625089645385742,-8.96453857421875e-05
scallop,seagull,-9.750080108642578,-8.0108642578125e-05
scallop,swan,-9.687583923339844,-8.392333984375e-05
scallop,hummingbird,-9.625089645385742,-8.96453857421875e-05
scallop,kingfisher,-9.56259536743164,-9.5367431640625e-05
scallop,woodpecker,-9.562593460083008,-9.34600830078125e-05
scallop,emu,-9.625089645385742,-8.96453857421875e-05
scallop,ostrich,-9.437602996826172,-0.000102996826171875
scallop,carp,-10.000066757202148,-6.67572021484375e-05
scallop,goldfish,-9.750078201293945,-7.82012939453125e-05
scallop,minnow,-9.87507438659668,-7.43865966796875e-05
scallop,cod,-9.812570571899414,-7.05718994140625e-05
scallop,herring,-10.12506103515625,-6.103515625e-05
scallop,sardine,-10.250051498413086,-5.14984130859375e-05
scallop,salmon,-10.06256103515625,-6.103515625e-05
scallop,trout,-10.125057220458984,-5.7220458984375e-05
scallop,eel,-10.125059127807617,-5.91278076171875e-05
scallop,flounder,-9.750076293945312,-7.62939453125e-05
scallop,mackerel,-9.875072479248047,-7.2479248046875e-05
scallop,tuna,-10.000062942504883,-6.29425048828125e-05
scallop,seahorse,-9.812576293945312,-7.62939453125e-05
scallop,shark,-10.250053405761719,-5.340576171875e-05
scallop,bee,-10.000068664550781,-6.866455078125e-05
scallop,hornet,-9.687591552734375,-9.1552734375e-05
scallop,wasp,-10.062568664550781,-6.866455078125e-05
scallop,ant,-9.750083923339844,-8.392333984375e-05
scallop,beetle,-10.375051498413086,-5.14984130859375e-05
scallop,ladybird,-9.125137329101562,-0.0001373291015625
scallop,butterfly,-9.3126220703125,-0.0001220703125
scallop,moth,-9.375110626220703,-0.000110626220703125
scallop,cockroach,-9.68758773803711,-8.7738037109375e-05
scallop,cricket,-9.562593460083008,-9.34600830078125e-05
scallop,grasshopper,-10.187557220458984,-5.7220458984375e-05
scallop,locust,-9.812578201293945,-7.82012939453125e-05
scallop,dragonfly,-10.062562942504883,-6.29425048828125e-05
scallop,flea,-9.812576293945312,-7.62939453125e-05
scallop,housefly,-9.875072479248047,-7.2479248046875e-05
scallop,mosquito,-9.812576293945312,-7.62939453125e-05
scallop,stick_insect,-9.750082015991211,-8.20159912109375e-05
scallop,termite,-9.750080108642578,-8.0108642578125e-05
scallop,centipede,-10.18756103515625,-6.103515625e-05
scallop,millipede,-9.812578201293945,-7.82012939453125e-05
scallop,scorpion,-9.62509536743164,-9.5367431640625e-05
scallop,spider,-10.000070571899414,-7.05718994140625e-05
scallop,tarantula,-9.562599182128906,-9.918212890625e-05
scallop,crab,-10.125057220458984,-5.7220458984375e-05
scallop,crayfish,-9.875072479248047,-7.2479248046875e-05
scallop,lobster,-9.56258773803711,-8.7738037109375e-05
scallop,prawn,-9.687580108642578,-8.0108642578125e-05
scallop,shrimp,-9.875066757202148,-6.67572021484375e-05
scallop,slug,-5.19329833984375,-0.00579833984375
scallop,snail,-0.0014972686767578125,-6.688997268676758
scallop,clam,-0.0028285980224609375,-6.002828598022461
scallop,mussel,-7.063409805297852,-0.0009098052978515625
scallop,scallop,-0.0003795623779296875,-8.31287956237793
scallop,oyster,-8.25029182434082,-0.0002918243408203125
scallop,squid,-10.187553405761719,-5.340576171875e-05
scallop,octopus,-10.125057220458984,-5.7220458984375e-05
scallop,worm,-7.625537872314453,-0.000537872314453125
scallop,jellyfish,-10.250055313110352,-5.53131103515625e-05
oyster,animal,-4.9591064453125e-05,-11.312549591064453
oyster,vertebrate,-10.312551498413086,-5.14984130859375e-05
oyster,invertebrate,-6.4849853515625e-05,-10.500064849853516
oyster,mammal,-10.062562942504883,-6.29425048828125e-05
oyster,bird,-9.500097274780273,-9.72747802734375e-05
oyster,reptile,-10.12506103515625,-6.103515625e-05
oyster,amphibian,-10.125062942504883,-6.29425048828125e-05
oyster,fish,-10.25004768371582,-4.76837158203125e-05
oyster,arthropod,-10.062568664550781,-6.866455078125e-05
oyster,insect,-10.125062942504883,-6.29425048828125e-05
oyster,bird of prey,-9.687589645385742,-8.96453857421875e-05
oyster,aquatic bird,-9.625093460083008,-9.34600830078125e-05
oyster,canine,-9.56259536743164,-9.5367431640625e-05
oyster,feline,-9.562591552734375,-9.1552734375e-05
oyster,primate,-9.68758773803711,-8.7738037109375e-05
oyster,aquatic mammal,-9.750082015991211,-8.20159912109375e-05
oyster,rodent,-9.500097274780273,-9.72747802734375e-05
oyster,bat,-9.56259536743164,-9.5367431640625e-05
oyster,bear,-9.375110626220703,-0.000110626220703125
oyster,cat,-9.375110626220703,-0.000110626220703125
oyster,cheetah,-9.750082015991211,-8.20159912109375e-05
oyster,leopard,-8.81268310546875,-0.00018310546875
oyster,lion,-9.187631607055664,-0.0001316070556640625
oyster,panther,-9.375114440917969,-0.00011444091796875
oyster,tiger,-8.625215530395508,-0.0002155303955078125
oyster,dog,-9.375112533569336,-0.0001125335693359375
oyster,fox,-9.500101089477539,-0.0001010894775390625
oyster,hyena,-9.562599182128906,-9.918212890625e-05
oyster,wolf,-9.312618255615234,-0.000118255615234375
oyster,raccoon,-9.125139236450195,-0.0001392364501953125
oyster,skunk,-9.125139236450195,-0.0001392364501953125
oyster,otter,-9.375110626220703,-0.000110626220703125
oyster,beaver,-9.375110626220703,-0.000110626220703125
oyster,chipmunk,-9.437606811523438,-0.0001068115234375
oyster,squirrel,-9.500101089477539,-0.0001010894775390625
oyster,gerbil,-9.500099182128906,-9.918212890625e-05
oyster,guinea_pig,-9.375116348266602,-0.0001163482666015625
oyster,hamster,-9.500097274780273,-9.72747802734375e-05
oyster,mouse,-9.625085830688477,-8.58306884765625e-05
oyster,porcupine,-9.062650680541992,-0.0001506805419921875
oyster,rat,-9.437604904174805,-0.0001049041748046875
oyster,buffalo,-9.18763542175293,-0.0001354217529296875
oyster,cow,-9.562593460083008,-9.34600830078125e-05
oyster,ox,-8.937665939331055,-0.0001659393310546875
oyster,goat,-9.250129699707031,-0.00012969970703125
oyster,sheep,-9.56259536743164,-9.5367431640625e-05
oyster,deer,-9.500101089477539,-0.0001010894775390625
oyster,moose,-9.500101089477539,-0.0001010894775390625
oyster,giraffe,-9.375112533569336,-0.0001125335693359375
oyster,camel,-9.312614440917969,-0.00011444091796875
oyster,hippo,-9.250125885009766,-0.000125885009765625
oyster,llama,-9.437604904174805,-0.0001049041748046875
oyster,pig,-9.375114440917969,-0.00011444091796875
oyster,donkey,-9.437606811523438,-0.0001068115234375
oyster,horse,-9.312618255615234,-0.000118255615234375
oyster,pony,-9.187629699707031,-0.00012969970703125
oyster,zebra,-9.06264877319336,-0.000148773193359375
oyster,rhino,-9.375114440917969,-0.00011444091796875
oyster,gorilla,-9.375110626220703,-0.000110626220703125
oyster,monkey,-9.625091552734375,-9.1552734375e-05
oyster,hedgehog,-9.375114440917969,-0.00011444091796875
oyster,rabbit,-9.62508773803711,-8.7738037109375e-05
oyster,seal,-9.500099182128906,-9.918212890625e-05
oyster,walrus,-9.250123977661133,-0.0001239776611328125
oyster,dolphin,-9.562591552734375,-9.1552734375e-05
oyster,whale,-9.562591552734375,-9.1552734375e-05
oyster,elephant,-9.2501220703125,-0.0001220703125
oyster,kangaroo,-9.500101089477539,-0.0001010894775390625
oyster,platypus,-9.43760871887207,-0.0001087188720703125
oyster,crocodile,-9.437602996826172,-0.000102996826171875
oyster,alligator,-9.500101089477539,-0.0001010894775390625
oyster,lizard,-10.000066757202148,-6.67572021484375e-05
oyster,iguana,-9.625089645385742,-8.96453857421875e-05
oyster,rattlesnake,-9.500102996826172,-0.000102996826171875
oyster,tortoise,-9.312614440917969,-0.00011444091796875
oyster,turtle,-9.562591552734375,-9.1552734375e-05
oyster,frog,-9.875072479248047,-7.2479248046875e-05
oyster,toad,-9.312618255615234,-0.000118255615234375
oyster,budgie,-9.187629699707031,-0.00012969970703125
oyster,parakeet,-9.687591552734375,-9.1552734375e-05
oyster,buzzard,-9.437610626220703,-0.000110626220703125
oyster,falcon,-9.500099182128906,-9.918212890625e-05
oyster,hawk,-9.43760871887207,-0.0001087188720703125
oyster,eagle,-9.375112533569336,-0.0001125335693359375
oyster,owl,-9.37510871887207,-0.0001087188720703125
oyster,canary,-9.187629699707031,-0.00012969970703125
oyster,magpie,-9.312616348266602,-0.0001163482666015625
oyster,raven,-9.125139236450195,-0.0001392364501953125
oyster,nightingale,-9.06264877319336,-0.000148773193359375
oyster,robin,-9.250123977661133,-0.0001239776611328125
oyster,starling,-9.3126220703125,-0.0001220703125
oyster,sparrow,-9.500097274780273,-9.72747802734375e-05
oyster,wren,-9.187627792358398,-0.0001277923583984375
oyster,chicken,-9.500101089477539,-0.0001010894775390625
oyster,cockerel,-9.250127792358398,-0.0001277923583984375
oyster,turkey,-9.2501220703125,-0.0001220703125
oyster,dove,-9.2501220703125,-0.0001220703125
oyster,pigeon,-9.437604904174805,-0.0001049041748046875
oyster,partridge,-9.375114440917969,-0.00011444091796875
oyster,peacock,-9.187633514404297,-0.000133514404296875
oyster,crane,-9.2501220703125,-0.0001220703125
oyster,flamingo,-9.187627792358398,-0.0001277923583984375
oyster,heron,-9.375118255615234,-0.000118255615234375
oyster,duck,-9.56259536743164,-9.5367431640625e-05
oyster,goose,-9.37510871887207,-0.0001087188720703125
oyster,pelican,-9.250123977661133,-0.0001239776611328125
oyster,penguin,-9.2501220703125,-0.0001220703125
oyster,seagull,-9.687583923339844,-8.392333984375e-05
oyster,swan,-9.500097274780273,-9.72747802734375e-05
oyster,hummingbird,-9.500101089477539,-0.0001010894775390625
oyster,kingfisher,-9.3126220703125,-0.0001220703125
oyster,woodpecker,-9.250123977661133,-0.0001239776611328125
oyster,emu,-9.375110626220703,-0.000110626220703125
oyster,ostrich,-9.187631607055664,-0.0001316070556640625
oyster,carp,-9.687582015991211,-8.20159912109375e-05
oyster,goldfish,-9.62508773803711,-8.7738037109375e-05
oyster,minnow,-9.687585830688477,-8.58306884765625e-05
oyster,cod,-9.56258773803711,-8.7738037109375e-05
oyster,herring,-9.750082015991211,-8.20159912109375e-05
oyster,sardine,-9.875068664550781,-6.866455078125e-05
oyster,salmon,-9.750078201293945,-7.82012939453125e-05
oyster,trout,-9.687583923339844,-8.392333984375e-05
oyster,eel,-9.937566757202148,-6.67572021484375e-05
oyster,flounder,-9.562591552734375,-9.1552734375e-05
oyster,mackerel,-9.625089645385742,-8.96453857421875e-05
oyster,tuna,-9.687582015991211,-8.20159912109375e-05
oyster,seahorse,-9.687583923339844,-8.392333984375e-05
oyster,shark,-9.687583923339844,-8.392333984375e-05
oyster,bee,-9.875072479248047,-7.2479248046875e-05
oyster,hornet,-9.500106811523438,-0.0001068115234375
oyster,wasp,-9.62509536743164,-9.5367431640625e-05
oyster,ant,-9.562593460083008,-9.34600830078125e-05
oyster,beetle,-10.062562942504883,-6.29425048828125e-05
oyster,ladybird,-9.125139236450195,-0.0001392364501953125
oyster,butterfly,-9.625091552734375,-9.1552734375e-05
oyster,moth,-9.562593460083008,-9.34600830078125e-05
oyster,cockroach,-9.500099182128906,-9.918212890625e-05
oyster,cricket,-9.500101089477539,-0.0001010894775390625
oyster,grasshopper,-9.875072479248047,-7.2479248046875e-05
oyster,locust,-9.562597274780273,-9.72747802734375e-05
oyster,dragonfly,-9.625091552734375,-9.1552734375e-05
oyster,flea,-9.750082015991211,-8.20159912109375e-05
oyster,housefly,-9.750082015991211,-8.20159912109375e-05
oyster,mosquito,-9.625091552734375,-9.1552734375e-05
oyster,stick_insect,-9.375112533569336,-0.0001125335693359375
oyster,termite,-9.437604904174805,-0.0001049041748046875
oyster,centipede,-9.750085830688477,-8.58306884765625e-05
oyster,millipede,-9.437606811523438,-0.0001068115234375
oyster,scorpion,-9.3126220703125,-0.0001220703125
oyster,spider,-9.625091552734375,-9.1552734375e-05
oyster,tarantula,-9.437606811523438,-0.0001068115234375
oyster,crab,-10.062559127807617,-5.91278076171875e-05
oyster,crayfish,-9.625091552734375,-9.1552734375e-05
oyster,lobster,-9.437601089477539,-0.0001010894775390625
oyster,prawn,-9.75007438659668,-7.43865966796875e-05
oyster,shrimp,-9.937564849853516,-6.4849853515625e-05
oyster,slug,-4.141498565673828,-0.016498565673828125
oyster,snail,-0.000537872314453125,-7.875537872314453
oyster,clam,-0.00331878662109375,-5.878318786621094
oyster,mussel,-5.504316329956055,-0.0043163299560546875
oyster,scallop,-8.625211715698242,-0.0002117156982421875
oyster,oyster,-0.000457763671875,-8.187957763671875
oyster,squid,-10.00006103515625,-6.103515625e-05
oyster,octopus,-9.62508773803711,-8.7738037109375e-05
oyster,worm,-7.188312530517578,-0.000812530517578125
oyster,jellyfish,-10.062562942504883,-6.29425048828125e-05
squid,animal,-4.00543212890625e-05,-12.125040054321289
squid,vertebrate,-11.000028610229492,-2.86102294921875e-05
squid,invertebrate,-4.1961669921875e-05,-11.187541961669922
squid,mammal,-10.68753433227539,-3.4332275390625e-05
squid,bird,-10.500041961669922,-4.1961669921875e-05
squid,reptile,-10.81253433227539,-3.4332275390625e-05
squid,amphibian,-10.812536239624023,-3.62396240234375e-05
squid,fish,-10.750030517578125,-3.0517578125e-05
squid,arthropod,-10.500045776367188,-4.57763671875e-05
squid,insect,-10.81253433227539,-3.4332275390625e-05
squid,bird of prey,-10.312553405761719,-5.340576171875e-05
squid,aquatic bird,-10.312553405761719,-5.340576171875e-05
squid,canine,-10.250051498413086,-5.14984130859375e-05
squid,feline,-10.250049591064453,-4.9591064453125e-05
squid,primate,-10.312549591064453,-4.9591064453125e-05
squid,aquatic mammal,-10.437545776367188,-4.57763671875e-05
squid,rodent,-10.250051498413086,-5.14984130859375e-05
squid,bat,-10.125062942504883,-6.29425048828125e-05
squid,bear,-10.187555313110352,-5.53131103515625e-05
squid,cat,-10.250051498413086,-5.14984130859375e-05
squid,cheetah,-10.250053405761719,-5.340576171875e-05
squid,leopard,-9.437604904174805,-0.0001049041748046875
squid,lion,-9.81257438659668,-7.43865966796875e-05
squid,panther,-9.875076293945312,-7.62939453125e-05
squid,tiger,-9.500099182128906,-9.918212890625e-05
squid,dog,-10.250051498413086,-5.14984130859375e-05
squid,fox,-10.250051498413086,-5.14984130859375e-05
squid,hyena,-10.187559127807617,-5.91278076171875e-05
squid,wolf,-10.06256103515625,-6.103515625e-05
squid,raccoon,-9.812576293945312,-7.62939453125e-05
squid,skunk,-9.812578201293945,-7.82012939453125e-05
squid,otter,-10.000062942504883,-6.29425048828125e-05
squid,beaver,-10.187555313110352,-5.53131103515625e-05
squid,chipmunk,-10.187555313110352,-5.53131103515625e-05
squid,squirrel,-10.12506103515625,-6.103515625e-05
squid,gerbil,-9.937568664550781,-6.866455078125e-05
squid,guinea_pig,-10.062562942504883,-6.29425048828125e-05
squid,hamster,-10.187553405761719,-5.340576171875e-05
squid,mouse,-10.125057220458984,-5.7220458984375e-05
squid,porcupine,-9.875076293945312,-7.62939453125e-05
squid,rat,-10.125057220458984,-5.7220458984375e-05
squid,buffalo,-10.062564849853516,-6.4849853515625e-05
squid,cow,-10.187555313110352,-5.53131103515625e-05
squid,ox,-9.750080108642578,-8.0108642578125e-05
squid,goat,-10.062564849853516,-6.4849853515625e-05
squid,sheep,-10.187557220458984,-5.7220458984375e-05
squid,deer,-10.187557220458984,-5.7220458984375e-05
squid,moose,-10.062562942504883,-6.29425048828125e-05
squid,giraffe,-10.000064849853516,-6.4849853515625e-05
squid,camel,-9.875072479248047,-7.2479248046875e-05
squid,hippo,-9.750082015991211,-8.20159912109375e-05
squid,llama,-9.937568664550781,-6.866455078125e-05
squid,pig,-10.000064849853516,-6.4849853515625e-05
squid,donkey,-10.000068664550781,-6.866455078125e-05
squid,horse,-9.875072479248047,-7.2479248046875e-05
squid,pony,-9.875070571899414,-7.05718994140625e-05
squid,zebra,-9.750082015991211,-8.20159912109375e-05
squid,rhino,-10.000066757202148,-6.67572021484375e-05
squid,gorilla,-10.000064849853516,-6.4849853515625e-05
squid,monkey,-10.250051498413086,-5.14984130859375e-05
squid,hedgehog,-10.125062942504883,-6.29425048828125e-05
squid,rabbit,-10.125057220458984,-5.7220458984375e-05
squid,seal,-10.125059127807617,-5.91278076171875e-05
squid,walrus,-9.875072479248047,-7.2479248046875e-05
squid,dolphin,-10.250051498413086,-5.14984130859375e-05
squid,whale,-10.250049591064453,-4.9591064453125e-05
squid,elephant,-9.687583923339844,-8.392333984375e-05
squid,kangaroo,-10.187555313110352,-5.53131103515625e-05
squid,platypus,-10.062564849853516,-6.4849853515625e-05
squid,crocodile,-10.250053405761719,-5.340576171875e-05
squid,alligator,-10.187557220458984,-5.7220458984375e-05
squid,lizard,-10.625040054321289,-4.00543212890625e-05
squid,iguana,-10.187555313110352,-5.53131103515625e-05
squid,rattlesnake,-10.187557220458984,-5.7220458984375e-05
squid,tortoise,-10.125057220458984,-5.7220458984375e-05
squid,turtle,-10.375045776367188,-4.57763671875e-05
squid,frog,-10.437543869018555,-4.38690185546875e-05
squid,toad,-10.062562942504883,-6.29425048828125e-05
squid,budgie,-9.750080108642578,-8.0108642578125e-05
squid,parakeet,-10.18756103515625,-6.103515625e-05
squid,buzzard,-10.187559127807617,-5.91278076171875e-05
squid,falcon,-10.125059127807617,-5.91278076171875e-05
squid,hawk,-10.062564849853516,-6.4849853515625e-05
squid,eagle,-10.187555313110352,-5.53131103515625e-05
squid,owl,-10.000064849853516,-6.4849853515625e-05
squid,canary,-9.750076293945312,-7.62939453125e-05
squid,magpie,-9.937568664550781,-6.866455078125e-05
squid,raven,-9.812578201293945,-7.82012939453125e-05
squid,nightingale,-9.750078201293945,-7.82012939453125e-05
squid,robin,-10.000062942504883,-6.29425048828125e-05
squid,starling,-9.750083923339844,-8.392333984375e-05
squid,sparrow,-10.06256103515625,-6.103515625e-05
squid,wren,-9.81257438659668,-7.43865966796875e-05
squid,chicken,-10.375045776367188,-4.57763671875e-05
squid,cockerel,-9.750080108642578,-8.0108642578125e-05
squid,turkey,-9.875070571899414,-7.05718994140625e-05
squid,dove,-9.875072479248047,-7.2479248046875e-05
squid,pigeon,-10.125057220458984,-5.7220458984375e-05
squid,partridge,-9.812578201293945,-7.82012939453125e-05
squid,peacock,-9.625089645385742,-8.96453857421875e-05
squid,crane,-9.687583923339844,-8.392333984375e-05
squid,flamingo,-10.000062942504883,-6.29425048828125e-05
squid,heron,-10.062564849853516,-6.4849853515625e-05
squid,duck,-10.250051498413086,-5.14984130859375e-05
squid,goose,-10.000062942504883,-6.29425048828125e-05
squid,pelican,-10.000064849853516,-6.4849853515625e-05
squid,penguin,-10.000062942504883,-6.29425048828125e-05
squid,seagull,-10.187555313110352,-5.53131103515625e-05
squid,swan,-10.125057220458984,-5.7220458984375e-05
squid,hummingbird,-10.125059127807617,-5.91278076171875e-05
squid,kingfisher,-9.87507438659668,-7.43865966796875e-05
squid,woodpecker,-10.062562942504883,-6.29425048828125e-05
squid,emu,-9.87507438659668,-7.43865966796875e-05
squid,ostrich,-10.000062942504883,-6.29425048828125e-05
squid,carp,-10.250051498413086,-5.14984130859375e-05
squid,goldfish,-10.187553405761719,-5.340576171875e-05
squid,minnow,-10.250051498413086,-5.14984130859375e-05
squid,cod,-10.000059127807617,-5.91278076171875e-05
squid,herring,-10.375045776367188,-4.57763671875e-05
squid,sardine,-10.250049591064453,-4.9591064453125e-05
squid,salmon,-10.250049591064453,-4.9591064453125e-05
squid,trout,-10.250049591064453,-4.9591064453125e-05
squid,eel,-10.375043869018555,-4.38690185546875e-05
squid,flounder,-10.250049591064453,-4.9591064453125e-05
squid,mackerel,-9.750078201293945,-7.82012939453125e-05
squid,tuna,-10.187551498413086,-5.14984130859375e-05
squid,seahorse,-10.250051498413086,-5.14984130859375e-05
squid,shark,-10.625036239624023,-3.62396240234375e-05
squid,bee,-10.37504768371582,-4.76837158203125e-05
squid,hornet,-10.062564849853516,-6.4849853515625e-05
squid,wasp,-10.43754768371582,-4.76837158203125e-05
squid,ant,-10.187557220458984,-5.7220458984375e-05
squid,beetle,-10.81253433227539,-3.4332275390625e-05
squid,ladybird,-10.000064849853516,-6.4849853515625e-05
squid,butterfly,-10.12506103515625,-6.103515625e-05
squid,moth,-10.187557220458984,-5.7220458984375e-05
squid,cockroach,-9.687582015991211,-8.20159912109375e-05
squid,cricket,-10.250053405761719,-5.340576171875e-05
squid,grasshopper,-10.37504768371582,-4.76837158203125e-05
squid,locust,-10.250055313110352,-5.53131103515625e-05
squid,dragonfly,-10.250053405761719,-5.340576171875e-05
squid,flea,-10.437543869018555,-4.38690185546875e-05
squid,housefly,-10.250053405761719,-5.340576171875e-05
squid,mosquito,-10.250057220458984,-5.7220458984375e-05
squid,stick_insect,-9.937566757202148,-6.67572021484375e-05
squid,termite,-10.187553405761719,-5.340576171875e-05
squid,centipede,-10.375049591064453,-4.9591064453125e-05
squid,millipede,-10.312551498413086,-5.14984130859375e-05
squid,scorpion,-9.87507438659668,-7.43865966796875e-05
squid,spider,-10.187557220458984,-5.7220458984375e-05
squid,tarantula,-10.000066757202148,-6.67572021484375e-05
squid,crab,-10.562540054321289,-4.00543212890625e-05
squid,crayfish,-10.250051498413086,-5.14984130859375e-05
squid,lobster,-10.125053405761719,-5.340576171875e-05
squid,prawn,-9.625082015991211,-8.20159912109375e-05
squid,shrimp,-9.562585830688477,-8.58306884765625e-05
squid,slug,-5.193323135375977,-0.0058231353759765625
squid,snail,-7.687997817993164,-0.0004978179931640625
squid,clam,-9.875066757202148,-6.67572021484375e-05
squid,mussel,-10.250051498413086,-5.14984130859375e-05
squid,scallop,-9.750078201293945,-7.82012939453125e-05
squid,oyster,-9.875068664550781,-6.866455078125e-05
squid,squid,-0.0003299713134765625,-8.562829971313477
squid,octopus,-9.875068664550781,-6.866455078125e-05
squid,worm,-9.625082015991211,-8.20159912109375e-05
squid,jellyfish,-10.437543869018555,-4.38690185546875e-05
octopus,animal,-4.57763671875e-05,-12.312545776367188
octopus,vertebrate,-10.75003433227539,-3.4332275390625e-05
octopus,invertebrate,-4.00543212890625e-05,-11.437540054321289
octopus,mammal,-10.562540054321289,-4.00543212890625e-05
octopus,bird,-10.187557220458984,-5.7220458984375e-05
octopus,reptile,-10.562541961669922,-4.1961669921875e-05
octopus,amphibian,-10.500045776367188,-4.57763671875e-05
octopus,fish,-10.62503433227539,-3.4332275390625e-05
octopus,arthropod,-10.37504768371582,-4.76837158203125e-05
octopus,insect,-10.625041961669922,-4.1961669921875e-05
octopus,bird of prey,-10.062568664550781,-6.866455078125e-05
octopus,aquatic bird,-10.000070571899414,-7.05718994140625e-05
octopus,canine,-10.187557220458984,-5.7220458984375e-05
octopus,feline,-10.125057220458984,-5.7220458984375e-05
octopus,primate,-10.187557220458984,-5.7220458984375e-05
octopus,aquatic mammal,-10.37504768371582,-4.76837158203125e-05
octopus,rodent,-10.125059127807617,-5.91278076171875e-05
octopus,bat,-9.812582015991211,-8.20159912109375e-05
octopus,bear,-9.87507438659668,-7.43865966796875e-05
octopus,cat,-10.000064849853516,-6.4849853515625e-05
octopus,cheetah,-10.125062942504883,-6.29425048828125e-05
octopus,leopard,-9.3126220703125,-0.0001220703125
octopus,lion,-9.687585830688477,-8.58306884765625e-05
octopus,panther,-9.562602996826172,-0.000102996826171875
octopus,tiger,-9.43760871887207,-0.0001087188720703125
octopus,dog,-10.062564849853516,-6.4849853515625e-05
octopus,fox,-10.062566757202148,-6.67572021484375e-05
octopus,hyena,-9.875076293945312,-7.62939453125e-05
octopus,wolf,-9.875076293945312,-7.62939453125e-05
octopus,raccoon,-9.562601089477539,-0.0001010894775390625
octopus,skunk,-9.500102996826172,-0.000102996826171875
octopus,otter,-9.875072479248047,-7.2479248046875e-05
octopus,beaver,-9.87507438659668,-7.43865966796875e-05
octopus,chipmunk,-9.87507438659668,-7.43865966796875e-05
octopus,squirrel,-10.062562942504883,-6.29425048828125e-05
octopus,gerbil,-9.750083923339844,-8.392333984375e-05
octopus,guinea_pig,-10.000068664550781,-6.866455078125e-05
octopus,hamster,-9.937568664550781,-6.866455078125e-05
octopus,mouse,-9.875068664550781,-6.866455078125e-05
octopus,porcupine,-9.562599182128906,-9.918212890625e-05
octopus,rat,-9.937568664550781,-6.866455078125e-05
octopus,buffalo,-9.75008773803711,-8.7738037109375e-05
octopus,cow,-9.87507438659668,-7.43865966796875e-05
octopus,ox,-9.375112533569336,-0.0001125335693359375
octopus,goat,-9.750085830688477,-8.58306884765625e-05
octopus,sheep,-9.937570571899414,-7.05718994140625e-05
octopus,deer,-9.875076293945312,-7.62939453125e-05
octopus,moose,-9.812578201293945,-7.82012939453125e-05
octopus,giraffe,-9.750085830688477,-8.58306884765625e-05
octopus,camel,-9.68758773803711,-8.7738037109375e-05
octopus,hippo,-9.562601089477539,-0.0001010894775390625
octopus,llama,-9.812578201293945,-7.82012939453125e-05
octopus,pig,-9.687585830688477,-8.58306884765625e-05
octopus,donkey,-9.750085830688477,-8.58306884765625e-05
octopus,horse,-9.812580108642578,-8.0108642578125e-05
octopus,pony,-9.812578201293945,-7.82012939453125e-05
octopus,zebra,-9.68758773803711,-8.7738037109375e-05
octopus,rhino,-9.875076293945312,-7.62939453125e-05
octopus,gorilla,-9.812578201293945,-7.82012939453125e-05
octopus,monkey,-10.187559127807617,-5.91278076171875e-05
octopus,hedgehog,-9.937572479248047,-7.2479248046875e-05
octopus,rabbit,-10.000064849853516,-6.4849853515625e-05
octopus,seal,-10.000064849853516,-6.4849853515625e-05
octopus,walrus,-9.812580108642578,-8.0108642578125e-05
octopus,dolphin,-10.125059127807617,-5.91278076171875e-05
octopus,whale,-10.125059127807617,-5.91278076171875e-05
octopus,elephant,-9.750082015991211,-8.20159912109375e-05
octopus,kangaroo,-10.000066757202148,-6.67572021484375e-05
octopus,platypus,-9.87507438659668,-7.43865966796875e-05
octopus,crocodile,-10.12506103515625,-6.103515625e-05
octopus,alligator,-10.125062942504883,-6.29425048828125e-05
octopus,lizard,-10.500043869018555,-4.38690185546875e-05
octopus,iguana,-10.187557220458984,-5.7220458984375e-05
octopus,rattlesnake,-10.125062942504883,-6.29425048828125e-05
octopus,tortoise,-10.000064849853516,-6.4849853515625e-05
octopus,turtle,-10.187555313110352,-5.53131103515625e-05
octopus,frog,-10.250053405761719,-5.340576171875e-05
octopus,toad,-9.875076293945312,-7.62939453125e-05
octopus,budgie,-9.687589645385742,-8.96453857421875e-05
octopus,parakeet,-10.00007438659668,-7.43865966796875e-05
octopus,buzzard,-9.93757438659668,-7.43865966796875e-05
octopus,falcon,-9.87507438659668,-7.43865966796875e-05
octopus,hawk,-9.750085830688477,-8.58306884765625e-05
octopus,eagle,-9.875076293945312,-7.62939453125e-05
octopus,owl,-9.750083923339844,-8.392333984375e-05
octopus,canary,-9.625089645385742,-8.96453857421875e-05
octopus,magpie,-9.750083923339844,-8.392333984375e-05
octopus,raven,-9.68758773803711,-8.7738037109375e-05
octopus,nightingale,-9.500099182128906,-9.918212890625e-05
octopus,robin,-9.625089645385742,-8.96453857421875e-05
octopus,starling,-9.562599182128906,-9.918212890625e-05
octopus,sparrow,-9.937568664550781,-6.866455078125e-05
octopus,wren,-9.625089645385742,-8.96453857421875e-05
octopus,chicken,-10.06256103515625,-6.103515625e-05
octopus,cockerel,-9.562597274780273,-9.72747802734375e-05
octopus,turkey,-9.625089645385742,-8.96453857421875e-05
octopus,dove,-9.812578201293945,-7.82012939453125e-05
octopus,pigeon,-9.875072479248047,-7.2479248046875e-05
octopus,partridge,-9.562597274780273,-9.72747802734375e-05
octopus,peacock,-9.562599182128906,-9.918212890625e-05
octopus,crane,-9.437606811523438,-0.0001068115234375
octopus,flamingo,-9.750080108642578,-8.0108642578125e-05
octopus,heron,-9.875078201293945,-7.82012939453125e-05
octopus,duck,-9.937570571899414,-7.05718994140625e-05
octopus,goose,-9.812576293945312,-7.62939453125e-05
octopus,pelican,-9.812580108642578,-8.0108642578125e-05
octopus,penguin,-9.937568664550781,-6.866455078125e-05
octopus,seagull,-10.12506103515625,-6.103515625e-05
octopus,swan,-9.875072479248047,-7.2479248046875e-05
octopus,hummingbird,-9.812578201293945,-7.82012939453125e-05
octopus,kingfisher,-9.62509536743164,-9.5367431640625e-05
octopus,woodpecker,-9.68758773803711,-8.7738037109375e-05
octopus,emu,-9.750085830688477,-8.58306884765625e-05
octopus,ostrich,-9.87507438659668,-7.43865966796875e-05
octopus,carp,-9.875072479248047,-7.2479248046875e-05
octopus,goldfish,-10.000064849853516,-6.4849853515625e-05
octopus,minnow,-10.000068664550781,-6.866455078125e-05
octopus,cod,-9.875068664550781,-6.866455078125e-05
octopus,herring,-9.875072479248047,-7.2479248046875e-05
octopus,sardine,-10.125057220458984,-5.7220458984375e-05
octopus,salmon,-10.125055313110352,-5.53131103515625e-05
octopus,trout,-9.875070571899414,-7.05718994140625e-05
octopus,eel,-10.375045776367188,-4.57763671875e-05
octopus,flounder,-9.875068664550781,-6.866455078125e-05
octopus,mackerel,-9.687583923339844,-8.392333984375e-05
octopus,tuna,-9.937566757202148,-6.67572021484375e-05
octopus,seahorse,-10.000066757202148,-6.67572021484375e-05
octopus,shark,-10.37504768371582,-4.76837158203125e-05
octopus,bee,-10.187559127807617,-5.91278076171875e-05
octopus,hornet,-9.875080108642578,-8.0108642578125e-05
octopus,wasp,-10.18756103515625,-6.103515625e-05
octopus,ant,-10.12506103515625,-6.103515625e-05
octopus,beetle,-10.43754768371582,-4.76837158203125e-05
octopus,ladybird,-9.62508773803711,-8.7738037109375e-05
octopus,butterfly,-10.062566757202148,-6.67572021484375e-05
octopus,moth,-10.062562942504883,-6.29425048828125e-05
octopus,cockroach,-9.812576293945312,-7.62939453125e-05
octopus,cricket,-10.062562942504883,-6.29425048828125e-05
octopus,grasshopper,-10.250053405761719,-5.340576171875e-05
octopus,locust,-10.062566757202148,-6.67572021484375e-05
octopus,dragonfly,-10.187559127807617,-5.91278076171875e-05
octopus,flea,-10.312551498413086,-5.14984130859375e-05
octopus,housefly,-9.937570571899414,-7.05718994140625e-05
octopus,mosquito,-10.000070571899414,-7.05718994140625e-05
octopus,stick_insect,-9.875070571899414,-7.05718994140625e-05
octopus,termite,-9.937566757202148,-6.67572021484375e-05
octopus,centipede,-10.18756103515625,-6.103515625e-05
octopus,millipede,-9.937568664550781,-6.866455078125e-05
octopus,scorpion,-9.750085830688477,-8.58306884765625e-05
octopus,spider,-9.750082015991211,-8.20159912109375e-05
octopus,tarantula,-9.812582015991211,-8.20159912109375e-05
octopus,crab,-10.312549591064453,-4.9591064453125e-05
octopus,crayfish,-9.875072479248047,-7.2479248046875e-05
octopus,lobster,-9.875066757202148,-6.67572021484375e-05
octopus,prawn,-9.75007438659668,-7.43865966796875e-05
octopus,shrimp,-9.937562942504883,-6.29425048828125e-05
octopus,slug,-2.696247100830078,-0.07124710083007812
octopus,snail,-5.753290176391602,-0.0032901763916015625
octopus,clam,-9.81257438659668,-7.43865966796875e-05
octopus,mussel,-9.875072479248047,-7.2479248046875e-05
octopus,scallop,-10.000062942504883,-6.29425048828125e-05
octopus,oyster,-9.562591552734375,-9.1552734375e-05
octopus,squid,-9.375104904174805,-0.0001049041748046875
octopus,octopus,-0.000453948974609375,-8.37545394897461
octopus,worm,-9.750076293945312,-7.62939453125e-05
octopus,jellyfish,-10.250051498413086,-5.14984130859375e-05
worm,animal,-5.53131103515625e-05,-11.250055313110352
worm,vertebrate,-10.93753433227539,-3.4332275390625e-05
worm,invertebrate,-4.76837158203125e-05,-11.37504768371582
worm,mammal,-10.875032424926758,-3.24249267578125e-05
worm,bird,-10.187559127807617,-5.91278076171875e-05
worm,reptile,-10.875036239624023,-3.62396240234375e-05
worm,amphibian,-10.687541961669922,-4.1961669921875e-05
worm,fish,-10.687536239624023,-3.62396240234375e-05
worm,arthropod,-10.875040054321289,-4.00543212890625e-05
worm,insect,-10.875036239624023,-3.62396240234375e-05
worm,bird of prey,-10.000072479248047,-7.2479248046875e-05
worm,aquatic bird,-9.875085830688477,-8.58306884765625e-05
worm,canine,-9.937568664550781,-6.866455078125e-05
worm,feline,-10.125057220458984,-5.7220458984375e-05
worm,primate,-10.312553405761719,-5.340576171875e-05
worm,aquatic mammal,-10.375059127807617,-5.91278076171875e-05
worm,rodent,-10.625041961669922,-4.1961669921875e-05
worm,bat,-10.000068664550781,-6.866455078125e-05
worm,bear,-9.875072479248047,-7.2479248046875e-05
worm,cat,-9.937566757202148,-6.67572021484375e-05
worm,cheetah,-10.000066757202148,-6.67572021484375e-05
worm,leopard,-9.625089645385742,-8.96453857421875e-05
worm,lion,-9.875072479248047,-7.2479248046875e-05
worm,panther,-9.750083923339844,-8.392333984375e-05
worm,tiger,-9.625089645385742,-8.96453857421875e-05
worm,dog,-10.06256103515625,-6.103515625e-05
worm,fox,-10.000066757202148,-6.67572021484375e-05
worm,hyena,-10.000068664550781,-6.866455078125e-05
worm,wolf,-9.937570571899414,-7.05718994140625e-05
worm,raccoon,-9.750082015991211,-8.20159912109375e-05
worm,skunk,-9.68758773803711,-8.7738037109375e-05
worm,otter,-10.000066757202148,-6.67572021484375e-05
worm,beaver,-9.875072479248047,-7.2479248046875e-05
worm,chipmunk,-10.062564849853516,-6.4849853515625e-05
worm,squirrel,-10.187557220458984,-5.7220458984375e-05
worm,gerbil,-10.062562942504883,-6.29425048828125e-05
worm,guinea_pig,-10.000066757202148,-6.67572021484375e-05
worm,hamster,-10.125057220458984,-5.7220458984375e-05
worm,mouse,-10.250051498413086,-5.14984130859375e-05
worm,porcupine,-9.62509536743164,-9.5367431640625e-05
worm,rat,-10.250051498413086,-5.14984130859375e-05
worm,buffalo,-9.625093460083008,-9.34600830078125e-05
worm,cow,-9.750080108642578,-8.0108642578125e-05
worm,ox,-9.312616348266602,-0.0001163482666015625
worm,goat,-9.687585830688477,-8.58306884765625e-05
worm,sheep,-9.625089645385742,-8.96453857421875e-05
worm,deer,-9.875072479248047,-7.2479248046875e-05
worm,moose,-9.937572479248047,-7.2479248046875e-05
worm,giraffe,-9.625089645385742,-8.96453857421875e-05
worm,camel,-9.625089645385742,-8.96453857421875e-05
worm,hippo,-9.56259536743164,-9.5367431640625e-05
worm,llama,-9.500099182128906,-9.918212890625e-05
worm,pig,-9.625091552734375,-9.1552734375e-05
worm,donkey,-9.68758773803711,-8.7738037109375e-05
worm,horse,-9.500099182128906,-9.918212890625e-05
worm,pony,-9.562593460083008,-9.34600830078125e-05
worm,zebra,-9.687585830688477,-8.58306884765625e-05
worm,rhino,-9.750080108642578,-8.0108642578125e-05
worm,gorilla,-9.625089645385742,-8.96453857421875e-05
worm,monkey,-10.062564849853516,-6.4849853515625e-05
worm,hedgehog,-9.687585830688477,-8.58306884765625e-05
worm,rabbit,-10.06256103515625,-6.103515625e-05
worm,seal,-9.562597274780273,-9.72747802734375e-05
worm,walrus,-9.625093460083008,-9.34600830078125e-05
worm,dolphin,-10.062562942504883,-6.29425048828125e-05
worm,whale,-9.875072479248047,-7.2479248046875e-05
worm,elephant,-9.687582015991211,-8.20159912109375e-05
worm,kangaroo,-10.06256103515625,-6.103515625e-05
worm,platypus,-9.937572479248047,-7.2479248046875e-05
worm,crocodile,-10.000066757202148,-6.67572021484375e-05
worm,alligator,-10.062562942504883,-6.29425048828125e-05
worm,lizard,-10.500045776367188,-4.57763671875e-05
worm,iguana,-10.000064849853516,-6.4849853515625e-05
worm,rattlesnake,-9.812578201293945,-7.82012939453125e-05
worm,tortoise,-9.625089645385742,-8.96453857421875e-05
worm,turtle,-9.937570571899414,-7.05718994140625e-05
worm,frog,-10.37504768371582,-4.76837158203125e-05
worm,toad,-10.000066757202148,-6.67572021484375e-05
worm,budgie,-9.750080108642578,-8.0108642578125e-05
worm,parakeet,-10.062570571899414,-7.05718994140625e-05
worm,buzzard,-10.125062942504883,-6.29425048828125e-05
worm,falcon,-9.937572479248047,-7.2479248046875e-05
worm,hawk,-9.812582015991211,-8.20159912109375e-05
worm,eagle,-10.000066757202148,-6.67572021484375e-05
worm,owl,-9.87507438659668,-7.43865966796875e-05
worm,canary,-9.500101089477539,-0.0001010894775390625
worm,magpie,-10.000066757202148,-6.67572021484375e-05
worm,raven,-9.68758773803711,-8.7738037109375e-05
worm,nightingale,-9.56259536743164,-9.5367431640625e-05
worm,robin,-9.625089645385742,-8.96453857421875e-05
worm,starling,-9.625091552734375,-9.1552734375e-05
worm,sparrow,-10.000066757202148,-6.67572021484375e-05
worm,wren,-9.500101089477539,-0.0001010894775390625
worm,chicken,-9.750078201293945,-7.82012939453125e-05
worm,cockerel,-9.500102996826172,-0.000102996826171875
worm,turkey,-9.500099182128906,-9.918212890625e-05
worm,dove,-9.812576293945312,-7.62939453125e-05
worm,pigeon,-9.937570571899414,-7.05718994140625e-05
worm,partridge,-9.625091552734375,-9.1552734375e-05
worm,peacock,-9.375112533569336,-0.0001125335693359375
worm,crane,-9.437606811523438,-0.0001068115234375
worm,flamingo,-9.500099182128906,-9.918212890625e-05
worm,heron,-9.75008773803711,-8.7738037109375e-05
worm,duck,-9.937570571899414,-7.05718994140625e-05
worm,goose,-9.687585830688477,-8.58306884765625e-05
worm,pelican,-9.750082015991211,-8.20159912109375e-05
worm,penguin,-9.750080108642578,-8.0108642578125e-05
worm,seagull,-9.937572479248047,-7.2479248046875e-05
worm,swan,-9.687585830688477,-8.58306884765625e-05
worm,hummingbird,-9.750082015991211,-8.20159912109375e-05
worm,kingfisher,-9.875078201293945,-7.82012939453125e-05
worm,woodpecker,-9.75008773803711,-8.7738037109375e-05
worm,emu,-9.625091552734375,-9.1552734375e-05
worm,ostrich,-9.750078201293945,-7.82012939453125e-05
worm,carp,-9.562593460083008,-9.34600830078125e-05
worm,goldfish,-9.875072479248047,-7.2479248046875e-05
worm,minnow,-10.000068664550781,-6.866455078125e-05
worm,cod,-8.87516975402832,-0.0001697540283203125
worm,herring,-9.375110626220703,-0.000110626220703125
worm,sardine,-9.625089645385742,-8.96453857421875e-05
worm,salmon,-9.437602996826172,-0.000102996826171875
worm,trout,-9.500097274780273,-9.72747802734375e-05
worm,eel,-9.562593460083008,-9.34600830078125e-05
worm,flounder,-9.562593460083008,-9.34600830078125e-05
worm,mackerel,-9.625089645385742,-8.96453857421875e-05
worm,tuna,-9.62508773803711,-8.7738037109375e-05
worm,seahorse,-9.937572479248047,-7.2479248046875e-05
worm,shark,-10.125059127807617,-5.91278076171875e-05
worm,bee,-10.250053405761719,-5.340576171875e-05
worm,hornet,-10.062564849853516,-6.4849853515625e-05
worm,wasp,-10.187562942504883,-6.29425048828125e-05
worm,ant,-10.37504768371582,-4.76837158203125e-05
worm,beetle,-10.812536239624023,-3.62396240234375e-05
worm,ladybird,-10.000066757202148,-6.67572021484375e-05
worm,butterfly,-10.000066757202148,-6.67572021484375e-05
worm,moth,-9.000158309936523,-0.0001583099365234375
worm,cockroach,-10.312551498413086,-5.14984130859375e-05
worm,cricket,-10.312549591064453,-4.9591064453125e-05
worm,grasshopper,-10.437545776367188,-4.57763671875e-05
worm,locust,-10.062562942504883,-6.29425048828125e-05
worm,dragonfly,-10.187559127807617,-5.91278076171875e-05
worm,flea,-10.625040054321289,-4.00543212890625e-05
worm,housefly,-10.250055313110352,-5.53131103515625e-05
worm,mosquito,-10.250055313110352,-5.53131103515625e-05
worm,stick_insect,-10.06256103515625,-6.103515625e-05
worm,termite,-9.875070571899414,-7.05718994140625e-05
worm,centipede,-10.437549591064453,-4.9591064453125e-05
worm,millipede,-9.437606811523438,-0.0001068115234375
worm,scorpion,-10.312549591064453,-4.9591064453125e-05
worm,spider,-10.625041961669922,-4.1961669921875e-05
worm,tarantula,-9.750082015991211,-8.20159912109375e-05
worm,crab,-10.375049591064453,-4.9591064453125e-05
worm,crayfish,-10.187559127807617,-5.91278076171875e-05
worm,lobster,-9.312612533569336,-0.0001125335693359375
worm,prawn,-9.62508773803711,-8.7738037109375e-05
worm,shrimp,-10.125059127807617,-5.91278076171875e-05
worm,slug,-8.31280517578125,-0.00030517578125
worm,snail,-9.750083923339844,-8.392333984375e-05
worm,clam,-9.750080108642578,-8.0108642578125e-05
worm,mussel,-10.000066757202148,-6.67572021484375e-05
worm,scallop,-9.625091552734375,-9.1552734375e-05
worm,oyster,-9.500097274780273,-9.72747802734375e-05
worm,squid,-10.125057220458984,-5.7220458984375e-05
worm,octopus,-10.062562942504883,-6.29425048828125e-05
worm,worm,-0.00086212158203125,-7.688362121582031
worm,jellyfish,-10.250057220458984,-5.7220458984375e-05
jellyfish,animal,-3.814697265625e-05,-11.750038146972656
jellyfish,vertebrate,-11.000028610229492,-2.86102294921875e-05
jellyfish,invertebrate,-4.76837158203125e-05,-11.18754768371582
jellyfish,mammal,-10.750036239624023,-3.62396240234375e-05
jellyfish,bird,-10.437545776367188,-4.57763671875e-05
jellyfish,reptile,-10.750040054321289,-4.00543212890625e-05
jellyfish,amphibian,-10.875040054321289,-4.00543212890625e-05
jellyfish,fish,-11.000028610229492,-2.86102294921875e-05
jellyfish,arthropod,-10.687545776367188,-4.57763671875e-05
jellyfish,insect,-10.937536239624023,-3.62396240234375e-05
jellyfish,bird of prey,-10.125064849853516,-6.4849853515625e-05
jellyfish,aquatic bird,-10.25006103515625,-6.103515625e-05
jellyfish,canine,-10.125062942504883,-6.29425048828125e-05
jellyfish,feline,-10.187555313110352,-5.53131103515625e-05
jellyfish,primate,-10.250057220458984,-5.7220458984375e-05
jellyfish,aquatic mammal,-10.687540054321289,-4.00543212890625e-05
jellyfish,rodent,-10.312553405761719,-5.340576171875e-05
jellyfish,bat,-10.125064849853516,-6.4849853515625e-05
jellyfish,bear,-10.125059127807617,-5.91278076171875e-05
jellyfish,cat,-9.937572479248047,-7.2479248046875e-05
jellyfish,cheetah,-10.312553405761719,-5.340576171875e-05
jellyfish,leopard,-9.625093460083008,-9.34600830078125e-05
jellyfish,lion,-9.625089645385742,-8.96453857421875e-05
jellyfish,panther,-10.062566757202148,-6.67572021484375e-05
jellyfish,tiger,-9.750082015991211,-8.20159912109375e-05
jellyfish,dog,-10.187559127807617,-5.91278076171875e-05
jellyfish,fox,-10.250055313110352,-5.53131103515625e-05
jellyfish,hyena,-10.18756103515625,-6.103515625e-05
jellyfish,wolf,-10.000068664550781,-6.866455078125e-05
jellyfish,raccoon,-10.000070571899414,-7.05718994140625e-05
jellyfish,skunk,-9.875076293945312,-7.62939453125e-05
jellyfish,otter,-10.062564849853516,-6.4849853515625e-05
jellyfish,beaver,-10.250057220458984,-5.7220458984375e-05
jellyfish,chipmunk,-10.125066757202148,-6.67572021484375e-05
jellyfish,squirrel,-10.187559127807617,-5.91278076171875e-05
jellyfish,gerbil,-10.062568664550781,-6.866455078125e-05
jellyfish,guinea_pig,-10.187562942504883,-6.29425048828125e-05
jellyfish,hamster,-10.250055313110352,-5.53131103515625e-05
jellyfish,mouse,-10.125059127807617,-5.91278076171875e-05
jellyfish,porcupine,-10.062568664550781,-6.866455078125e-05
jellyfish,rat,-10.12506103515625,-6.103515625e-05
jellyfish,buffalo,-9.937576293945312,-7.62939453125e-05
jellyfish,cow,-9.875072479248047,-7.2479248046875e-05
jellyfish,ox,-9.68758773803711,-8.7738037109375e-05
jellyfish,goat,-10.000072479248047,-7.2479248046875e-05
jellyfish,sheep,-10.062564849853516,-6.4849853515625e-05
jellyfish,deer,-10.125064849853516,-6.4849853515625e-05
jellyfish,moose,-10.000070571899414,-7.05718994140625e-05
jellyfish,giraffe,-9.93757438659668,-7.43865966796875e-05
jellyfish,camel,-9.812578201293945,-7.82012939453125e-05
jellyfish,hippo,-9.875076293945312,-7.62939453125e-05
jellyfish,llama,-9.875076293945312,-7.62939453125e-05
jellyfish,pig,-10.000068664550781,-6.866455078125e-05
jellyfish,donkey,-9.937576293945312,-7.62939453125e-05
jellyfish,horse,-9.875076293945312,-7.62939453125e-05
jellyfish,pony,-10.000070571899414,-7.05718994140625e-05
jellyfish,zebra,-9.812582015991211,-8.20159912109375e-05
jellyfish,rhino,-10.062568664550781,-6.866455078125e-05
jellyfish,gorilla,-9.937572479248047,-7.2479248046875e-05
jellyfish,monkey,-10.125062942504883,-6.29425048828125e-05
jellyfish,hedgehog,-10.125062942504883,-6.29425048828125e-05
jellyfish,rabbit,-10.250053405761719,-5.340576171875e-05
jellyfish,seal,-10.187557220458984,-5.7220458984375e-05
jellyfish,walrus,-10.062566757202148,-6.67572021484375e-05
jellyfish,dolphin,-10.250055313110352,-5.53131103515625e-05
jellyfish,whale,-10.250055313110352,-5.53131103515625e-05
jellyfish,elephant,-10.000066757202148,-6.67572021484375e-05
jellyfish,kangaroo,-10.12506103515625,-6.103515625e-05
jellyfish,platypus,-10.125066757202148,-6.67572021484375e-05
jellyfish,crocodile,-10.250055313110352,-5.53131103515625e-05
jellyfish,alligator,-10.18756103515625,-6.103515625e-05
jellyfish,lizard,-10.50004768371582,-4.76837158203125e-05
jellyfish,iguana,-10.12506103515625,-6.103515625e-05
jellyfish,rattlesnake,-10.18756103515625,-6.103515625e-05
jellyfish,tortoise,-10.187557220458984,-5.7220458984375e-05
jellyfish,turtle,-10.375049591064453,-4.9591064453125e-05
jellyfish,frog,-10.500045776367188,-4.57763671875e-05
jellyfish,toad,-10.000070571899414,-7.05718994140625e-05
jellyfish,budgie,-9.875076293945312,-7.62939453125e-05
jellyfish,parakeet,-10.125072479248047,-7.2479248046875e-05
jellyfish,buzzard,-10.187562942504883,-6.29425048828125e-05
jellyfish,falcon,-10.062564849853516,-6.4849853515625e-05
jellyfish,hawk,-9.93757438659668,-7.43865966796875e-05
jellyfish,eagle,-10.000070571899414,-7.05718994140625e-05
jellyfish,owl,-9.937570571899414,-7.05718994140625e-05
jellyfish,canary,-9.750082015991211,-8.20159912109375e-05
jellyfish,magpie,-9.93757438659668,-7.43865966796875e-05
jellyfish,raven,-9.750085830688477,-8.58306884765625e-05
jellyfish,nightingale,-9.750083923339844,-8.392333984375e-05
jellyfish,robin,-9.937570571899414,-7.05718994140625e-05
jellyfish,starling,-9.937576293945312,-7.62939453125e-05
jellyfish,sparrow,-10.062564849853516,-6.4849853515625e-05
jellyfish,wren,-10.000066757202148,-6.67572021484375e-05
jellyfish,chicken,-10.187559127807617,-5.91278076171875e-05
jellyfish,cockerel,-9.875078201293945,-7.82012939453125e-05
jellyfish,turkey,-9.750083923339844,-8.392333984375e-05
jellyfish,dove,-10.000066757202148,-6.67572021484375e-05
jellyfish,pigeon,-10.187557220458984,-5.7220458984375e-05
jellyfish,partridge,-9.875080108642578,-8.0108642578125e-05
jellyfish,peacock,-9.62509536743164,-9.5367431640625e-05
jellyfish,crane,-9.625093460083008,-9.34600830078125e-05
jellyfish,flamingo,-9.937568664550781,-6.866455078125e-05
jellyfish,heron,-10.00007438659668,-7.43865966796875e-05
jellyfish,duck,-10.187557220458984,-5.7220458984375e-05
jellyfish,goose,-10.062562942504883,-6.29425048828125e-05
jellyfish,pelican,-10.000068664550781,-6.866455078125e-05
jellyfish,penguin,-10.12506103515625,-6.103515625e-05
jellyfish,seagull,-10.187559127807617,-5.91278076171875e-05
jellyfish,swan,-10.12506103515625,-6.103515625e-05
jellyfish,hummingbird,-10.187559127807617,-5.91278076171875e-05
jellyfish,kingfisher,-9.937578201293945,-7.82012939453125e-05
jellyfish,woodpecker,-10.062564849853516,-6.4849853515625e-05
jellyfish,emu,-9.93757438659668,-7.43865966796875e-05
jellyfish,ostrich,-10.062564849853516,-6.4849853515625e-05
jellyfish,carp,-10.187557220458984,-5.7220458984375e-05
jellyfish,goldfish,-10.125059127807617,-5.91278076171875e-05
jellyfish,minnow,-10.312555313110352,-5.53131103515625e-05
jellyfish,cod,-9.937566757202148,-6.67572021484375e-05
jellyfish,herring,-10.062564849853516,-6.4849853515625e-05
jellyfish,sardine,-10.375049591064453,-4.9591064453125e-05
jellyfish,salmon,-10.125059127807617,-5.91278076171875e-05
jellyfish,trout,-10.250053405761719,-5.340576171875e-05
jellyfish,eel,-10.500043869018555,-4.38690185546875e-05
jellyfish,flounder,-10.312549591064453,-4.9591064453125e-05
jellyfish,mackerel,-10.062562942504883,-6.29425048828125e-05
jellyfish,tuna,-10.125059127807617,-5.91278076171875e-05
jellyfish,seahorse,-10.18756103515625,-6.103515625e-05
jellyfish,shark,-10.375049591064453,-4.9591064453125e-05
jellyfish,bee,-10.375051498413086,-5.14984130859375e-05
jellyfish,hornet,-10.250057220458984,-5.7220458984375e-05
jellyfish,wasp,-10.250059127807617,-5.91278076171875e-05
jellyfish,ant,-10.250057220458984,-5.7220458984375e-05
jellyfish,beetle,-10.687541961669922,-4.1961669921875e-05
jellyfish,ladybird,-10.062564849853516,-6.4849853515625e-05
jellyfish,butterfly,-10.375051498413086,-5.14984130859375e-05
jellyfish,moth,-10.250057220458984,-5.7220458984375e-05
jellyfish,cockroach,-10.312553405761719,-5.340576171875e-05
jellyfish,cricket,-10.312553405761719,-5.340576171875e-05
jellyfish,grasshopper,-10.43754768371582,-4.76837158203125e-05
jellyfish,locust,-10.18756103515625,-6.103515625e-05
jellyfish,dragonfly,-10.375051498413086,-5.14984130859375e-05
jellyfish,flea,-10.500045776367188,-4.57763671875e-05
jellyfish,housefly,-10.250059127807617,-5.91278076171875e-05
jellyfish,mosquito,-10.250059127807617,-5.91278076171875e-05
jellyfish,stick_insect,-10.250055313110352,-5.53131103515625e-05
jellyfish,termite,-10.062564849853516,-6.4849853515625e-05
jellyfish,centipede,-10.437555313110352,-5.53131103515625e-05
jellyfish,millipede,-10.187564849853516,-6.4849853515625e-05
jellyfish,scorpion,-9.687585830688477,-8.58306884765625e-05
jellyfish,spider,-10.250057220458984,-5.7220458984375e-05
jellyfish,tarantula,-10.062568664550781,-6.866455078125e-05
jellyfish,crab,-10.625041961669922,-4.1961669921875e-05
jellyfish,crayfish,-10.250057220458984,-5.7220458984375e-05
jellyfish,lobster,-10.06256103515625,-6.103515625e-05
jellyfish,prawn,-10.125059127807617,-5.91278076171875e-05
jellyfish,shrimp,-10.250055313110352,-5.53131103515625e-05
jellyfish,slug,-9.375114440917969,-0.00011444091796875
jellyfish,snail,-10.375049591064453,-4.9591064453125e-05
jellyfish,clam,-10.250053405761719,-5.340576171875e-05
jellyfish,mussel,-10.312553405761719,-5.340576171875e-05
jellyfish,scallop,-10.250053405761719,-5.340576171875e-05
jellyfish,oyster,-10.125059127807617,-5.91278076171875e-05
jellyfish,squid,-10.562540054321289,-4.00543212890625e-05
jellyfish,octopus,-10.187559127807617,-5.91278076171875e-05
jellyfish,worm,-10.250053405761719,-5.340576171875e-05
jellyfish,jellyfish,-0.0005130767822265625,-8.188013076782227
